0 0.017578 0.692383 0.036133 0.108398
0 0.06543 0.845703 0.131836 0.095703
0 0.010742 0.226562 0.021484 0.079102
0 0.03418 0.352539 0.061523 0.037109
0 0.120117 0.365234 0.080078 0.079102
0 0.052734 0.3125 0.046875 0.047852
0 0.206055 0.334961 0.068359 0.052734
0 0.205078 0.147461 0.067383 0.049805
0 0.21875 0.078125 0.041016 0.083008
0 0.045898 0.166992 0.086914 0.056641
0 0.259766 0.011719 0.058594 0.024414
0 0.357422 0.027344 0.073242 0.055664
0 0.810547 0.046875 0.067383 0.09375
0 0.671875 0.067383 0.057617 0.087891
0 0.595703 0.118164 0.136719 0.078125
0 0.270508 0.172852 0.086914 0.049805
0 0.44043 0.179688 0.056641 0.048828
0 0.550781 0.180664 0.200195 0.0625
0 0.509766 0.230469 0.105469 0.051758
0 0.473633 0.272461 0.132812 0.085938
0 0.307617 0.275391 0.054688 0.049805
0 0.333008 0.351562 0.114258 0.074219
0 0.46875 0.370117 0.169922 0.097656
0 0.614258 0.365234 0.045898 0.055664
0 0.630859 0.306641 0.068359 0.054688
0 0.727539 0.331055 0.052734 0.067383
0 0.742188 0.213867 0.099609 0.078125
0 0.852539 0.217773 0.117188 0.063477
0 0.873047 0.143555 0.063477 0.050781
0 0.894531 0.441406 0.078125 0.101562
0 0.954102 0.438477 0.050781 0.053711
0 0.77832 0.430664 0.067383 0.052734
0 0.655273 0.472656 0.075195 0.043945
0 0.478516 0.450195 0.101562 0.049805
0 0.378906 0.461914 0.063477 0.048828
0 0.318359 0.446289 0.067383 0.077148
0 0.28125 0.545898 0.073242 0.060547
0 0.436523 0.512695 0.050781 0.047852
0 0.712891 0.507812 0.075195 0.064453
0 0.794922 0.511719 0.087891 0.098633
0 0.71582 0.697266 0.081055 0.056641
0 0.631836 0.738281 0.070312 0.089844
0 0.441406 0.654297 0.068359 0.069336
0 0.739258 0.777344 0.100586 0.055664
0 0.862305 0.764648 0.124023 0.054688
0 0.917969 0.738281 0.081055 0.050781
0 0.910156 0.905273 0.150391 0.150391
0 0.803711 0.958008 0.061523 0.083008
0 0.675781 0.898438 0.170898 0.087891
0 0.383789 0.84375 0.056641 0.0625
0 0.307617 0.944336 0.135742 0.075195
0 0.430664 0.957031 0.080078 0.084961
0 0.490234 0.907227 0.061523 0.058594
0 0.763672 0.536133 0.158203 0.084961
0 0.581055 0.430664 0.084961 0.072266
