0 0.803711 0.896484 0.113281 0.077148
0 0.15625 0.573242 0.149414 0.09375
0 0.881836 0.799805 0.09375 0.074219
0 0.84375 0.955078 0.129883 0.085938
0 0.392578 0.490234 0.141602 0.209961
0 0.035156 0.051758 0.070312 0.103516
0 0.761719 0.105469 0.134766 0.094727
0 0.260742 0.436523 0.214844 0.105469
0 0.97168 0.599609 0.055664 0.135742
0 0.405273 0.613281 0.214844 0.100586
0 0.643555 0.55957 0.189453 0.107422
0 0.779297 0.629883 0.120117 0.176758
0 0.296875 0.204102 0.179688 0.113281
0 0.672852 0.296875 0.163086 0.146484
0 0.355469 0.919922 0.082031 0.160156
0 0.954102 0.155273 0.086914 0.226562
0 0.31543 0.330078 0.255859 0.095703
0 0.040039 0.670898 0.078125 0.085938
0 0.15625 0.493164 0.123047 0.054688
0 0.040039 0.442383 0.078125 0.105469
