0 0.474609 0.982422 0.095703 0.035156
0 0.355469 0.586914 0.107422 0.145508
0 0.445312 0.623047 0.083008 0.084961
0 0.287109 0.962891 0.109375 0.073242
0 0.494141 0.109375 0.125 0.109375
0 0.730469 0.960938 0.107422 0.077148
0 0.448242 0.238281 0.091797 0.126953
0 0.458984 0.363281 0.100586 0.142578
0 0.335938 0.411133 0.113281 0.138672
0 0.681641 0.22168 0.134766 0.135742
0 0.686523 0.544922 0.114258 0.192383
0 0.908203 0.808594 0.177734 0.117188
0 0.317383 0.212891 0.102539 0.126953
0 0.787109 0.128906 0.119141 0.121094
0 0.557617 0.358398 0.102539 0.15918
0 0.828125 0.185547 0.092773 0.100586
0 0.44043 0.760742 0.091797 0.088867
0 0.225586 0.077148 0.094727 0.109375
0 0.635742 0.758789 0.138672 0.094727
0 0.644531 0.660156 0.150391 0.102539
0 0.43457 0.046875 0.185547 0.089844
0 0.970703 0.245117 0.057617 0.102539
0 0.552734 0.649414 0.09668 0.129883
0 0.852539 0.959961 0.117188 0.079102
0 0.563477 0.460938 0.079102 0.084961
