0 0.251953 0.600586 0.142578 0.110352
0 0.737305 0.825195 0.125 0.070312
0 0.230469 0.333008 0.12793 0.115234
0 0.044922 0.476562 0.089844 0.097656
0 0.147461 0.757812 0.112305 0.102539
0 0.733398 0.573242 0.203125 0.135742
0 0.831055 0.019531 0.129883 0.039062
0 0.087891 0.59082 0.092773 0.107422
0 0.939453 0.905273 0.115234 0.118164
0 0.953125 0.495117 0.092773 0.092773
0 0.939453 0.149414 0.120117 0.174805
0 0.535156 0.107422 0.150391 0.100586
0 0.453125 0.05957 0.160156 0.101562
0 0.953125 0.676758 0.092773 0.107422
0 0.961914 0.388672 0.076172 0.092773
0 0.745117 0.570312 0.212891 0.115234
