0 0.358398 0.116211 0.087891 0.142578
0 0.545898 0.253906 0.087891 0.084961
0 0.631836 0.073242 0.120117 0.113281
0 0.353516 0.919922 0.079102 0.071289
0 0.498047 0.470703 0.142578 0.132812
0 0.055664 0.374023 0.112305 0.075195
0 0.973633 0.255859 0.052734 0.091797
0 0.613281 0.568359 0.142578 0.113281
0 0.308594 0.331055 0.097656 0.132812
0 0.369141 0.551758 0.094727 0.120117
0 0.476562 0.889648 0.079102 0.105469
0 0.614258 0.761719 0.134766 0.145508
0 0.540039 0.072266 0.077148 0.115234
0 0.25 0.570312 0.095703 0.084961
0 0.783203 0.474609 0.082031 0.078125
0 0.865234 0.728516 0.102539 0.107422
0 0.479492 0.103516 0.074219 0.132812
0 0.916992 0.52832 0.080078 0.068359
0 0.438477 0.024414 0.077148 0.048828
0 0.212891 0.026367 0.057617 0.053711
0 0.75 0.025391 0.09375 0.050781
