0 0.691406 0.222656 0.09082 0.104492
0 0.579102 0.349609 0.073242 0.064453
0 0.470703 0.637695 0.091797 0.117188
0 0.393555 0.426758 0.129883 0.086914
0 0.303711 0.269531 0.155273 0.114258
0 0.12793 0.157227 0.088867 0.126953
0 0.03418 0.298828 0.067383 0.064453
0 0.885742 0.322266 0.080078 0.083008
0 0.876953 0.87207 0.120117 0.130859
0 0.353516 0.890625 0.145508 0.102539
0 0.237305 0.155273 0.040039 0.047852
0 0.273438 0.456055 0.115234 0.086914
0 0.783203 0.291992 0.079102 0.076172
0 0.297852 0.579102 0.088867 0.066406
0 0.383789 0.580078 0.071289 0.057617
0 0.115234 0.563477 0.09668 0.051758
0 0.15625 0.713867 0.232422 0.131836
0 0.214844 0.74707 0.108398 0.060547
0 0.527344 0.743164 0.078125 0.116211
0 0.712891 0.616211 0.077148 0.040039
0 0.726562 0.675781 0.054688 0.053711
0 0.832031 0.647461 0.067383 0.104492
0 0.818359 0.493164 0.123047 0.078125
0 0.849609 0.392578 0.079102 0.052734
0 0.953125 0.428711 0.056641 0.036133
0 0.842773 0.980469 0.166992 0.039062
0 0.228516 0.935547 0.073242 0.082031
0 0.023438 0.884766 0.046875 0.070312
