0 0.053711 0.516602 0.107422 0.084961
0 0.02832 0.385742 0.056641 0.078125
0 0.874023 0.538086 0.155273 0.107422
0 0.708984 0.292969 0.092773 0.083008
0 0.347656 0.726562 0.12207 0.09082
0 0.626953 0.775391 0.080078 0.077148
0 0.412109 0.06543 0.134766 0.129883
0 0.428711 0.908203 0.120117 0.102539
0 0.398438 0.230469 0.087891 0.057617
0 0.476562 0.229492 0.084961 0.074219
0 0.479492 0.229492 0.084961 0.080078
0 0.238281 0.457031 0.115234 0.084961
0 0.521484 0.326172 0.100586 0.084961
0 0.353516 0.211914 0.074219 0.056641
0 0.189453 0.329102 0.074219 0.069336
0 0.50293 0.706055 0.137695 0.117188
0 0.948242 0.609375 0.102539 0.084961
0 0.319336 0.175781 0.053711 0.051758
0 0.327148 0.49707 0.063477 0.080078
