0 0.362305 0.074219 0.080078 0.080078
0 0.280273 0.47168 0.086914 0.084961
0 0.680664 0.154297 0.091797 0.06543
0 0.675781 0.037109 0.087891 0.074219
0 0.511719 0.294922 0.075195 0.067383
0 0.78418 0.392578 0.094727 0.077148
0 0.514648 0.706055 0.099609 0.072266
0 0.665039 0.754883 0.137695 0.080078
0 0.313477 0.018555 0.123047 0.037109
0 0.188477 0.3125 0.087891 0.067383
0 0.061523 0.411133 0.120117 0.084961
0 0.463867 0.414062 0.104492 0.084961
0 0.279297 0.225586 0.110352 0.092773
0 0.517578 0.144531 0.083008 0.070312
0 0.686523 0.564453 0.110352 0.070312
0 0.120117 0.171875 0.092773 0.089844
0 0.722656 0.510742 0.12207 0.052734
0 0.083008 0.036133 0.06543 0.061523
0 0.865234 0.453125 0.073242 0.072266
0 0.15332 0.773438 0.0625 0.078125
0 0.469727 0.202148 0.125 0.070312
0 0.62793 0.532227 0.092773 0.070312
0 0.489258 0.480469 0.089844 0.0625
0 0.0625 0.493164 0.057617 0.057617
0 0.258789 0.140625 0.120117 0.067383
0 0.141602 0.378906 0.092773 0.067383
0 0.271484 0.733398 0.110352 0.097656
0 0.107422 0.000977 0.057617 0.001953
0 0.139648 0.289062 0.080078 0.045898
0 0.478516 0.632812 0.097656 0.086914
0 0.69043 0.459961 0.083008 0.067383
0 0.770508 0.240234 0.087891 0.086914
