0 0.807617 0.123047 0.101562 0.03418
0 0.329102 0.103516 0.126953 0.064453
0 0.429688 0.46875 0.169922 0.110352
0 0.294922 0.639648 0.063477 0.055664
0 0.37207 0.171875 0.125 0.103516
0 0.408203 0.696289 0.06543 0.061523
0 0.042969 0.980469 0.086914 0.039062
0 0.120117 0.032227 0.149414 0.064453
0 0.567383 0.069336 0.104492 0.107422
0 0.933594 0.859375 0.079102 0.095703
0 0.043945 0.177734 0.088867 0.078125
0 0.074219 0.717773 0.105469 0.12207
0 0.489258 0.619141 0.109375 0.072266
0 0.887695 0.806641 0.060547 0.082031
0 0.732422 0.439453 0.144531 0.060547
0 0.542969 0.117188 0.146484 0.083984
0 0.806641 0.597656 0.076172 0.079102
0 0.677734 0.026367 0.088867 0.052734
0 0.459961 0.922852 0.057617 0.067383
0 0.979492 0.485352 0.040039 0.124023
0 0.521484 0.194336 0.134766 0.057617
0 0.413086 0.100586 0.06543 0.109375
0 0.131836 0.291992 0.169922 0.046875
0 0.263672 0.852539 0.092773 0.070312
0 0.082031 0.868164 0.126953 0.089844
0 0.897461 0.02832 0.098633 0.056641
0 0.030273 0.773438 0.061523 0.052734
0 0.05957 0.817383 0.110352 0.074219
0 0.299805 0.977539 0.092773 0.043945
0 0.504883 0.90918 0.098633 0.108398
0 0.525391 0.861328 0.075195 0.060547
0 0.027344 0.232422 0.054688 0.088867
0 0.027344 0.326172 0.054688 0.051758
0 0.852539 0.74707 0.103516 0.085938
0 0.797852 0.780273 0.108398 0.09082
0 0.772461 0.817383 0.064453 0.082031
0 0.725586 0.734375 0.126953 0.06543
0 0.670898 0.791016 0.149414 0.060547
0 0.700195 0.776367 0.087891 0.043945
0 0.823242 0.023438 0.107422 0.046875
0 0.801758 0.058594 0.120117 0.047852
0 0.708984 0.197266 0.089844 0.05957
0 0.84668 0.484375 0.111328 0.041992
0 0.822266 0.454102 0.120117 0.044922
0 0.758789 0.556641 0.21875 0.135742
0 0.737305 0.609375 0.134766 0.144531
0 0.663086 0.837891 0.070312 0.063477
0 0.133789 0.802734 0.056641 0.045898
