0 0.980469 0.701172 0.038086 0.088867
0 0.124023 0.717773 0.069336 0.09668
0 0.764648 0.62793 0.109375 0.058594
0 0.081055 0.28125 0.079102 0.070312
0 0.376953 0.402344 0.088867 0.082031
0 0.920898 0.890625 0.078125 0.109375
0 0.6875 0.540039 0.061523 0.080078
0 0.441406 0.044922 0.084961 0.081055
0 0.574219 0.953125 0.074219 0.071289
0 0.498047 0.114258 0.098633 0.073242
0 0.220703 0.625977 0.080078 0.053711
0 0.483398 0.162109 0.079102 0.09375
0 0.402344 0.209961 0.110352 0.079102
0 0.12207 0.071289 0.114258 0.068359
0 0.65332 0.12207 0.09375 0.094727
0 0.150391 0.041992 0.041992 0.083984
0 0.87207 0.597656 0.081055 0.073242
0 0.756836 0.196289 0.081055 0.09668
0 0.376953 0.641602 0.107422 0.0625
0 0.839844 0.097656 0.080078 0.05957
0 0.050781 0.526367 0.099609 0.09668
0 0.322266 0.671875 0.073242 0.124023
0 0.956055 0.366211 0.086914 0.051758
0 0.626953 0.331055 0.069336 0.05957
0 0.925781 0.049805 0.045898 0.100586
0 0.240234 0.171875 0.132812 0.068359
0 0.320312 0.830078 0.092773 0.044922
0 0.072266 0.97168 0.140625 0.053711
0 0.798828 0.905273 0.054688 0.12207
0 0.508789 0.233398 0.138672 0.142578
0 0.553711 0.036133 0.118164 0.070312
0 0.313477 0.583008 0.085938 0.054688
0 0.972656 0.586914 0.054688 0.128906
0 0.293945 0.044922 0.072266 0.049805
0 0.202148 0.024414 0.072266 0.049805
0 0.5 0.970703 0.09375 0.057617
0 0.495117 0.369141 0.09375 0.074219
0 0.436523 0.365234 0.088867 0.051758
0 0.243164 0.342773 0.041016 0.083984
0 0.631836 0.813477 0.083984 0.03125
0 0.320312 0.225586 0.091797 0.040039
0 0.029297 0.578125 0.057617 0.049805
0 0.795898 0.193359 0.086914 0.068359
0 0.943359 0.953125 0.112305 0.060547
0 0.53125 0.765625 0.09668 0.03125
0 0.334961 0.727539 0.087891 0.032227
0 0.526367 0.357422 0.071289 0.043945
0 0.310547 0.167969 0.069336 0.070312
0 0.391602 0.453125 0.050781 0.044922
0 0.207031 0.761719 0.054688 0.032227
0 0.157227 0.938477 0.128906 0.041016
0 0.709961 0.90918 0.125977 0.085938
0 0.195312 0.484375 0.135742 0.125
0 0.577148 0.206055 0.140625 0.121094
0 0.425781 0.993164 0.0625 0.013672
0 0.978516 0.334961 0.041992 0.026367
0 0.055664 0.318359 0.104492 0.042969
0 0.682422 0.680664 0.101758 0.081836
0 0.746094 0.818359 0.05957 0.029297
0 0.65625 0.78418 0.027344 0.064453
0 0.841797 0.515625 0.079102 0.064453
0 0.512695 0.873047 0.117188 0.036133
0 0.299805 0.788086 0.0625 0.0625
0 0.322266 0.033203 0.042969 0.06543
0 0.698242 0.067383 0.119141 0.053711
0 0.575195 0.527344 0.141602 0.047852
0 0.27832 0.84668 0.162109 0.041016
0 0.041992 0.769531 0.083008 0.061523
0 0.024414 0.132812 0.046875 0.073242
0 0.164062 0.896484 0.055664 0.040039
0 0.838867 0.50293 0.069336 0.038086
0 0.262695 0.941406 0.136719 0.116211
0 0.027344 0.882812 0.049805 0.039062
0 0.095703 0.148438 0.077148 0.099609
0 0.764648 0.96582 0.115234 0.050781
