0 0.698242 0.414062 0.171875 0.100586
0 0.12207 0.834961 0.130859 0.102539
0 0.668945 0.810547 0.139648 0.102539
0 0.914062 0.510742 0.145508 0.091797
0 0.65918 0.025391 0.139648 0.051758
0 0.787109 0.545898 0.115234 0.078125
0 0.027344 0.838867 0.055664 0.102539
0 0.608398 0.172852 0.21875 0.101562
0 0.881836 0.628906 0.139648 0.075195
0 0.769531 0.641602 0.154297 0.120117
0 0.697266 0.929688 0.160156 0.134766
0 0.394531 0.359375 0.050781 0.064453
0 0.05957 0.939453 0.105469 0.084961
0 0.889648 0.913086 0.189453 0.067383
0 0.793945 0.302734 0.063477 0.0625
