0 0.776367 0.613281 0.05957 0.086914
0 0.858398 0.248047 0.067383 0.089844
0 0.173828 0.230469 0.104492 0.050781
0 0.40625 0.9375 0.079102 0.0625
0 0.136719 0.533203 0.064453 0.0625
0 0.423828 0.109375 0.033203 0.089844
0 0.430664 0.46875 0.073242 0.06543
0 0.817383 0.701172 0.068359 0.0625
0 0.082031 0.1875 0.080078 0.05957
0 0.504883 0.563477 0.049805 0.080078
0 0.821289 0.378906 0.058594 0.070312
0 0.601562 0.513672 0.083008 0.055664
0 0.139648 0.326172 0.080078 0.050781
0 0.37207 0.401367 0.077148 0.0625
0 0.371094 0.026367 0.046875 0.051758
0 0.481445 0.84375 0.060547 0.071289
0 0.192383 0.103516 0.089844 0.042969
0 0.75293 0.194336 0.06543 0.052734
0 0.34375 0.265625 0.09668 0.040039
0 0.261719 0.649414 0.075195 0.041016
0 0.438477 0.900391 0.094727 0.03418
0 0.541016 0.338867 0.052734 0.068359
0 0.796875 0.323242 0.079102 0.040039
0 0.272461 0.548828 0.084961 0.078125
0 0.986328 0.164062 0.023438 0.070312
0 0.719727 0.923828 0.05957 0.042969
0 0.744141 0.254883 0.060547 0.048828
0 0.047852 0.019531 0.067383 0.038086
0 0.011719 0.330078 0.024414 0.070312
0 0.841797 0.90918 0.080078 0.049805
0 0.78418 0.577148 0.055664 0.050781
0 0.336914 0.981445 0.056641 0.032227
0 0.519531 0.03125 0.05957 0.061523
0 0.464844 0.387695 0.051758 0.029297
0 0.12207 0.910156 0.06543 0.035156
0 0.382812 0.832031 0.053711 0.060547
0 0.905273 0.220703 0.070312 0.037109
0 0.544922 0.370117 0.072266 0.035156
0 0.588867 0.555664 0.05957 0.02832
0 0.455078 0.695312 0.048828 0.040039
0 0.904297 0.447266 0.052734 0.032227
0 0.032227 0.084961 0.064453 0.037109
0 0.339844 0.958008 0.073242 0.029297
0 0.648438 0.02832 0.074219 0.044922
0 0.423828 0.543945 0.051758 0.040039
0 0.162109 0.363281 0.086914 0.035156
0 0.125977 0.883789 0.083008 0.030273
0 0.546875 0.712891 0.084961 0.051758
0 0.918945 0.564453 0.067383 0.040039
0 0.258789 0.723633 0.069336 0.030273
0 0.456055 0.609375 0.048828 0.036133
0 0.257812 0.759082 0.062988 0.024121
0 0.588867 0.888672 0.066406 0.032227
0 0.026367 0.272461 0.052734 0.045898
0 0.358398 0.716797 0.050781 0.037109
0 0.915039 0.013672 0.041992 0.027344
0 0.398438 0.639648 0.050781 0.026367
0 0.504883 0.667969 0.103516 0.039062
0 0.749023 0.888672 0.042969 0.036133
0 0.873047 0.616211 0.029297 0.060547
0 0.115234 0.419922 0.050781 0.039062
0 0.621094 0.993164 0.042969 0.012695
0 0.108398 0.080078 0.053711 0.03125
0 0.467773 0.016602 0.029297 0.033203
0 0.983398 0.583984 0.033203 0.037109
0 0.654297 0.625977 0.053711 0.044922
0 0.564453 0.657227 0.056641 0.042969
0 0.319336 0.055664 0.076172 0.069336
0 0.079102 0.987305 0.087891 0.025391
0 0.699219 0.873047 0.067383 0.049805
0 0.864258 0.974609 0.039062 0.044922
0 0.834961 0.990234 0.044922 0.019531
