0 0.306641 0.791016 0.061523 0.089844
0 0.792969 0.235352 0.049805 0.082031
0 0.494141 0.833984 0.051758 0.074219
0 0.602539 0.516602 0.068359 0.069336
0 0.094727 0.025391 0.099609 0.048828
0 0.949219 0.511719 0.046875 0.137695
0 0.505859 0.214844 0.045898 0.075195
0 0.267578 0.65332 0.080078 0.046875
0 0.395508 0.317383 0.058594 0.111328
0 0.441406 0.390625 0.068359 0.070312
0 0.089844 0.893555 0.076172 0.106445
0 0.251953 0.488281 0.128906 0.128906
0 0.808594 0.040039 0.040039 0.081055
0 0.225586 0.894531 0.092773 0.051758
0 0.390625 0.901367 0.109375 0.047852
0 0.34082 0.253906 0.052734 0.077148
0 0.825195 0.639648 0.066406 0.103516
0 0.064453 0.826172 0.128906 0.094727
0 0.869141 0.493164 0.050781 0.104492
0 0.863281 0.319336 0.066406 0.069336
0 0.588867 0.958984 0.141602 0.082031
0 0.543945 0.449219 0.02832 0.076172
0 0.834961 0.601562 0.046875 0.071289
0 0.496094 0.652344 0.052734 0.079102
0 0.898438 0.036133 0.041992 0.073242
0 0.745117 0.625 0.102539 0.082031
0 0.355469 0.604492 0.051758 0.069336
0 0.014648 0.917969 0.030273 0.053711
0 0.228516 0.27832 0.053711 0.067383
0 0.717773 0.550781 0.075195 0.078125
0 0.427734 0.152344 0.039062 0.158203
0 0.450195 0.726562 0.107422 0.039062
0 0.208984 0.782227 0.064453 0.049805
0 0.981445 0.93457 0.032227 0.076172
0 0.488281 0.511719 0.050781 0.091797
0 0.884766 0.6875 0.084961 0.041016
0 0.098633 0.608398 0.06543 0.049805
0 0.737305 0.077148 0.040039 0.076172
0 0.881836 0.078125 0.040039 0.064453
0 0.700195 0.043945 0.038086 0.077148
0 0.055664 0.623047 0.064453 0.043945
0 0.735352 0.642578 0.051758 0.080078
0 0.888672 0.794922 0.029297 0.071289
0 0.290039 0.632812 0.058594 0.056641
0 0.242188 0.837891 0.05957 0.0625
0 0.307617 0.472656 0.02832 0.123047
0 0.511719 0.948242 0.050781 0.063477
0 0.31543 0.297852 0.120117 0.069336
0 0.191406 0.944336 0.116211 0.073242
0 0.756836 0.881836 0.02832 0.092773
0 0.133789 0.978516 0.040039 0.041992
0 0.537109 0.834961 0.02832 0.092773
0 0.285156 0.097656 0.067383 0.049805
0 0.912109 0.330078 0.054688 0.051758
0 0.607422 0.612305 0.042969 0.09082
0 0.516602 0.651367 0.061523 0.077148
0 0.644531 0.629883 0.025391 0.061523
0 0.304688 0.982422 0.043945 0.03418
0 0.480469 0.282227 0.033203 0.056641
0 0.025391 0.588867 0.041016 0.064453
0 0.375 0.869141 0.032227 0.058594
0 0.834961 0.022461 0.026367 0.045898
0 0.504883 0.384766 0.071289 0.02832
0 0.943359 0.260742 0.102539 0.042969
0 0.56543 0.869141 0.060547 0.042969
0 0.211914 0.014648 0.036133 0.030273
0 0.799805 0.990234 0.051758 0.019531
0 0.082031 0.763086 0.053223 0.088477
0 0.732422 0.771484 0.039062 0.037109
0 0.787109 0.939453 0.054688 0.040039
0 0.365234 0.151367 0.046875 0.06543
0 0.660156 0.317383 0.045898 0.046875
0 0.625 0.411133 0.042969 0.050781
0 0.527344 0.905273 0.052734 0.036133
0 0.587891 0.323242 0.050781 0.037109
0 0.78418 0.558594 0.077148 0.043945
0 0.68457 0.538086 0.0625 0.044922
0 0.12793 0.126953 0.033203 0.060547
0 0.961914 0.301758 0.040039 0.058594
0 0.020508 0.995117 0.041992 0.009766
0 0.250977 0.076172 0.038086 0.069336
0 0.59668 0.583008 0.073242 0.055664
0 0.928711 0.014648 0.02832 0.029297
0 0.018555 0.039062 0.037109 0.033203
0 0.470703 0.350586 0.041016 0.036133
0 0.612305 0.332031 0.06543 0.069336
0 0.600586 0.597656 0.064453 0.079102
