0 0.195312 0.039062 0.097656 0.074219
0 0.351562 0.021484 0.080078 0.043945
0 0.380859 0.067383 0.075195 0.043945
0 0.397461 0.104492 0.074219 0.041992
0 0.148438 0.173828 0.073242 0.063477
0 0.146484 0.230469 0.087891 0.0625
0 0.264648 0.27832 0.056641 0.06543
0 0.426758 0.24707 0.06543 0.098633
0 0.353516 0.355469 0.063477 0.069336
0 0.304688 0.368164 0.0625 0.069336
0 0.152344 0.349609 0.073242 0.083008
0 0.048828 0.399414 0.097656 0.104492
0 0.089844 0.503906 0.057617 0.089844
0 0.050781 0.615234 0.083008 0.086914
0 0.094727 0.792969 0.057617 0.061523
0 0.417969 0.758789 0.095703 0.080078
0 0.366211 0.837891 0.075195 0.055664
0 0.441406 0.857422 0.083984 0.066406
0 0.123047 0.891602 0.09375 0.0625
0 0.030273 0.910156 0.052734 0.072266
0 0.067383 0.977539 0.092773 0.043945
0 0.200195 0.980469 0.129883 0.038086
0 0.395508 0.975586 0.057617 0.047852
0 0.556641 0.935547 0.080078 0.076172
0 0.586914 0.870117 0.084961 0.0625
0 0.964844 0.917969 0.070312 0.075195
0 0.935547 0.560547 0.074219 0.060547
0 0.708984 0.613281 0.074219 0.083008
0 0.704102 0.441406 0.068359 0.074219
0 0.730469 0.50293 0.061523 0.071289
0 0.799805 0.426758 0.089844 0.086914
0 0.878906 0.306641 0.074219 0.09668
0 0.666016 0.306641 0.066406 0.066406
0 0.949219 0.047852 0.050781 0.0625
0 0.717773 0.106445 0.118164 0.078125
0 0.546875 0.301758 0.105469 0.118164
0 0.583008 0.390625 0.103516 0.05957
0 0.472656 0.413086 0.083008 0.094727
0 0.151367 0.493164 0.060547 0.05957
0 0.974609 0.199219 0.050781 0.085938
0 0.367188 0.301758 0.084961 0.070312
0 0.097656 0.87207 0.072266 0.061523
0 0.985352 0.579102 0.029297 0.070312
0 0.692383 0.478516 0.120117 0.049805
