0 0.980469 0.158203 0.038086 0.092773
0 0.913086 0.21582 0.068359 0.075195
0 0.821289 0.133789 0.077148 0.102539
0 0.78418 0.242188 0.057617 0.068359
0 0.647461 0.280273 0.124023 0.072266
0 0.611328 0.206055 0.089844 0.068359
0 0.586914 0.131836 0.064453 0.069336
0 0.473633 0.068359 0.05957 0.100586
0 0.15332 0.087891 0.117188 0.101562
0 0.21875 0.057617 0.144531 0.111328
0 0.087891 0.166992 0.0625 0.116211
0 0.082031 0.240234 0.069336 0.064453
0 0.200195 0.203125 0.081055 0.072266
0 0.286133 0.234375 0.068359 0.105469
0 0.463867 0.291016 0.066406 0.071289
0 0.516602 0.234375 0.102539 0.069336
0 0.597656 0.379883 0.073242 0.058594
0 0.837891 0.476562 0.083984 0.108398
0 0.924805 0.268555 0.083984 0.058594
0 0.947266 0.368164 0.105469 0.145508
0 0.979492 0.529297 0.040039 0.146484
0 0.961914 0.655273 0.073242 0.138672
0 0.864258 0.6875 0.078125 0.09375
0 0.798828 0.553711 0.074219 0.115234
0 0.584961 0.650391 0.0625 0.071289
0 0.25 0.728516 0.120117 0.071289
0 0.322266 0.678711 0.075195 0.074219
0 0.272461 0.641602 0.066406 0.079102
0 0.328125 0.573242 0.081055 0.072266
0 0.369141 0.496094 0.105469 0.078125
0 0.411133 0.59668 0.076172 0.054688
0 0.381836 0.768555 0.051758 0.054688
0 0.126953 0.692383 0.107422 0.063477
0 0.46582 0.768555 0.166992 0.110352
0 0.109375 0.598633 0.066406 0.080078
0 0.051758 0.613281 0.068359 0.040039
0 0.083008 0.511719 0.073242 0.09668
0 0.161133 0.439453 0.083008 0.114258
0 0.157227 0.535156 0.054688 0.073242
0 0.241211 0.548828 0.061523 0.092773
0 0.154297 0.337891 0.098633 0.05957
0 0.322266 0.325195 0.061523 0.066406
0 0.427734 0.301758 0.063477 0.064453
0 0.240234 0.949219 0.056641 0.092773
0 0.084961 0.929688 0.076172 0.139648
0 0.030273 0.849609 0.060547 0.116211
0 0.393555 0.973633 0.060547 0.051758
0 0.634766 0.974609 0.083984 0.049805
0 0.583008 0.950195 0.087891 0.083984
0 0.847656 0.96875 0.075195 0.061523
0 0.731445 0.34082 0.048828 0.061523
0 0.679688 0.02832 0.075195 0.056641
0 0.920898 0.59668 0.06543 0.086914
