0 0.333008 0.025391 0.09668 0.050781
0 0.28418 0.107422 0.098633 0.071289
0 0.150391 0.166016 0.081055 0.068359
0 0.044922 0.165039 0.083008 0.078125
0 0.283203 0.28125 0.077148 0.089844
0 0.508789 0.056641 0.074219 0.100586
0 0.649414 0.108398 0.074219 0.06543
0 0.649414 0.038086 0.080078 0.050781
0 0.770508 0.020508 0.077148 0.041016
0 0.895508 0.138672 0.097656 0.081055
0 0.265625 0.482422 0.078125 0.071289
0 0.384766 0.348633 0.06543 0.073242
0 0.477539 0.415039 0.0625 0.073242
0 0.447266 0.366211 0.066406 0.083008
0 0.164062 0.672852 0.056641 0.113281
0 0.09668 0.737305 0.114258 0.091797
0 0.210938 0.750977 0.108398 0.0625
0 0.222656 0.935547 0.077148 0.118164
0 0.304688 0.779297 0.077148 0.083984
0 0.474609 0.795898 0.075195 0.079102
0 0.37207 0.80957 0.080078 0.060547
0 0.356445 0.928711 0.112305 0.076172
0 0.525391 0.919922 0.094727 0.060547
0 0.441406 0.97168 0.146484 0.055664
0 0.736328 0.974609 0.06543 0.049805
0 0.637695 0.861328 0.083984 0.061523
0 0.649414 0.912109 0.061523 0.056641
0 0.575195 0.714844 0.066406 0.103516
0 0.65332 0.799805 0.074219 0.071289
0 0.682617 0.711914 0.088867 0.069336
0 0.814453 0.665039 0.079102 0.086914
0 0.750977 0.68457 0.055664 0.088867
0 0.791016 0.783203 0.072266 0.066406
0 0.740234 0.773438 0.070312 0.081055
0 0.255859 0.564453 0.061523 0.061523
0 0.463867 0.535156 0.141602 0.081055
0 0.62793 0.401367 0.079102 0.077148
0 0.676758 0.362305 0.077148 0.053711
0 0.703125 0.414062 0.078125 0.063477
0 0.682617 0.492188 0.066406 0.072266
0 0.713867 0.306641 0.077148 0.06543
0 0.806641 0.37207 0.072266 0.074219
0 0.835938 0.323242 0.058594 0.069336
0 0.922852 0.355469 0.053711 0.092773
0 0.975586 0.304688 0.047852 0.068359
0 0.876953 0.460938 0.05957 0.063477
0 0.977539 0.513672 0.043945 0.056641
0 0.917969 0.672852 0.068359 0.083984
0 0.975586 0.717773 0.048828 0.081055
0 0.9375 0.77832 0.114258 0.078125
0 0.889648 0.866211 0.075195 0.072266
0 0.978516 0.967773 0.040039 0.058594
0 0.84082 0.939453 0.053711 0.071289
0 0.898438 0.938477 0.075195 0.066406
0 0.037109 0.816406 0.074219 0.06543
0 0.9375 0.476562 0.055664 0.058594
0 0.379883 0.286133 0.063477 0.066406
0 0.199219 0.865234 0.09668 0.083008
0 0.541016 0.121094 0.083008 0.09082
0 0.033203 0.523438 0.066406 0.100586
0 0.407227 0.418945 0.089844 0.078125
0 0.714844 0.224609 0.085938 0.084961
0 0.416016 0.779297 0.073242 0.075195
0 0.238281 0.618164 0.071289 0.123047
0 0.02832 0.758789 0.056641 0.051758
0 0.75293 0.859375 0.119141 0.057617
0 0.44043 0.03418 0.060547 0.053711
