0 0.048828 0.085938 0.075195 0.098633
0 0.228516 0.023438 0.073242 0.046875
0 0.125977 0.074219 0.064453 0.055664
0 0.116211 0.52832 0.054688 0.083008
0 0.036133 0.578125 0.073242 0.074219
0 0.124023 0.779297 0.086914 0.074219
0 0.013672 0.816406 0.02832 0.0625
0 0.115234 0.866211 0.089844 0.086914
0 0.270508 0.858398 0.083984 0.075195
0 0.263672 0.740234 0.082031 0.087891
0 0.348633 0.768555 0.066406 0.114258
0 0.288086 0.441406 0.110352 0.09668
0 0.160156 0.336914 0.088867 0.081055
0 0.331055 0.572266 0.068359 0.123047
0 0.279297 0.581055 0.049805 0.133789
0 0.266602 0.207031 0.106445 0.076172
0 0.480469 0.013672 0.05957 0.02832
0 0.457031 0.076172 0.077148 0.067383
0 0.431641 0.132812 0.051758 0.054688
0 0.407227 0.248047 0.09082 0.094727
0 0.496094 0.349609 0.068359 0.084961
0 0.704102 0.220703 0.082031 0.084961
0 0.657227 0.108398 0.075195 0.075195
0 0.792969 0.204102 0.055664 0.091797
0 0.958984 0.083008 0.082031 0.075195
0 0.932617 0.011719 0.080078 0.024414
0 0.938477 0.267578 0.079102 0.069336
0 0.804688 0.345703 0.075195 0.099609
0 0.696289 0.362305 0.056641 0.084961
0 0.693359 0.496094 0.0625 0.099609
0 0.669922 0.620117 0.072266 0.105469
0 0.923828 0.496094 0.080078 0.112305
0 0.984375 0.417969 0.03125 0.084961
0 0.924805 0.695312 0.06543 0.091797
0 0.924805 0.78125 0.05957 0.067383
0 0.801758 0.777344 0.057617 0.085938
0 0.967773 0.896484 0.064453 0.083008
0 0.972656 0.949219 0.053711 0.055664
0 0.595703 0.929688 0.084961 0.063477
0 0.739258 0.978516 0.056641 0.041992
0 0.491211 0.536133 0.058594 0.0625
