0 0.292969 0.888672 0.109375 0.089844
0 0.084961 0.841797 0.066406 0.099609
0 0.046875 0.991211 0.09375 0.017578
0 0.128906 0.731445 0.083008 0.092773
0 0.154297 0.816406 0.082031 0.053711
0 0.21875 0.621094 0.083984 0.05957
0 0.392578 0.661133 0.078125 0.099609
0 0.411133 0.542969 0.099609 0.117188
0 0.485352 0.551758 0.057617 0.055664
0 0.21582 0.432617 0.071289 0.079102
0 0.503906 0.363281 0.094727 0.095703
0 0.474609 0.248047 0.086914 0.09082
0 0.40625 0.77832 0.085938 0.073242
0 0.56543 0.821289 0.094727 0.09082
0 0.716797 0.956055 0.070312 0.086914
0 0.920898 0.984375 0.05957 0.03125
0 0.954102 0.821289 0.09082 0.128906
0 0.808594 0.701172 0.109375 0.069336
0 0.673828 0.668945 0.077148 0.080078
0 0.899414 0.604492 0.084961 0.088867
0 0.68457 0.484375 0.083008 0.071289
0 0.87207 0.438477 0.06543 0.09082
0 0.943359 0.430664 0.069336 0.138672
0 0.811523 0.147461 0.086914 0.115234
0 0.675781 0.123047 0.073242 0.115234
0 0.625977 0.209961 0.049805 0.086914
0 0.591797 0.102539 0.056641 0.074219
0 0.953125 0.126953 0.092773 0.124023
0 0.286133 0.115234 0.095703 0.055664
0 0.272461 0.228516 0.081055 0.080078
0 0.183594 0.287109 0.069336 0.074219
0 0.044922 0.337891 0.069336 0.081055
0 0.052734 0.205078 0.081055 0.06543
0 0.088867 0.097656 0.085938 0.095703
0 0.069336 0.014648 0.100586 0.030273
0 0.791016 0.032227 0.081055 0.06543
0 0.3125 0.462891 0.055664 0.09668
0 0.416992 0.03418 0.217773 0.069336
