0 0.738281 0.936523 0.085938 0.072266
0 0.963867 0.651367 0.072266 0.087891
0 0.305664 0.06543 0.05957 0.102539
0 0.887695 0.207031 0.066406 0.084961
0 0.418945 0.539062 0.089844 0.089844
0 0.273438 0.15625 0.070312 0.107422
0 0.949219 0.444336 0.073242 0.076172
0 0.864258 0.962891 0.046875 0.070312
0 0.644531 0.054688 0.098633 0.081055
0 0.363281 0.612305 0.087891 0.0625
0 0.166016 0.129883 0.098633 0.088867
0 0.375 0.920898 0.075195 0.06543
0 0.953125 0.545898 0.079102 0.053711
0 0.889648 0.515625 0.045898 0.100586
0 0.138672 0.197266 0.105469 0.101562
0 0.046875 0.40625 0.084961 0.088867
0 0.751953 0.851562 0.076172 0.064453
0 0.888672 0.638672 0.069336 0.073242
0 0.060547 0.183594 0.080078 0.079102
0 0.990234 0.802734 0.019531 0.094727
0 0.042969 0.652344 0.084961 0.076172
0 0.829102 0.501953 0.095703 0.098633
0 0.179688 0.335938 0.073242 0.109375
0 0.308594 0.129883 0.109375 0.061523
0 0.360352 0.100586 0.078125 0.114258
0 0.736328 0.225586 0.135742 0.112305
0 0.921875 0.945312 0.080078 0.077148
0 0.660156 0.860352 0.075195 0.055664
0 0.628906 0.129883 0.05957 0.095703
0 0.249023 0.581055 0.095703 0.116211
0 0.65918 0.641602 0.105469 0.115234
0 0.852539 0.420898 0.061523 0.074219
0 0.959961 0.276367 0.041016 0.084961
0 0.421875 0.219727 0.084961 0.09668
0 0.275391 0.205078 0.064453 0.106445
0 0.661133 0.416016 0.074219 0.098633
0 0.741211 0.759766 0.086914 0.125
0 0.492188 0.134766 0.083984 0.098633
0 0.737305 0.055664 0.094727 0.050781
0 0.151367 0.571289 0.072266 0.119141
0 0.858398 0.831055 0.09375 0.118164
0 0.210938 0.873047 0.038086 0.092773
0 0.219727 0.624023 0.054688 0.091797
0 0.121094 0.819336 0.125 0.073242
0 0.829102 0.098633 0.064453 0.149414
0 0.788086 0.541016 0.073242 0.118164
0 0.536133 0.720703 0.063477 0.050781
0 0.625 0.286133 0.086914 0.083008
0 0.897461 0.119141 0.061523 0.133789
0 0.061523 0.306641 0.121094 0.071289
0 0.854492 0.668945 0.049805 0.064453
0 0.025391 0.198242 0.051758 0.100586
0 0.901367 0.319336 0.171875 0.054688
0 0.042969 0.333008 0.082031 0.080078
0 0.333008 0.273438 0.045898 0.09375
0 0.398438 0.845703 0.081055 0.079102
0 0.274414 0.339844 0.103516 0.109375
0 0.571289 0.191406 0.072266 0.087891
0 0.217773 0.323242 0.109375 0.083008
0 0.352539 0.244141 0.040039 0.061523
0 0.972656 0.021484 0.037109 0.043945
0 0.698242 0.604492 0.071289 0.047852
0 0.428711 0.711914 0.050781 0.130859
0 0.249023 0.554688 0.087891 0.069336
0 0.30957 0.973633 0.061523 0.048828
0 0.341797 0.020508 0.040039 0.041992
0 0.143555 0.873047 0.051758 0.074219
0 0.259766 0.889648 0.086914 0.077148
0 0.621094 0.208984 0.092773 0.081055
0 0.197266 0.986328 0.148438 0.026367
0 0.313477 0.847656 0.061523 0.044922
0 0.97168 0.898438 0.056641 0.037109
0 0.814453 0.041992 0.083984 0.043945
0 0.585938 0.073242 0.098633 0.042969
0 0.422852 0.023438 0.03125 0.044922
0 0.476562 0.305664 0.032227 0.129883
0 0.572266 0.580078 0.055664 0.036133
0 0.824219 0.351562 0.056641 0.044922
0 0.495117 0.299805 0.067383 0.113281
0 0.603516 0.369141 0.053711 0.060547
0 0.078125 0.990234 0.046875 0.019531
0 0.649414 0.723633 0.046875 0.040039
0 0.020508 0.839844 0.041992 0.036133
0 0.066406 0.961914 0.128906 0.039062
0 0.526367 0.294922 0.063477 0.042969
0 0.234375 0.482422 0.050781 0.049805
0 0.841797 0.712891 0.041992 0.029297
0 0.538086 0.325195 0.069336 0.072266
0 0.057617 0.703125 0.115234 0.09375
