0 0.904297 0.433594 0.191406 0.142578
0 0.913086 0.110352 0.12793 0.220703
0 0.194336 0.401367 0.162109 0.094727
0 0.71582 0.570312 0.098633 0.084961
0 0.395508 0.051758 0.330078 0.083008
0 0.34082 0.124023 0.248047 0.103516
0 0.743164 0.442383 0.145508 0.084961
0 0.422852 0.208008 0.104492 0.09375
0 0.6875 0.021484 0.200195 0.043945
0 0.454102 0.918945 0.276367 0.095703
0 0.547852 0.864258 0.214844 0.097656
0 0.773438 0.886719 0.144531 0.117188
0 0.698242 0.723633 0.149414 0.09668
0 0.810547 0.770508 0.152344 0.049805
0 0.230469 0.536133 0.098633 0.124023
0 0.054688 0.348633 0.108398 0.086914
0 0.046875 0.412109 0.09375 0.063477
0 0.060547 0.220703 0.113281 0.067383
0 0.043945 0.083984 0.088867 0.072266
0 0.614258 0.485352 0.058594 0.128906
0 0.84668 0.166992 0.296875 0.169922
0 0.71875 0.134766 0.212891 0.082031
0 0.719727 0.177734 0.120117 0.060547
0 0.474609 0.961914 0.067383 0.075195
