0 0.964844 0.932617 0.070312 0.092773
0 0.448242 0.280273 0.097656 0.073242
0 0.705078 0.834961 0.088867 0.070312
0 0.960938 0.688477 0.078125 0.072266
0 0.447266 0.149414 0.076172 0.080078
0 0.770508 0.72168 0.077148 0.084961
0 0.521484 0.859375 0.121094 0.074219
0 0.847656 0.306641 0.083008 0.094727
0 0.887695 0.860352 0.092773 0.077148
0 0.783203 0.445312 0.078125 0.077148
0 0.847656 0.713867 0.092773 0.084961
0 0.743164 0.261719 0.082031 0.075195
0 0.572266 0.750977 0.121094 0.072266
0 0.733398 0.19043 0.097656 0.112305
0 0.916992 0.541016 0.095703 0.072266
0 0.708008 0.392578 0.092773 0.112305
0 0.411133 0.546875 0.0625 0.05957
0 0.84082 0.111328 0.09082 0.077148
0 0.535156 0.609375 0.074219 0.060547
0 0.87207 0.474609 0.095703 0.070312
0 0.604492 0.110352 0.070312 0.073242
0 0.966797 0.62793 0.06543 0.072266
0 0.94043 0.393555 0.086914 0.072266
0 0.961914 0.495117 0.075195 0.083008
0 0.595703 0.227539 0.097656 0.057617
0 0.370117 0.22168 0.083008 0.040039
0 0.827148 0.897461 0.09668 0.077148
0 0.720703 0.134766 0.097656 0.099609
0 0.97168 0.344727 0.055664 0.070312
0 0.588867 0.801758 0.120117 0.05957
