0 0.972656 0.705078 0.053711 0.097656
0 0.53418 0.045898 0.044922 0.089844
0 0.064453 0.262695 0.053711 0.098633
0 0.114258 0.546875 0.066406 0.106445
0 0.183594 0.881836 0.071289 0.087891
0 0.34668 0.351562 0.054688 0.088867
0 0.958984 0.292969 0.047852 0.079102
0 0.358398 0.25 0.066406 0.09082
0 0.96582 0.073242 0.068359 0.076172
0 0.177734 0.15332 0.049805 0.137695
0 0.125 0.121094 0.079102 0.109375
0 0.102539 0.435547 0.088867 0.145508
0 0.708008 0.320312 0.056641 0.09082
0 0.52832 0.253906 0.070312 0.09375
0 0.830078 0.822266 0.073242 0.066406
0 0.962891 0.555664 0.035156 0.105469
0 0.275391 0.044922 0.094727 0.041992
0 0.545898 0.671875 0.047852 0.073242
0 0.088867 0.209961 0.058594 0.083984
0 0.560547 0.584961 0.050781 0.066406
0 0.776367 0.594727 0.033203 0.083008
0 0.623047 0.279297 0.067383 0.069336
0 0.972656 0.834961 0.036133 0.119141
0 0.886719 0.521484 0.042969 0.083008
0 0.083008 0.658203 0.05957 0.066406
0 0.90332 0.053711 0.032227 0.089844
0 0.410156 0.061523 0.057617 0.063477
0 0.950195 0.896484 0.079102 0.069336
0 0.317383 0.396484 0.073242 0.0625
0 0.777344 0.046875 0.02832 0.061523
0 0.585938 0.425781 0.058594 0.045898
0 0.553711 0.969727 0.049805 0.060547
0 0.797852 0.37207 0.064453 0.068359
0 0.619141 0.771484 0.055664 0.049805
0 0.073242 0.982422 0.06543 0.03418
0 0.703125 0.777344 0.041992 0.070312
0 0.626953 0.145508 0.046875 0.074219
0 0.770508 0.958984 0.025391 0.077148
0 0.139648 0.813477 0.066406 0.060547
0 0.234375 0.282227 0.05957 0.050781
0 0.569336 0.217773 0.086914 0.068359
0 0.518555 0.823242 0.0625 0.055664
0 0.038086 0.024414 0.044922 0.046875
0 0.194336 0.268555 0.06543 0.072266
0 0.469727 0.893555 0.041016 0.09668
0 0.206055 0.753906 0.042969 0.047852
0 0.986328 0.954102 0.027344 0.052734
0 0.512695 0.986328 0.040039 0.027344
0 0.62793 0.984375 0.068359 0.03125
0 0.785156 0.500977 0.069336 0.095703
0 0.637695 0.692383 0.041016 0.078125
0 0.570312 0.845703 0.057617 0.024414
0 0.513672 0.950195 0.051758 0.055664
0 0.984375 0.641602 0.03125 0.0625
0 0.802734 0.529297 0.06543 0.054688
0 0.275391 0.689453 0.069336 0.044922
0 0.269531 0.636719 0.038086 0.039062
0 0.225586 0.637695 0.070312 0.072266
0 0.270508 0.597656 0.110352 0.104492
0 0.291016 0.542969 0.085938 0.116211
0 0.338867 0.515625 0.037109 0.058594
