0 0.84375 0.489258 0.063477 0.087891
0 0.577148 0.617188 0.102539 0.05957
0 0.922852 0.146484 0.061523 0.091797
0 0.041992 0.327148 0.083008 0.126953
0 0.459961 0.537109 0.073242 0.083984
0 0.567383 0.46875 0.073242 0.066406
0 0.886719 0.806641 0.09082 0.069336
0 0.536133 0.203125 0.048828 0.109375
0 0.269531 0.921875 0.085938 0.083984
0 0.803711 0.801758 0.073242 0.076172
0 0.336914 0.234375 0.082031 0.110352
0 0.225586 0.042969 0.083984 0.083984
0 0.869141 0.112305 0.05957 0.092773
0 0.822266 0.745117 0.074219 0.079102
0 0.44043 0.386719 0.083984 0.082031
0 0.351562 0.488281 0.101562 0.082031
0 0.665039 0.739258 0.072266 0.112305
0 0.493164 0.65918 0.088867 0.09082
0 0.180664 0.53418 0.101562 0.101562
0 0.405273 0.110352 0.091797 0.085938
0 0.251953 0.320312 0.113281 0.104492
0 0.782227 0.967773 0.058594 0.05957
0 0.766602 0.306641 0.079102 0.097656
0 0.670898 0.793945 0.068359 0.050781
0 0.96582 0.733398 0.067383 0.052734
0 0.09375 0.431641 0.092773 0.071289
0 0.287109 0.527344 0.100586 0.082031
0 0.261719 0.839844 0.086914 0.083984
0 0.041016 0.199219 0.082031 0.074219
0 0.091797 0.748047 0.081055 0.076172
0 0.147461 0.307617 0.087891 0.108398
0 0.390625 0.041016 0.069336 0.082031
0 0.040039 0.130859 0.081055 0.098633
0 0.802734 0.494141 0.070312 0.064453
0 0.255859 0.25 0.081055 0.085938
0 0.676758 0.631836 0.057617 0.080078
0 0.746094 0.602539 0.067383 0.041992
0 0.576172 0.742188 0.0625 0.05957
0 0.96875 0.044922 0.049805 0.080078
0 0.041016 0.833008 0.080078 0.05957
0 0.206055 0.677734 0.075195 0.050781
0 0.292969 0.474609 0.081055 0.069336
0 0.261719 0.774414 0.061523 0.088867
0 0.754883 0.117188 0.142578 0.068359
0 0.189453 0.461914 0.09082 0.075195
0 0.030273 0.597656 0.060547 0.0625
0 0.868164 0.982422 0.039062 0.03418
0 0.774414 0.020508 0.038086 0.041992
0 0.235352 0.975586 0.082031 0.043945
0 0.146484 0.322266 0.075195 0.085938
0 0.241211 0.365234 0.080078 0.102539
0 0.606445 0.894531 0.030273 0.092773
0 0.358398 0.308594 0.074219 0.098633
0 0.080078 0.979492 0.085938 0.036133
0 0.165039 0.198242 0.067383 0.071289
0 0.974609 0.032227 0.049805 0.064453
0 0.026367 0.700195 0.053711 0.061523
0 0.291992 0.030273 0.046875 0.058594
0 0.455078 0.342773 0.134766 0.102539
0 0.669922 0.59668 0.058594 0.056641
0 0.229492 0.410156 0.084961 0.05957
0 0.880859 0.230469 0.048828 0.042969
0 0.277344 0.029297 0.048828 0.058594
0 0.711914 0.987305 0.039062 0.025391
0 0.146484 0.150391 0.083984 0.092773
0 0.518555 0.304688 0.100586 0.141602
0 0.666992 0.042969 0.09082 0.084961
0 0.164062 0.374023 0.077148 0.06543
0 0.419922 0.310547 0.072266 0.088867
