0 0.876953 0.099609 0.112305 0.097656
0 0.422852 0.086914 0.071289 0.15332
0 0.555664 0.128906 0.077148 0.114258
0 0.475586 0.280273 0.069336 0.095703
0 0.673828 0.37207 0.094727 0.146484
0 0.766602 0.46875 0.06543 0.076172
0 0.84082 0.462891 0.078125 0.080078
0 0.864258 0.327148 0.081055 0.161133
0 0.707031 0.042969 0.06543 0.086914
0 0.761719 0.075195 0.057617 0.083984
0 0.638672 0.220703 0.066406 0.076172
0 0.583984 0.245117 0.066406 0.099609
0 0.256836 0.057617 0.092773 0.116211
0 0.032227 0.079102 0.049805 0.123047
0 0.092773 0.134766 0.061523 0.109375
0 0.206055 0.21582 0.091797 0.146484
0 0.488281 0.431641 0.073242 0.082031
0 0.145508 0.600586 0.109375 0.06543
0 0.06543 0.581055 0.094727 0.084961
0 0.035156 0.339844 0.071289 0.087891
0 0.457031 0.625 0.077148 0.118164
0 0.56543 0.578125 0.108398 0.111328
0 0.677734 0.705078 0.058594 0.046875
0 0.682617 0.776367 0.072266 0.06543
0 0.521484 0.783203 0.169922 0.076172
0 0.259766 0.759766 0.138672 0.067383
0 0.049805 0.734375 0.076172 0.084961
0 0.789062 0.574219 0.075195 0.083008
0 0.891602 0.577148 0.063477 0.067383
0 0.834961 0.878906 0.085938 0.067383
0 0.746094 0.842773 0.040039 0.107422
0 0.030273 0.510742 0.060547 0.069336
0 0.919922 0.97168 0.061523 0.053711
0 0.541992 0.873047 0.063477 0.053711
0 0.516602 0.513672 0.045898 0.052734
0 0.425781 0.59375 0.055664 0.045898
