0 0.912109 0.495117 0.087891 0.160156
0 0.338867 0.125 0.102539 0.134766
0 0.636719 0.527344 0.164062 0.111328
0 0.646484 0.40918 0.158203 0.125
0 0.463867 0.521484 0.145508 0.100586
0 0.765625 0.544922 0.097656 0.095703
0 0.786133 0.443359 0.084961 0.09375
0 0.331055 0.894531 0.072266 0.074219
0 0.426758 0.244141 0.116211 0.113281
0 0.201172 0.841797 0.094727 0.137695
0 0.884766 0.916992 0.060547 0.099609
0 0.746094 0.12793 0.076172 0.082031
0 0.415039 0.107422 0.067383 0.09082
0 0.239258 0.211914 0.084961 0.100586
0 0.077148 0.158203 0.099609 0.09668
0 0.353516 0.668945 0.082031 0.094727
0 0.950195 0.727539 0.080078 0.120117
0 0.27832 0.267578 0.080078 0.080078
0 0.572266 0.021484 0.098633 0.042969
0 0.274414 0.425781 0.081055 0.083008
0 0.208984 0.158203 0.086914 0.072266
0 0.301758 0.966797 0.089844 0.06543
0 0.824219 0.186523 0.110352 0.104492
0 0.064453 0.787109 0.125 0.125
0 0.777344 0.96875 0.080078 0.0625
0 0.288086 0.519531 0.091797 0.185547
0 0.037109 0.080078 0.070312 0.083008
0 0.050781 0.59082 0.097656 0.082031
0 0.347656 0.435547 0.091797 0.117188
0 0.137695 0.87793 0.087891 0.112305
