0 0.963867 0.384766 0.066406 0.085938
0 0.43457 0.107422 0.073242 0.078125
0 0.692383 0.413086 0.083008 0.088867
0 0.545898 0.40332 0.069336 0.066406
0 0.679688 0.47168 0.095703 0.072266
0 0.969727 0.462891 0.05957 0.074219
0 0.299805 0.042969 0.109375 0.078125
0 0.583008 0.960938 0.104492 0.049805
0 0.952148 0.06543 0.084961 0.082031
0 0.466797 0.407227 0.085938 0.069336
0 0.125 0.416992 0.063477 0.05957
0 0.768555 0.328125 0.047852 0.077148
0 0.412109 0.969727 0.0625 0.05957
0 0.21582 0.15625 0.067383 0.055664
0 0.106445 0.480469 0.095703 0.033203
0 0.34668 0.655273 0.068359 0.055664
0 0.341797 0.779297 0.091797 0.045898
0 0.175781 0.074219 0.067383 0.072266
0 0.46582 0.977539 0.09668 0.040039
0 0.016602 0.680664 0.03418 0.035156
0 0.984375 0.706055 0.030273 0.095703
0 0.499023 0.571289 0.041992 0.131836
0 0.018555 0.771484 0.038086 0.060547
0 0.290039 0.067383 0.074219 0.050781
0 0.699219 0.088867 0.040039 0.082031
0 0.628906 0.364258 0.051758 0.061523
0 0.242188 0.785156 0.154297 0.073242
0 0.5625 0.116211 0.073242 0.033203
0 0.789062 0.429688 0.083984 0.030273
0 0.017578 0.864258 0.035156 0.024414
0 0.37793 0.388672 0.09082 0.102539
0 0.674805 0.137695 0.055664 0.069336
0 0.276367 0.695312 0.067383 0.022461
0 0.893555 0.418945 0.084961 0.075195
0 0.630859 0.466797 0.053711 0.060547
0 0.510742 0.822266 0.102539 0.037109
0 0.03125 0.75 0.0625 0.042969
0 0.62793 0.77832 0.089844 0.023438
0 0.844727 0.735352 0.069336 0.048828
0 0.477539 0.710938 0.094727 0.03125
0 0.142578 0.469727 0.043945 0.068359
0 0.510742 0.463867 0.101562 0.045898
0 0.007812 0.475586 0.016602 0.022461
0 0.396484 0.850586 0.047852 0.058594
0 0.135742 0.142578 0.044922 0.029297
0 0.646484 0.500977 0.054688 0.036133
0 0.404297 0.84375 0.047852 0.057617
0 0.723633 0.764648 0.057617 0.050781
0 0.982422 0.024414 0.035156 0.048828
0 0.422852 0.725586 0.061523 0.075195
0 0.088867 0.232422 0.038086 0.024414
0 0.375977 0.709961 0.051758 0.054688
0 0.254883 0.705078 0.040039 0.043945
0 0.645508 0.06543 0.041016 0.12793
0 0.72168 0.404297 0.047852 0.033203
0 0.355469 0.155273 0.058594 0.042969
0 0.517578 0.761719 0.025391 0.060547
0 0.833008 0.978516 0.085938 0.02832
0 0.142578 0.744141 0.106445 0.038086
