0 0.055664 0.253906 0.067383 0.075195
0 0.484375 0.354492 0.132812 0.054688
0 0.338867 0.569336 0.074219 0.0625
0 0.361328 0.513672 0.043945 0.083984
0 0.716797 0.186523 0.09375 0.057617
0 0.836914 0.953125 0.138672 0.071289
0 0.953125 0.147461 0.071289 0.081055
0 0.981445 0.975586 0.037109 0.045898
0 0.829102 0.307617 0.113281 0.037109
0 0.289062 0.825195 0.073242 0.049805
0 0.335938 0.120117 0.050781 0.083984
0 0.415039 0.475586 0.105469 0.09375
0 0.277344 0.619141 0.068359 0.053711
0 0.725586 0.291016 0.070312 0.061523
0 0.139648 0.180664 0.119141 0.087891
0 0.938477 0.427734 0.086914 0.042969
0 0.069336 0.436523 0.087891 0.063477
0 0.351562 0.796875 0.152344 0.067383
0 0.255859 0.304688 0.109375 0.081055
0 0.834961 0.068359 0.056641 0.05957
0 0.520508 0.233398 0.101562 0.056641
0 0.214844 0.453125 0.085938 0.053711
0 0.200195 0.527344 0.132812 0.09082
0 0.87207 0.522461 0.121094 0.050781
0 0.298828 0.485352 0.087891 0.050781
0 0.173828 0.144531 0.146484 0.063477
0 0.242188 0.228516 0.115234 0.112305
0 0.661133 0.234375 0.083984 0.058594
0 0.185547 0.972656 0.091797 0.040039
0 0.960938 0.124023 0.072266 0.063477
0 0.044922 0.12207 0.067383 0.069336
0 0.976562 0.394531 0.045898 0.02832
0 0.299805 0.369141 0.119141 0.047852
0 0.634766 0.493164 0.075195 0.05957
0 0.477539 0.018555 0.046875 0.036133
0 0.915039 0.798828 0.067383 0.046875
0 0.948242 0.214844 0.083984 0.043945
0 0.491211 0.639648 0.146484 0.073242
0 0.549805 0.727539 0.087891 0.053711
0 0.603516 0.185547 0.182617 0.043945
0 0.711914 0.710938 0.082031 0.061523
0 0.043945 0.614258 0.088867 0.044922
0 0.84375 0.276367 0.113281 0.042969
0 0.649414 0.712891 0.056641 0.036133
0 0.764648 0.467773 0.069336 0.037109
0 0.525391 0.285156 0.070312 0.038086
0 0.176758 0.304688 0.088867 0.023438
0 0.932617 0.240234 0.079102 0.047852
0 0.174805 0.248047 0.120117 0.03125
0 0.704102 0.955078 0.063477 0.088867
0 0.610352 0.640625 0.049805 0.035156
0 0.016602 0.381836 0.033203 0.077148
0 0.120117 0.709961 0.076172 0.041016
0 0.141602 0.035156 0.098633 0.069336
0 0.938477 0.97168 0.054688 0.056641
0 0.94043 0.939453 0.056641 0.053711
0 0.74707 0.084961 0.041016 0.041992
0 0.047852 0.011719 0.067383 0.024414
0 0.75293 0.239258 0.058594 0.027344
0 0.727539 0.143555 0.146484 0.038086
0 0.885742 0.458984 0.049805 0.047852
0 0.369141 0.901367 0.099609 0.044922
0 0.243164 0.510742 0.133789 0.075195
0 0.398438 0.874023 0.091797 0.041016
0 0.924805 0.201172 0.085938 0.050781
0 0.610352 0.142578 0.066406 0.036133
0 0.087891 0.577148 0.054688 0.038086
0 0.114258 0.545898 0.118164 0.041992
0 0.245117 0.824219 0.116211 0.087891
0 0.024414 0.68457 0.048828 0.053711
0 0.777344 0.611328 0.057617 0.051758
