0 0.839844 0.424805 0.066406 0.072266
0 0.131836 0.841797 0.104492 0.0625
0 0.992188 0.21875 0.015625 0.06543
0 0.433594 0.80957 0.078125 0.052734
0 0.511719 0.541016 0.101562 0.06543
0 0.631836 0.765625 0.076172 0.084961
0 0.836914 0.577148 0.121094 0.049805
0 0.557617 0.518555 0.083008 0.038086
0 0.311523 0.706055 0.094727 0.048828
0 0.493164 0.6875 0.086914 0.043945
0 0.770508 0.773438 0.071289 0.047852
0 0.154297 0.09668 0.079102 0.047852
0 0.972656 0.65918 0.054688 0.033203
0 0.071289 0.666992 0.120117 0.060547
0 0.985352 0.582031 0.02832 0.066406
0 0.212891 0.566406 0.079102 0.041992
0 0.821289 0.230469 0.136719 0.042969
0 0.847656 0.677734 0.067383 0.039062
0 0.083008 0.87207 0.098633 0.051758
0 0.939453 0.307617 0.066406 0.036133
0 0.751953 0.388672 0.080078 0.037109
0 0.078125 0.206055 0.098633 0.052734
0 0.445312 0.530273 0.091797 0.05957
0 0.532227 0.155273 0.064453 0.043945
0 0.603516 0.920898 0.116211 0.049805
0 0.473633 0.961914 0.104492 0.053711
0 0.452148 0.103516 0.086914 0.052734
0 0.364258 0.907227 0.084961 0.051758
0 0.145508 0.576172 0.097656 0.035156
0 0.803711 0.694336 0.05957 0.03418
0 0.461914 0.899414 0.115234 0.043945
0 0.902344 0.530273 0.080078 0.037109
0 0.648438 0.208984 0.068359 0.095703
0 0.652344 0.719727 0.128906 0.054688
0 0.30957 0.15918 0.077148 0.046875
0 0.374023 0.549805 0.069336 0.040039
0 0.677734 0.511719 0.102539 0.058594
0 0.953125 0.891602 0.067383 0.045898
0 0.472656 0.37793 0.098633 0.041016
0 0.772461 0.587891 0.073242 0.025391
0 0.558594 0.666992 0.128906 0.056641
0 0.763672 0.329102 0.087891 0.022461
0 0.851562 0.549805 0.058594 0.050781
0 0.088867 0.319336 0.089844 0.037109
0 0.135742 0.549805 0.103516 0.044922
0 0.345703 0.517578 0.104492 0.03418
0 0.026367 0.87793 0.053711 0.041992
0 0.962891 0.986328 0.053711 0.027344
0 0.592773 0.217773 0.048828 0.039062
0 0.966797 0.048828 0.06543 0.036133
0 0.323242 0.019531 0.063477 0.037109
0 0.359375 0.012695 0.051758 0.026367
0 0.670898 0.580078 0.134766 0.040039
0 0.341797 0.504883 0.098633 0.030273
0 0.845703 0.344727 0.079102 0.021484
0 0.102539 0.864258 0.068359 0.026367
0 0.073242 0.172852 0.088867 0.078125
0 0.201172 0.889648 0.086914 0.041016
0 0.479492 0.975586 0.095703 0.038086
0 0.78418 0.706055 0.0625 0.022461
0 0.09375 0.267578 0.138672 0.066406
0 0.729492 0.960938 0.069336 0.055664
0 0.545898 0.490234 0.114258 0.046875
0 0.632812 0.485352 0.103516 0.052734
