0 0.015625 0.138672 0.03125 0.102539
0 0.112305 0.166016 0.053711 0.040039
0 0.258789 0.110352 0.063477 0.105469
0 0.325195 0.092773 0.05957 0.085938
0 0.25293 0.235352 0.081055 0.092773
0 0.200195 0.299805 0.084961 0.045898
0 0.022461 0.625977 0.045898 0.074219
0 0.087891 0.682617 0.052734 0.070312
0 0.103516 0.601562 0.074219 0.06543
0 0.132812 0.579102 0.048828 0.067383
0 0.175781 0.569336 0.076172 0.041992
0 0.286133 0.592773 0.103516 0.100586
0 0.381836 0.671875 0.058594 0.057617
0 0.250977 0.671875 0.071289 0.045898
0 0.195312 0.676758 0.058594 0.078125
0 0.197266 0.626953 0.067383 0.058594
0 0.237305 0.614258 0.103516 0.061523
0 0.162109 0.661133 0.043945 0.035156
0 0.21582 0.772461 0.069336 0.039062
0 0.251953 0.806641 0.154297 0.068359
0 0.283203 0.814453 0.099609 0.049805
0 0.400391 0.791992 0.06543 0.047852
0 0.589844 0.777344 0.047852 0.046875
0 0.525391 0.641602 0.06543 0.051758
0 0.526367 0.9375 0.080078 0.037109
0 0.84082 0.967773 0.041992 0.063477
0 0.584961 0.082031 0.064453 0.112305
0 0.605469 0.041016 0.036133 0.06543
0 0.429688 0.171875 0.056641 0.055664
0 0.501953 0.173828 0.056641 0.0625
0 0.561523 0.189453 0.074219 0.109375
0 0.394531 0.255859 0.048828 0.045898
0 0.579102 0.34375 0.042969 0.055664
0 0.636719 0.316406 0.064453 0.047852
0 0.520508 0.352539 0.056641 0.041016
0 0.577148 0.44043 0.0625 0.043945
0 0.594727 0.400391 0.046875 0.02832
0 0.463867 0.50293 0.050781 0.098633
0 0.796875 0.833008 0.051758 0.030273
0 0.763672 0.772461 0.039062 0.041992
0 0.911133 0.762695 0.061523 0.038086
0 0.911133 0.901367 0.02832 0.045898
0 0.824219 0.677734 0.054688 0.106445
0 0.730469 0.679688 0.050781 0.048828
0 0.756836 0.711914 0.043945 0.048828
0 0.793945 0.719727 0.051758 0.055664
0 0.796875 0.65625 0.037109 0.052734
0 0.926758 0.40918 0.029297 0.048828
0 0.973633 0.413086 0.052734 0.052734
0 0.726562 0.339844 0.049805 0.078125
0 0.763672 0.539062 0.054688 0.067383
0 0.211914 0.973633 0.047852 0.052734
0 0.972656 0.803711 0.053711 0.054688
0 0.724609 0.213867 0.052734 0.036133
0 0.818359 0.176758 0.055664 0.058594
0 0.796875 0.09082 0.06543 0.068359
0 0.837891 0.103516 0.048828 0.095703
0 0.762695 0.141602 0.057617 0.124023
0 0.949219 0.128906 0.047852 0.111328
0 0.982422 0.185547 0.03418 0.066406
0 0.958008 0.210938 0.052734 0.069336
0 0.921875 0.192383 0.058594 0.083008
0 0.87793 0.234375 0.052734 0.053711
0 0.09082 0.944336 0.09082 0.048828
0 0.166016 0.956055 0.067383 0.036133
