0 0.011719 0.606445 0.024414 0.060547
0 0.038086 0.587891 0.077148 0.0625
0 0.063477 0.270508 0.115234 0.094727
0 0.178711 0.511719 0.106445 0.136719
0 0.097656 0.654297 0.09668 0.101562
0 0.020508 0.886719 0.041016 0.081055
0 0.089844 0.847656 0.117188 0.061523
0 0.008789 0.970703 0.018555 0.049805
0 0.251953 0.948242 0.069336 0.063477
0 0.329102 0.888672 0.058594 0.061523
0 0.231445 0.576172 0.051758 0.092773
0 0.298828 0.629883 0.063477 0.103516
0 0.339844 0.512695 0.066406 0.095703
0 0.327148 0.392578 0.044922 0.055664
0 0.310547 0.326172 0.067383 0.058594
0 0.40918 0.93457 0.102539 0.084961
0 0.532227 0.941406 0.104492 0.116211
0 0.619141 0.90625 0.078125 0.061523
0 0.65625 0.792969 0.067383 0.076172
0 0.666992 0.641602 0.082031 0.073242
0 0.569336 0.552734 0.072266 0.084961
0 0.431641 0.485352 0.103516 0.115234
0 0.396484 0.546875 0.058594 0.098633
0 0.417969 0.62793 0.056641 0.068359
0 0.59375 0.448242 0.0625 0.06543
0 0.508789 0.420898 0.063477 0.060547
0 0.393555 0.319336 0.070312 0.091797
0 0.442383 0.203125 0.069336 0.087891
0 0.631836 0.365234 0.077148 0.071289
0 0.705078 0.283203 0.085938 0.071289
0 0.851562 0.231445 0.070312 0.067383
0 0.899414 0.290039 0.066406 0.05957
0 0.802734 0.310547 0.053711 0.079102
0 0.770508 0.388672 0.044922 0.079102
0 0.851562 0.416992 0.086914 0.083984
0 0.887695 0.380859 0.05957 0.067383
0 0.960938 0.412109 0.078125 0.078125
0 0.723633 0.503906 0.095703 0.071289
0 0.641602 0.50293 0.071289 0.075195
0 0.879883 0.548828 0.060547 0.056641
0 0.805664 0.580078 0.06543 0.111328
0 0.884766 0.644531 0.082031 0.078125
0 0.944336 0.612305 0.053711 0.117188
0 0.832031 0.772461 0.068359 0.079102
0 0.84375 0.84668 0.067383 0.083984
0 0.761719 0.931641 0.052734 0.067383
0 0.984375 0.816406 0.03125 0.072266
0 0.953125 0.874023 0.085938 0.077148
0 0.972656 0.977539 0.043945 0.044922
0 0.616211 0.035156 0.085938 0.070312
