0 0.81543 0.829102 0.081055 0.057617
0 0.599609 0.055664 0.09375 0.048828
0 0.485352 0.610352 0.070312 0.071289
0 0.789062 0.168945 0.098633 0.074219
0 0.818359 0.086914 0.066406 0.069336
0 0.396484 0.901367 0.087891 0.048828
0 0.458984 0.210938 0.097656 0.075195
0 0.719727 0.104492 0.095703 0.053711
0 0.973633 0.174805 0.052734 0.047852
0 0.253906 0.829102 0.091797 0.064453
0 0.069336 0.344727 0.086914 0.044922
0 0.705078 0.632812 0.084961 0.049805
0 0.459961 0.251953 0.107422 0.077148
0 0.108398 0.667969 0.076172 0.061523
0 0.475586 0.107422 0.078125 0.052734
0 0.283203 0.131836 0.111328 0.046875
0 0.863281 0.037109 0.102539 0.050781
0 0.079102 0.014648 0.097656 0.030273
0 0.808594 0.5 0.042969 0.06543
0 0.557617 0.231445 0.083984 0.049805
0 0.365234 0.834961 0.130859 0.056641
0 0.351562 0.380859 0.083984 0.047852
0 0.884766 0.380859 0.078125 0.036133
0 0.246094 0.71582 0.083008 0.047852
0 0.332031 0.450195 0.098633 0.043945
0 0.974609 0.791016 0.049805 0.03418
0 0.473633 0.569336 0.075195 0.036133
0 0.861328 0.487305 0.070312 0.037109
0 0.253906 0.3125 0.082031 0.042969
0 0.145508 0.610352 0.097656 0.035156
0 0.341797 0.032227 0.083008 0.056641
0 0.205078 0.245117 0.081055 0.044922
0 0.658203 0.402344 0.109375 0.040039
0 0.230469 0.428711 0.107422 0.037109
0 0.670898 0.816406 0.068359 0.041016
0 0.670898 0.021484 0.061523 0.040039
0 0.168945 0.368164 0.074219 0.048828
0 0.212891 0.866211 0.095703 0.041992
0 0.304688 0.513672 0.104492 0.040039
0 0.251953 0.541992 0.069336 0.035156
0 0.831055 0.738281 0.079102 0.040039
0 0.350586 0.335938 0.069336 0.030273
0 0.263672 0.367188 0.052734 0.025391
0 0.485352 0.87207 0.070312 0.045898
0 0.53125 0.732422 0.130859 0.035156
0 0.027344 0.063477 0.054688 0.045898
0 0.6875 0.696289 0.095703 0.056641
0 0.927734 0.720703 0.080078 0.03418
0 0.411133 0.807617 0.103516 0.037109
0 0.458984 0.450195 0.099609 0.041992
0 0.599609 0.788086 0.067383 0.027344
0 0.952148 0.092773 0.048828 0.027344
0 0.250977 0.279297 0.084961 0.030273
0 0.058594 0.431641 0.095703 0.037109
0 0.72168 0.292969 0.054688 0.041992
0 0.193359 0.703125 0.0625 0.040039
0 0.263672 0.774414 0.081055 0.029297
0 0.938477 0.648438 0.068359 0.040039
0 0.981445 0.917969 0.03418 0.033203
0 0.058594 0.666992 0.088867 0.03125
0 0.848633 0.910156 0.088867 0.039062
0 0.145508 0.836914 0.076172 0.041016
0 0.058594 0.177734 0.099609 0.041016
0 0.032227 0.894531 0.06543 0.03418
0 0.271484 0.026367 0.107422 0.053711
0 0.981445 0.537109 0.037109 0.043945
0 0.786133 0.188477 0.095703 0.041992
0 0.946289 0.233398 0.067383 0.017578
0 0.365234 0.363281 0.073242 0.03125
0 0.723633 0.850586 0.107422 0.046875
0 0.475586 0.959961 0.098633 0.039062
0 0.032227 0.935547 0.06543 0.045898
0 0.469727 0.823242 0.05957 0.023438
