0 0.357422 0.821289 0.137695 0.110352
0 0.240234 0.238281 0.118164 0.0625
0 0.626953 0.609375 0.074219 0.064453
0 0.771484 0.816406 0.06543 0.104492
0 0.683594 0.227539 0.107422 0.077148
0 0.216797 0.858398 0.06543 0.082031
0 0.874023 0.038086 0.084961 0.077148
0 0.499023 0.529297 0.069336 0.070312
0 0.449219 0.077148 0.134766 0.109375
0 0.956055 0.886719 0.087891 0.125
0 0.470703 0.806641 0.082031 0.080078
0 0.685547 0.061523 0.082031 0.079102
0 0.350586 0.429688 0.077148 0.070312
0 0.769531 0.016602 0.085938 0.033203
0 0.851562 0.101562 0.05957 0.05957
0 0.230469 0.592773 0.057617 0.118164
0 0.191406 0.414062 0.069336 0.06543
0 0.146484 0.583984 0.094727 0.084961
0 0.298828 0.765625 0.075195 0.072266
0 0.71582 0.287109 0.072266 0.074219
0 0.658203 0.841797 0.072266 0.094727
0 0.516602 0.411133 0.055664 0.052734
0 0.414062 0.144531 0.06543 0.064453
0 0.826172 0.867188 0.107422 0.064453
0 0.897461 0.430664 0.089844 0.084961
0 0.40625 0.25293 0.084961 0.072266
0 0.486328 0.9375 0.120117 0.125
0 0.077148 0.110352 0.080078 0.074219
0 0.335938 0.365234 0.0625 0.057617
0 0.648438 0.914062 0.037109 0.084961
0 0.132812 0.363281 0.057617 0.091797
0 0.15918 0.682617 0.06543 0.12207
0 0.926758 0.517578 0.115234 0.057617
0 0.110352 0.802734 0.0625 0.166992
0 0.841797 0.000977 0.084961 0.001953
0 0.178711 0.352539 0.084961 0.077148
0 0.947266 0.628906 0.070312 0.055664
0 0.311523 0.099609 0.084961 0.080078
0 0.026367 0.230469 0.049805 0.052734
0 0.039062 0.856445 0.079102 0.101562
0 0.025391 0.365234 0.051758 0.109375
0 0.448242 0.276367 0.0625 0.06543
0 0.936523 0.519531 0.126953 0.162109
0 0.02832 0.12207 0.056641 0.072266
0 0.029297 0.064453 0.05957 0.057617
0 0.680664 0.920898 0.05957 0.082031
0 0.749023 0.860352 0.055664 0.0625
0 0.866211 0.980469 0.0625 0.038086
0 0.556641 0.270508 0.044922 0.0625
