0 0.742188 0.014648 0.051758 0.030273
0 0.664062 0.015625 0.06543 0.032227
0 0.020508 0.058594 0.041992 0.118164
0 0.087891 0.080078 0.077148 0.111328
0 0.470703 0.09375 0.075195 0.099609
0 0.547852 0.143555 0.071289 0.083984
0 0.665039 0.143555 0.068359 0.061523
0 0.635742 0.22168 0.134766 0.125
0 0.856445 0.220703 0.101562 0.103516
0 0.770508 0.514648 0.107422 0.162109
0 0.356445 0.22168 0.144531 0.09375
0 0.165039 0.323242 0.138672 0.135742
0 0.456055 0.335938 0.208984 0.126953
0 0.541016 0.494141 0.082031 0.170898
0 0.050781 0.44043 0.06543 0.144531
0 0.06543 0.625977 0.130859 0.125
0 0.150391 0.765625 0.125 0.089844
0 0.232422 0.706055 0.079102 0.074219
0 0.34082 0.693359 0.071289 0.084961
0 0.407227 0.829102 0.158203 0.102539
0 0.43457 0.927734 0.111328 0.077148
0 0.555664 0.875977 0.125 0.077148
0 0.652344 0.725586 0.144531 0.101562
0 0.649414 0.615234 0.115234 0.119141
0 0.692383 0.569336 0.114258 0.155273
0 0.769531 0.963867 0.086914 0.071289
0 0.912109 0.94043 0.088867 0.113281
0 0.945312 0.765625 0.108398 0.121094
0 0.797852 0.647461 0.083984 0.123047
0 0.962891 0.076172 0.073242 0.15332
0 0.993164 0.161133 0.013672 0.068359
0 0.585938 0.43457 0.108398 0.131836
0 0.178711 0.191406 0.074219 0.082031
0 0.172852 0.024414 0.047852 0.049805
