0 0.532227 0.744141 0.115234 0.095703
0 0.658203 0.393555 0.128906 0.083008
0 0.958984 0.244141 0.081055 0.125
0 0.650391 0.1875 0.083984 0.083008
0 0.513672 0.245117 0.089844 0.097656
0 0.057617 0.239258 0.079102 0.104492
0 0.079102 0.826172 0.075195 0.085938
0 0.19043 0.757812 0.081055 0.09375
0 0.536133 0.924805 0.106445 0.104492
0 0.751953 0.470703 0.133789 0.095703
0 0.545898 0.508789 0.121094 0.099609
0 0.363281 0.861328 0.114258 0.088867
0 0.385742 0.984375 0.194336 0.03125
0 0.21582 0.487305 0.052734 0.117188
0 0.295898 0.513672 0.075195 0.080078
0 0.451172 0.425781 0.078125 0.110352
0 0.369141 0.338867 0.071289 0.0625
0 0.308594 0.230469 0.063477 0.078125
0 0.452148 0.09375 0.130859 0.129883
0 0.62793 0.054688 0.081055 0.070312
0 0.748047 0.088867 0.063477 0.075195
0 0.62207 0.538086 0.051758 0.051758
0 0.676758 0.55957 0.072266 0.095703
0 0.725586 0.646484 0.041992 0.048828
0 0.72168 0.851562 0.099609 0.061523
0 0.616211 0.866211 0.048828 0.06543
0 0.013672 0.966797 0.02832 0.066406
0 0.098633 0.973633 0.068359 0.052734
0 0.180664 0.911133 0.067383 0.076172
0 0.855469 0.22168 0.073242 0.080078
0 0.917969 0.074219 0.084961 0.074219
0 0.907227 0.364258 0.125977 0.064453
0 0.797852 0.756836 0.077148 0.061523
0 0.96875 0.791016 0.061523 0.051758
0 0.830078 0.686523 0.069336 0.061523
0 0.865234 0.84668 0.066406 0.055664
0 0.901367 0.946289 0.097656 0.074219
