0 0.052734 0.039062 0.102539 0.079102
0 0.118164 0.383789 0.097656 0.126953
0 0.959961 0.070312 0.079102 0.073242
0 0.84668 0.476562 0.102539 0.058594
0 0.124023 0.642578 0.086914 0.078125
0 0.037109 0.793945 0.074219 0.114258
0 0.161133 0.860352 0.144531 0.116211
0 0.81543 0.919922 0.12793 0.080078
0 0.199219 0.521484 0.092773 0.056641
0 0.227539 0.419922 0.119141 0.09375
0 0.959961 0.577148 0.080078 0.080078
0 0.864258 0.4375 0.117188 0.063477
0 0.930664 0.93457 0.104492 0.102539
0 0.195312 0.023438 0.119141 0.043945
0 0.921875 0.415039 0.109375 0.088867
0 0.023438 0.629883 0.046875 0.069336
0 0.134766 0.541016 0.095703 0.088867
