0 0.357422 0.669922 0.063477 0.064453
0 0.097656 0.563477 0.097656 0.224609
0 0.283203 0.013672 0.100586 0.027344
0 0.774414 0.369141 0.103516 0.118164
0 0.581055 0.268555 0.077148 0.068359
0 0.386719 0.011719 0.083984 0.024414
0 0.917969 0.606445 0.164062 0.117188
0 0.546875 0.779297 0.0625 0.066406
0 0.600586 0.704102 0.097656 0.114258
0 0.083008 0.893555 0.166992 0.075195
0 0.541992 0.119141 0.091797 0.186523
0 0.25 0.092773 0.128906 0.173828
0 0.600586 0.148438 0.077148 0.146484
0 0.056641 0.081055 0.107422 0.123047
0 0.948242 0.923828 0.103516 0.111328
0 0.865234 0.15332 0.100586 0.110352
0 0.677734 0.504883 0.094727 0.09082
0 0.302734 0.947266 0.102539 0.087891
0 0.850586 0.477539 0.09082 0.179688
0 0.426758 0.275391 0.095703 0.135742
0 0.780273 0.064453 0.179688 0.129883
0 0.239258 0.964844 0.139648 0.068359
0 0.333008 0.922852 0.123047 0.132812
0 0.803711 0.825195 0.077148 0.077148
0 0.023438 0.382812 0.046875 0.086914
0 0.823242 0.40332 0.164062 0.091797
0 0.477539 0.078125 0.091797 0.109375
0 0.167969 0.0625 0.085938 0.117188
0 0.915039 0.053711 0.116211 0.069336
0 0.553711 0.033203 0.076172 0.066406
