0 0.179688 0.061523 0.097656 0.056641
0 0.311523 0.060547 0.054688 0.05957
0 0.318359 0.120117 0.05957 0.057617
0 0.354492 0.083008 0.075195 0.058594
0 0.376953 0.038086 0.076172 0.077148
0 0.420898 0.025391 0.070312 0.050781
0 0.022461 0.038086 0.045898 0.076172
0 0.483398 0.204102 0.073242 0.069336
0 0.679688 0.216797 0.129883 0.076172
0 0.797852 0.148438 0.072266 0.083984
0 0.976562 0.149414 0.046875 0.085938
0 0.954102 0.081055 0.083984 0.063477
0 0.899414 0.113281 0.060547 0.047852
0 0.880859 0.064453 0.107422 0.066406
0 0.762695 0.044922 0.103516 0.09082
0 0.246094 0.489258 0.076172 0.072266
0 0.308594 0.511719 0.083984 0.0625
0 0.348633 0.560547 0.068359 0.081055
0 0.038086 0.47168 0.076172 0.078125
0 0.039062 0.584961 0.067383 0.061523
0 0.056641 0.646484 0.076172 0.070312
0 0.22168 0.586914 0.079102 0.057617
0 0.225586 0.655273 0.087891 0.057617
0 0.202148 0.719727 0.077148 0.049805
0 0.111328 0.71875 0.086914 0.074219
0 0.125 0.916992 0.105469 0.0625
0 0.275391 0.974609 0.068359 0.050781
0 0.266602 0.921875 0.054688 0.051758
0 0.615234 0.633789 0.076172 0.0625
0 0.725586 0.628906 0.108398 0.115234
0 0.615234 0.563477 0.070312 0.053711
0 0.553711 0.469727 0.05957 0.054688
0 0.492188 0.543945 0.05957 0.050781
0 0.517578 0.582031 0.09668 0.043945
0 0.376953 0.629883 0.118164 0.081055
0 0.488281 0.924805 0.082031 0.046875
0 0.516602 0.824219 0.068359 0.044922
0 0.679688 0.876953 0.053711 0.068359
0 0.769531 0.888672 0.072266 0.054688
0 0.923828 0.908203 0.077148 0.060547
0 0.62793 0.96875 0.064453 0.061523
0 0.670898 0.989258 0.066406 0.021484
0 0.735352 0.973633 0.083984 0.052734
0 0.818359 0.974609 0.054688 0.050781
0 0.893555 0.943359 0.06543 0.043945
0 0.907227 0.983398 0.0625 0.033203
0 0.505859 0.97168 0.108398 0.055664
0 0.422852 0.988281 0.082031 0.023438
0 0.991211 0.542969 0.017578 0.050781
0 0.915039 0.452148 0.086914 0.064453
0 0.882812 0.53125 0.060547 0.054688
0 0.40625 0.09668 0.048828 0.061523
0 0.455078 0.101562 0.073242 0.071289
0 0.601562 0.03125 0.09375 0.0625
0 0.077148 0.814453 0.063477 0.070312
