0 0.963867 0.049805 0.072266 0.073242
0 0.912109 0.095703 0.066406 0.069336
0 0.832031 0.066406 0.06543 0.049805
0 0.845703 0.114258 0.050781 0.061523
0 0.71582 0.15625 0.046875 0.071289
0 0.805664 0.238281 0.066406 0.069336
0 0.84668 0.197266 0.069336 0.064453
0 0.875 0.263672 0.074219 0.0625
0 0.921875 0.227539 0.06543 0.060547
0 0.648438 0.270508 0.125 0.063477
0 0.698242 0.24707 0.121094 0.074219
0 0.59375 0.082031 0.06543 0.098633
0 0.505859 0.160156 0.097656 0.05957
0 0.427734 0.106445 0.075195 0.0625
0 0.356445 0.042969 0.057617 0.086914
0 0.305664 0.048828 0.066406 0.060547
0 0.311523 0.198242 0.089844 0.105469
0 0.5 0.264648 0.072266 0.068359
0 0.547852 0.28418 0.0625 0.067383
0 0.220703 0.290039 0.061523 0.070312
0 0.12793 0.170898 0.053711 0.067383
0 0.088867 0.121094 0.068359 0.068359
0 0.041992 0.210938 0.076172 0.058594
0 0.452148 0.524414 0.136719 0.06543
0 0.946289 0.695312 0.067383 0.107422
0 0.194336 0.691406 0.09668 0.069336
0 0.106445 0.69043 0.084961 0.058594
0 0.039062 0.642578 0.079102 0.064453
0 0.030273 0.853516 0.060547 0.047852
0 0.293945 0.754883 0.121094 0.051758
0 0.490234 0.780273 0.061523 0.06543
0 0.55957 0.720703 0.071289 0.06543
0 0.638672 0.709961 0.052734 0.054688
0 0.654297 0.663086 0.106445 0.072266
0 0.714844 0.717773 0.085938 0.05957
0 0.792969 0.765625 0.113281 0.06543
0 0.805664 0.860352 0.058594 0.06543
0 0.654297 0.870117 0.092773 0.089844
0 0.696289 0.871094 0.058594 0.064453
0 0.592773 0.90332 0.069336 0.06543
0 0.512695 0.816406 0.069336 0.054688
0 0.47168 0.700195 0.060547 0.082031
0 0.413086 0.65918 0.061523 0.080078
0 0.450195 0.626953 0.064453 0.064453
0 0.325195 0.677734 0.083984 0.06543
0 0.342773 0.885742 0.056641 0.051758
0 0.330078 0.813477 0.069336 0.050781
0 0.90918 0.875977 0.058594 0.055664
0 0.948242 0.883789 0.057617 0.075195
0 0.963867 0.357422 0.055664 0.056641
0 0.748047 0.103516 0.049805 0.053711
0 0.164062 0.755859 0.056641 0.053711
0 0.420898 0.768555 0.050781 0.053711
0 0.973633 0.753906 0.052734 0.056641
