0 0.03418 0.106445 0.068359 0.101562
0 0.348633 0.040039 0.125 0.080078
0 0.367188 0.172852 0.075195 0.083984
0 0.328125 0.194336 0.0625 0.075195
0 0.55957 0.15625 0.116211 0.072266
0 0.584961 0.092773 0.09082 0.082031
0 0.535156 0.203125 0.063477 0.080078
0 0.579102 0.271484 0.091797 0.085938
0 0.09082 0.330078 0.145508 0.075195
0 0.092773 0.385742 0.100586 0.056641
0 0.241211 0.368164 0.092773 0.068359
0 0.180664 0.462891 0.089844 0.100586
0 0.173828 0.522461 0.105469 0.157227
0 0.22168 0.726562 0.123047 0.073242
0 0.024414 0.379883 0.049805 0.105469
0 0.03125 0.476562 0.0625 0.070312
0 0.423828 0.34668 0.102539 0.052734
0 0.371094 0.34082 0.137695 0.088867
0 0.519531 0.345703 0.098633 0.060547
0 0.59375 0.399414 0.049805 0.046875
0 0.557617 0.428711 0.0625 0.06543
0 0.447266 0.488281 0.078125 0.111328
0 0.385742 0.508789 0.064453 0.051758
0 0.696289 0.366211 0.107422 0.041016
0 0.751953 0.30957 0.115234 0.069336
0 0.792969 0.282227 0.079102 0.115234
0 0.907227 0.288086 0.088867 0.076172
0 0.895508 0.365234 0.074219 0.05957
0 0.798828 0.443359 0.09668 0.102539
0 0.717773 0.425781 0.077148 0.085938
0 0.913086 0.182617 0.085938 0.091797
0 0.96582 0.204102 0.067383 0.057617
0 0.975586 0.244141 0.047852 0.067383
0 0.972656 0.350586 0.053711 0.058594
0 0.955078 0.492188 0.072266 0.128906
0 0.988281 0.499023 0.022461 0.076172
0 0.552734 0.810547 0.118164 0.080078
0 0.625 0.858398 0.05957 0.079102
0 0.701172 0.822266 0.06543 0.0625
0 0.837891 0.772461 0.087891 0.049805
0 0.870117 0.814453 0.080078 0.058594
0 0.768555 0.875 0.054688 0.067383
0 0.654297 0.942383 0.073242 0.049805
0 0.158203 0.861328 0.15625 0.083984
0 0.341797 0.901367 0.120117 0.089844
0 0.320312 0.966797 0.136719 0.066406
0 0.396484 0.973633 0.067383 0.052734
0 0.461914 0.989258 0.119141 0.021484
0 0.712891 0.985352 0.091797 0.02832
0 0.816406 0.970703 0.100586 0.057617
0 0.867188 0.943359 0.082031 0.054688
0 0.926758 0.915039 0.107422 0.116211
0 0.931641 0.821289 0.063477 0.09082
0 0.970703 0.813477 0.057617 0.073242
0 0.994141 0.986328 0.011719 0.027344
0 0.043945 0.296875 0.045898 0.099609
0 0.549805 0.317383 0.100586 0.083008
0 0.675781 0.5625 0.068359 0.069336
