0 0.119141 0.142578 0.116211 0.046875
0 0.489258 0.508789 0.081055 0.067383
0 0.302734 0.844727 0.117188 0.048828
0 0.25293 0.478516 0.083984 0.091797
0 0.22168 0.5 0.15625 0.050781
0 0.266602 0.180664 0.123047 0.067383
0 0.507812 0.980469 0.09668 0.035156
0 0.608398 0.192383 0.084961 0.075195
0 0.679688 0.019531 0.102539 0.039062
0 0.06543 0.285156 0.131836 0.066406
0 0.939453 0.253906 0.068359 0.049805
0 0.947266 0.821289 0.104492 0.057617
0 0.46875 0.417969 0.098633 0.133789
0 0.556641 0.650391 0.074219 0.03125
0 0.428711 0.932617 0.083984 0.076172
0 0.705078 0.15332 0.060547 0.055664
0 0.318359 0.601562 0.108398 0.048828
0 0.758789 0.210938 0.192383 0.055664
0 0.246094 0.793945 0.063477 0.041016
0 0.936523 0.959961 0.075195 0.045898
0 0.916016 0.844727 0.066406 0.052734
0 0.306641 0.142578 0.075195 0.083984
0 0.494141 0.897461 0.169922 0.056641
0 0.864258 0.179688 0.085938 0.0625
0 0.564453 0.823242 0.092773 0.036133
0 0.69043 0.813477 0.041992 0.107422
0 0.310547 0.279297 0.100586 0.039062
0 0.322266 0.631836 0.102539 0.036133
0 0.769531 0.160156 0.057617 0.033203
0 0.393555 0.37207 0.104492 0.078125
0 0.242188 0.249023 0.074219 0.050781
0 0.673828 0.557617 0.079102 0.061523
0 0.558594 0.355469 0.083008 0.037109
0 0.041992 0.454102 0.082031 0.048828
0 0.246094 0.939453 0.088867 0.06543
0 0.723633 0.507812 0.09668 0.053711
0 0.493164 0.876953 0.120117 0.033203
0 0.920898 0.19043 0.115234 0.09668
0 0.601562 0.874023 0.121094 0.040039
0 0.28418 0.977539 0.216797 0.044922
0 0.09375 0.541016 0.1875 0.083008
0 0.012695 0.540039 0.024414 0.030273
0 0.567383 0.626953 0.088867 0.042969
0 0.913086 0.783203 0.100586 0.051758
0 0.157227 0.350586 0.051758 0.09668
0 0.858398 0.245117 0.052734 0.039062
0 0.556641 0.841797 0.083984 0.029297
0 0.328125 0.014648 0.047852 0.02832
0 0.758789 0.862305 0.077148 0.043945
0 0.097656 0.501953 0.118164 0.069336
0 0.62207 0.613281 0.155273 0.043945
0 0.367188 0.796875 0.082031 0.044922
0 0.021484 0.484375 0.043945 0.033203
0 0.34082 0.113281 0.170898 0.087891
0 0.977539 0.888672 0.040039 0.043945
0 0.623047 0.082031 0.106445 0.053711
