0 0.174805 0.954102 0.081055 0.067383
0 0.042969 0.885742 0.076172 0.060547
0 0.181641 0.859375 0.086914 0.071289
0 0.155273 0.768555 0.067383 0.113281
0 0.056641 0.793945 0.049805 0.051758
0 0.344727 0.780273 0.064453 0.080078
0 0.227539 0.636719 0.052734 0.076172
0 0.15918 0.649414 0.069336 0.067383
0 0.094727 0.576172 0.075195 0.06543
0 0.195312 0.563477 0.075195 0.061523
0 0.018555 0.47168 0.038086 0.069336
0 0.068359 0.168945 0.077148 0.097656
0 0.204102 0.234375 0.088867 0.09082
0 0.135742 0.414062 0.070312 0.119141
0 0.245117 0.452148 0.069336 0.082031
0 0.166992 0.492188 0.066406 0.070312
0 0.413086 0.569336 0.069336 0.075195
0 0.352539 0.429688 0.039062 0.060547
0 0.397461 0.40918 0.05957 0.055664
0 0.30957 0.489258 0.053711 0.063477
0 0.304688 0.337891 0.072266 0.067383
0 0.291016 0.202148 0.067383 0.109375
0 0.374023 0.19043 0.061523 0.100586
0 0.411133 0.280273 0.107422 0.100586
0 0.448242 0.34668 0.097656 0.069336
0 0.5625 0.382812 0.066406 0.089844
0 0.53125 0.164062 0.074219 0.213867
0 0.635742 0.267578 0.072266 0.134766
0 0.785156 0.245117 0.094727 0.103516
0 0.780273 0.37207 0.177734 0.106445
0 0.65625 0.59375 0.085938 0.072266
0 0.701172 0.439453 0.069336 0.070312
0 0.576172 0.530273 0.06543 0.085938
0 0.519531 0.59375 0.074219 0.083008
0 0.744141 0.759766 0.103516 0.110352
0 0.683594 0.869141 0.0625 0.084961
0 0.741211 0.847656 0.0625 0.068359
0 0.824219 0.834961 0.068359 0.069336
0 0.75293 0.927734 0.0625 0.074219
0 0.605469 0.982422 0.070312 0.03418
0 0.964844 0.957031 0.0625 0.068359
0 0.976562 0.739258 0.046875 0.110352
0 0.93457 0.733398 0.048828 0.092773
0 0.941406 0.59668 0.080078 0.058594
0 0.862305 0.53418 0.080078 0.084961
0 0.455078 0.241211 0.060547 0.092773
0 0.779297 0.330078 0.102539 0.06543
0 0.341797 0.830078 0.038086 0.040039
0 0.398438 0.503906 0.053711 0.064453
0 0.086914 0.990234 0.049805 0.018555
0 0.12207 0.845703 0.047852 0.043945
0 0.137695 0.758789 0.054688 0.078125
