0 0.855469 0.338867 0.085938 0.097656
0 0.893555 0.053711 0.111914 0.093164
0 0.198242 0.195312 0.124023 0.112305
0 0.539062 0.070312 0.089844 0.06543
0 0.233398 0.030273 0.09082 0.057617
0 0.728516 0.399414 0.111328 0.063477
0 0.060547 0.977539 0.12207 0.044922
0 0.430664 0.125 0.107422 0.052734
0 0.644531 0.186523 0.091797 0.050781
0 0.095703 0.53125 0.104492 0.061523
0 0.608398 0.25293 0.100586 0.060547
0 0.039062 0.647461 0.077148 0.058594
0 0.789062 0.770508 0.125977 0.054688
0 0.945312 0.762695 0.097656 0.068359
0 0.957031 0.397461 0.085938 0.0625
0 0.626953 0.845703 0.118164 0.053711
0 0.304688 0.789062 0.101562 0.041992
0 0.422852 0.469727 0.082031 0.063477
0 0.108398 0.44043 0.135742 0.055664
0 0.561523 0.165039 0.091797 0.049805
0 0.03418 0.02832 0.067383 0.045898
0 0.05957 0.300781 0.119141 0.085938
0 0.086914 0.791992 0.173828 0.048828
0 0.914062 0.34668 0.064453 0.068359
0 0.297852 0.916992 0.126953 0.048828
0 0.407227 0.677734 0.176758 0.0625
0 0.961914 0.44043 0.075195 0.032227
0 0.214844 0.387695 0.134766 0.030273
0 0.607422 0.030273 0.072266 0.056641
0 0.185547 0.349609 0.113281 0.041992
0 0.9375 0.046875 0.076172 0.056641
0 0.743164 0.695312 0.116211 0.051758
0 0.527344 0.082031 0.09082 0.057617
0 0.422852 0.822266 0.097656 0.054688
0 0.349609 0.423828 0.118164 0.061523
0 0.988281 0.756836 0.022461 0.02832
0 0.192383 0.74707 0.178711 0.041016
0 0.62207 0.027344 0.06543 0.051758
0 0.785156 0.009766 0.071289 0.020508
0 0.058594 0.322266 0.116211 0.05957
0 0.301758 0.829102 0.143555 0.033203
0 0.141602 0.418945 0.154297 0.032227
0 0.853516 0.742188 0.126953 0.071289
0 0.894531 0.411133 0.113281 0.039062
0 0.570312 0.441406 0.09668 0.055664
0 0.84082 0.824219 0.086914 0.042969
0 0.90918 0.810547 0.167969 0.038086
0 0.291016 0.333984 0.1875 0.043945
0 0.431641 0.399414 0.174805 0.044922
0 0.456055 0.380859 0.136719 0.033203
0 0.776367 0.736328 0.107422 0.056641
0 0.033203 0.087891 0.05957 0.033203
0 0.018555 0.822266 0.038086 0.038086
0 0.474609 0.44043 0.108398 0.06543
0 0.165039 0.725586 0.106445 0.045898
0 0.072266 0.712891 0.12207 0.040039
0 0.514648 0.960938 0.167969 0.061523
0 0.075195 0.516602 0.131836 0.039062
0 0.162109 0.49707 0.09668 0.041992
