0 0.220703 0.582031 0.097656 0.089844
0 0.964844 0.405273 0.070312 0.108398
0 0.742188 0.658203 0.105469 0.082031
0 0.163086 0.104492 0.087891 0.099609
0 0.900391 0.801758 0.097656 0.084961
0 0.822266 0.558594 0.086914 0.115234
0 0.207031 0.833984 0.119141 0.110352
0 0.783203 0.032227 0.087891 0.064453
0 0.383789 0.212891 0.084961 0.097656
0 0.874023 0.212891 0.069336 0.067383
0 0.22168 0.037109 0.110352 0.074219
0 0.864258 0.413086 0.134766 0.107422
0 0.40332 0.770508 0.126953 0.092773
0 0.724609 0.271484 0.105469 0.084961
0 0.300781 0.943359 0.087891 0.091797
0 0.387695 0.050781 0.102539 0.101562
0 0.111328 0.630859 0.129883 0.087891
0 0.361328 0.495117 0.084961 0.083008
0 0.466797 0.454102 0.099609 0.084961
0 0.073242 0.742188 0.125977 0.084961
0 0.333008 0.378906 0.092773 0.109375
0 0.845703 0.920898 0.123047 0.078125
0 0.395508 0.410156 0.083008 0.086914
