0 0.081055 0.057617 0.068359 0.115234
0 0.132812 0.040039 0.039062 0.080078
0 0.289062 0.110352 0.095703 0.106445
0 0.3125 0.023438 0.120117 0.046875
0 0.261719 0.24707 0.106445 0.071289
0 0.18457 0.250977 0.072266 0.119141
0 0.075195 0.258789 0.121094 0.137695
0 0.574219 0.229492 0.236328 0.063477
0 0.600586 0.287109 0.070312 0.067383
0 0.80957 0.269531 0.170898 0.070312
0 0.757812 0.146484 0.158203 0.094727
0 0.885742 0.169922 0.092773 0.123047
0 0.777344 0.036133 0.071289 0.073242
0 0.676758 0.385742 0.146484 0.066406
0 0.577148 0.359375 0.052734 0.0625
0 0.56543 0.578125 0.061523 0.054688
0 0.461914 0.583008 0.086914 0.118164
0 0.234375 0.727539 0.084961 0.157227
0 0.186523 0.59668 0.089844 0.150391
0 0.06543 0.658203 0.095703 0.178711
0 0.137695 0.457031 0.080078 0.087891
0 0.069336 0.393555 0.056641 0.056641
0 0.858398 0.395508 0.063477 0.137695
0 0.921875 0.3125 0.058594 0.06543
0 0.974609 0.358398 0.050781 0.165039
0 0.841797 0.595703 0.075195 0.076172
0 0.741211 0.566406 0.078125 0.109375
0 0.680664 0.630859 0.056641 0.108398
0 0.739258 0.696289 0.09082 0.063477
0 0.669922 0.771484 0.049805 0.113281
0 0.462891 0.756836 0.121094 0.125
0 0.408203 0.81543 0.100586 0.200195
0 0.891602 0.737305 0.087891 0.071289
0 0.947266 0.703125 0.053711 0.060547
0 0.992188 0.601562 0.014648 0.09375
0 0.980469 0.80957 0.038086 0.098633
0 0.821289 0.842773 0.121094 0.117188
0 0.833008 0.955078 0.075195 0.051758
0 0.898438 0.972656 0.085938 0.053711
0 0.379883 0.993164 0.064453 0.013672
0 0.770508 0.945312 0.044922 0.045898
0 0.275391 0.520508 0.058594 0.036133
