0 0.174805 0.65332 0.114258 0.060547
0 0.880859 0.295898 0.05957 0.086914
0 0.28125 0.490234 0.087891 0.058594
0 0.975586 0.166992 0.044922 0.087891
0 0.602539 0.139648 0.050781 0.072266
0 0.827148 0.964844 0.053711 0.066406
0 0.988281 0.421875 0.022461 0.038086
0 0.734375 0.046875 0.064453 0.089844
0 0.508789 0.637695 0.078125 0.092773
0 0.625977 0.319336 0.072266 0.080078
0 0.0625 0.157227 0.066406 0.098633
0 0.523438 0.46582 0.074219 0.092773
0 0.19043 0.095703 0.05957 0.095703
0 0.582031 0.601562 0.084961 0.070312
0 0.040039 0.904297 0.080078 0.056641
0 0.18457 0.580078 0.094727 0.053711
0 0.753906 0.12793 0.040039 0.101562
0 0.852539 0.72168 0.083984 0.084961
0 0.140625 0.373047 0.086914 0.0625
0 0.611328 0.012695 0.05957 0.024414
0 0.675781 0.442383 0.041992 0.099609
0 0.566406 0.736328 0.083008 0.042969
0 0.805664 0.831055 0.025391 0.063477
0 0.142578 0.974609 0.089844 0.040039
0 0.366211 0.744141 0.083008 0.043945
0 0.90918 0.027344 0.071289 0.054688
0 0.298828 0.458984 0.069336 0.054688
0 0.251953 0.861328 0.029297 0.060547
0 0.607422 0.816406 0.044922 0.118164
0 0.746094 0.286133 0.050781 0.049805
0 0.828125 0.333008 0.060547 0.051758
0 0.536133 0.085938 0.02832 0.054688
0 0.967773 0.604492 0.043945 0.069336
0 0.020508 0.941406 0.041016 0.039062
0 0.070312 0.227539 0.077148 0.043945
0 0.258789 0.202148 0.072266 0.048828
0 0.693359 0.626953 0.041992 0.061523
0 0.228516 0.408203 0.058594 0.044922
0 0.489258 0.52832 0.051758 0.063477
0 0.514648 0.837891 0.073242 0.038086
0 0.113281 0.823242 0.058594 0.083008
0 0.803711 0.873047 0.051758 0.022461
0 0.128906 0.269531 0.081055 0.053711
0 0.519531 0.972656 0.078125 0.037109
0 0.046875 0.276367 0.09375 0.055664
0 0.417969 0.634766 0.067383 0.039062
0 0.307617 0.664062 0.048828 0.045898
0 0.035156 0.564453 0.071289 0.043945
0 0.517578 0.073242 0.040039 0.060547
0 0.632812 0.280273 0.035156 0.063477
0 0.768555 0.853516 0.03418 0.061523
0 0.576172 0.235352 0.046875 0.037109
0 0.425781 0.825195 0.05957 0.054688
0 0.598633 0.033203 0.077148 0.0625
0 0.608398 0.34375 0.039062 0.044922
0 0.421875 0.760742 0.056641 0.107422
0 0.291992 0.256836 0.05957 0.045898
0 0.59668 0.610352 0.046875 0.037109
0 0.916992 0.929688 0.063477 0.045898
0 0.530273 0.202148 0.063477 0.063477
