0 0.017578 0.212891 0.035156 0.0625
0 0.182617 0.250977 0.072266 0.082031
0 0.356445 0.264648 0.110352 0.06543
0 0.791992 0.03418 0.09082 0.0625
0 0.631836 0.154297 0.133789 0.085938
0 0.777344 0.170898 0.115234 0.073242
0 0.695312 0.223633 0.06543 0.083008
0 0.813477 0.266602 0.074219 0.064453
0 0.901367 0.270508 0.111328 0.075195
0 0.976562 0.231445 0.046875 0.057617
0 0.654297 0.410156 0.091797 0.078125
0 0.239258 0.413086 0.054688 0.058594
0 0.304688 0.399414 0.078125 0.055664
0 0.300781 0.345703 0.073242 0.064453
0 0.375977 0.347656 0.098633 0.070312
0 0.146484 0.606445 0.087891 0.098633
0 0.362305 0.675781 0.076172 0.109375
0 0.582031 0.59668 0.068359 0.107422
0 0.660156 0.554688 0.078125 0.074219
0 0.84082 0.597656 0.064453 0.071289
0 0.893555 0.629883 0.071289 0.041016
0 0.027344 0.813477 0.054688 0.082031
0 0.115234 0.789062 0.057617 0.09082
0 0.157227 0.760742 0.0625 0.053711
0 0.171875 0.819336 0.069336 0.083984
0 0.211914 0.730469 0.077148 0.114258
0 0.342773 0.782227 0.066406 0.070312
0 0.390625 0.805664 0.084961 0.079102
0 0.532227 0.740234 0.087891 0.086914
0 0.610352 0.676758 0.069336 0.06543
0 0.452148 0.842773 0.074219 0.058594
0 0.474609 0.798828 0.102539 0.060547
0 0.540039 0.861328 0.101562 0.069336
0 0.74707 0.889648 0.072266 0.067383
0 0.831055 0.796875 0.092773 0.074219
0 0.849609 0.870117 0.103516 0.048828
0 0.875977 0.908203 0.095703 0.060547
0 0.942383 0.9375 0.09668 0.057617
0 0.80957 0.912109 0.058594 0.060547
0 0.874023 0.96875 0.077148 0.0625
0 0.486328 0.962891 0.118164 0.073242
0 0.205078 0.967773 0.097656 0.063477
0 0.033203 0.976562 0.056641 0.046875
0 0.960938 0.763672 0.067383 0.070312
