0 0.044922 0.376953 0.053711 0.076172
0 0.053711 0.323242 0.058594 0.054688
0 0.019531 0.103516 0.039062 0.0625
0 0.143555 0.422852 0.060547 0.060547
0 0.177734 0.34082 0.063477 0.069336
0 0.124023 0.344727 0.056641 0.056641
0 0.128906 0.145508 0.068359 0.079102
0 0.131836 0.623047 0.083984 0.074219
0 0.110352 0.679688 0.053711 0.068359
0 0.045898 0.686523 0.087891 0.066406
0 0.010742 0.992188 0.022461 0.015625
0 0.05957 0.829102 0.048828 0.063477
0 0.189453 0.905273 0.098633 0.087891
0 0.113281 0.963867 0.06543 0.054688
0 0.314453 0.880859 0.058594 0.052734
0 0.310547 0.833008 0.066406 0.049805
0 0.267578 0.722656 0.055664 0.050781
0 0.481445 0.862305 0.06543 0.046875
0 0.449219 0.887695 0.075195 0.05957
0 0.358398 0.94043 0.067383 0.057617
0 0.321289 0.96875 0.043945 0.048828
0 0.47168 0.957031 0.079102 0.061523
0 0.241211 0.586914 0.046875 0.043945
0 0.317383 0.599609 0.077148 0.047852
0 0.356445 0.666016 0.072266 0.068359
0 0.368164 0.716797 0.102539 0.068359
0 0.510742 0.688477 0.085938 0.108398
0 0.40332 0.53125 0.069336 0.058594
0 0.166016 0.485352 0.089844 0.057617
0 0.292969 0.432617 0.069336 0.081055
0 0.282227 0.488281 0.052734 0.057617
0 0.334961 0.394531 0.044922 0.055664
0 0.422852 0.369141 0.080078 0.054688
0 0.296875 0.263672 0.061523 0.047852
0 0.34375 0.240234 0.063477 0.058594
0 0.211914 0.163086 0.054688 0.086914
0 0.267578 0.207031 0.071289 0.075195
0 0.520508 0.376953 0.057617 0.056641
0 0.577148 0.294922 0.083008 0.06543
0 0.585938 0.34082 0.069336 0.052734
0 0.480469 0.178711 0.080078 0.064453
0 0.521484 0.225586 0.079102 0.05957
0 0.407227 0.014648 0.051758 0.030273
0 0.515625 0.054688 0.078125 0.109375
0 0.606445 0.09375 0.047852 0.086914
0 0.612305 0.139648 0.05957 0.068359
0 0.921875 0.115234 0.058594 0.070312
0 0.669922 0.274414 0.081055 0.053711
0 0.87793 0.186523 0.102539 0.045898
0 0.90332 0.210938 0.077148 0.041992
0 0.970703 0.15332 0.058594 0.051758
0 0.540039 0.453125 0.080078 0.054688
0 0.600586 0.46875 0.06543 0.078125
0 0.673828 0.745117 0.071289 0.0625
0 0.548828 0.804688 0.089844 0.069336
0 0.602539 0.797852 0.083008 0.050781
0 0.764648 0.859375 0.139648 0.09082
0 0.793945 0.825195 0.108398 0.047852
0 0.912109 0.741211 0.085938 0.055664
0 0.785156 0.642578 0.084961 0.063477
0 0.651367 0.563477 0.099609 0.061523
0 0.758789 0.537109 0.107422 0.076172
0 0.798828 0.34375 0.080078 0.055664
0 0.852539 0.980469 0.066406 0.038086
0 0.921875 0.963867 0.060547 0.071289
0 0.639648 0.927734 0.067383 0.054688
0 0.59082 0.871094 0.052734 0.045898
0 0.97168 0.71875 0.055664 0.098633
0 0.756836 0.40625 0.09082 0.061523
0 0.875977 0.574219 0.066406 0.078125
0 0.911133 0.523438 0.072266 0.06543
0 0.956055 0.56543 0.082031 0.082031
0 0.852539 0.390625 0.086914 0.095703
0 0.924805 0.40918 0.089844 0.080078
0 0.222656 0.408203 0.032227 0.040039
0 0.791016 0.513672 0.072266 0.041992
0 0.741211 0.924805 0.052734 0.054688
0 0.945312 0.78125 0.074219 0.041016
0 0.446289 0.530273 0.052734 0.072266
0 0.325195 0.779297 0.049805 0.048828
0 0.223633 0.660156 0.066406 0.047852
0 0.085938 0.719727 0.047852 0.046875
0 0.853516 0.303711 0.061523 0.043945
0 0.865234 0.079102 0.048828 0.082031
0 0.945312 0.321289 0.066406 0.047852
0 0.936523 0.447266 0.073242 0.09082
0 0.507812 0.311523 0.052734 0.052734
0 0.400391 0.305664 0.058594 0.049805
0 0.272461 0.164062 0.09082 0.076172
