0 0.042969 0.96582 0.085938 0.068359
0 0.101562 0.84668 0.083008 0.081055
0 0.19043 0.822266 0.078125 0.068359
0 0.163086 0.746094 0.077148 0.0625
0 0.02832 0.142578 0.057617 0.095703
0 0.115234 0.033203 0.077148 0.06543
0 0.077148 0.395508 0.088867 0.085938
0 0.213867 0.414062 0.064453 0.069336
0 0.243164 0.298828 0.104492 0.069336
0 0.335938 0.366211 0.071289 0.110352
0 0.40918 0.337891 0.087891 0.091797
0 0.44043 0.361328 0.082031 0.053711
0 0.382812 0.051758 0.076172 0.091797
0 0.436523 0.148438 0.080078 0.125977
0 0.535156 0.189453 0.056641 0.080078
0 0.610352 0.258789 0.080078 0.104492
0 0.697266 0.201172 0.095703 0.077148
0 0.745117 0.242188 0.120117 0.107422
0 0.839844 0.205078 0.079102 0.094727
0 0.780273 0.091797 0.183594 0.088867
0 0.507812 0.46875 0.068359 0.069336
0 0.645508 0.470703 0.086914 0.074219
0 0.741211 0.47168 0.089844 0.081055
0 0.790039 0.366211 0.084961 0.068359
0 0.984375 0.285156 0.03125 0.082031
0 0.950195 0.46582 0.094727 0.068359
0 0.40918 0.611328 0.133789 0.055664
0 0.424805 0.555664 0.077148 0.052734
0 0.476562 0.675781 0.085938 0.077148
0 0.0625 0.630859 0.094727 0.119141
0 0.106445 0.568359 0.077148 0.091797
0 0.1875 0.581055 0.116211 0.133789
0 0.65332 0.734375 0.09375 0.069336
0 0.736328 0.733398 0.091797 0.05957
0 0.586914 0.821289 0.085938 0.069336
0 0.674805 0.861328 0.132812 0.064453
0 0.632812 0.907227 0.108398 0.073242
0 0.844727 0.84375 0.077148 0.077148
0 0.917969 0.728516 0.071289 0.074219
0 0.932617 0.650391 0.125 0.085938
0 0.230469 0.916992 0.091797 0.069336
0 0.328125 0.96875 0.077148 0.0625
0 0.435547 0.980469 0.126953 0.039062
0 0.850586 0.932617 0.074219 0.09082
0 0.982422 0.104492 0.035156 0.081055
0 0.953125 0.042969 0.09375 0.057617
0 0.620117 0.131836 0.076172 0.074219
0 0.710938 0.894531 0.080078 0.060547
0 0.894531 0.226562 0.074219 0.086914
0 0.038086 0.573242 0.070312 0.076172
0 0.023438 0.466797 0.046875 0.064453
0 0.59668 0.051758 0.089844 0.079102
0 0.882812 0.146484 0.106445 0.074219
0 0.897461 0.018555 0.095703 0.038086
