0 0.633789 0.786133 0.074219 0.078125
0 0.06543 0.708984 0.130859 0.074219
0 0.974609 0.463867 0.050781 0.139648
0 0.401367 0.84375 0.091797 0.094727
0 0.216797 0.602539 0.106445 0.104492
0 0.515625 0.885742 0.112305 0.074219
0 0.93457 0.621094 0.100586 0.104492
0 0.612305 0.104492 0.114258 0.060547
0 0.258789 0.736328 0.234375 0.109375
0 0.695312 0.813477 0.078125 0.070312
0 0.704102 0.52832 0.120117 0.242188
0 0.291016 0.213867 0.106445 0.251953
0 0.695312 0.352539 0.149414 0.179688
0 0.470703 0.607422 0.125 0.095703
0 0.571289 0.220703 0.09082 0.151367
0 0.473633 0.401367 0.106445 0.219727
0 0.836914 0.554688 0.09082 0.117188
0 0.763672 0.847656 0.103516 0.061523
0 0.459961 0.047852 0.128906 0.072266
