0 0.628906 0.267578 0.073242 0.073242
0 0.583984 0.942383 0.097656 0.050781
0 0.722656 0.580078 0.119141 0.077148
0 0.297852 0.946289 0.105469 0.063477
0 0.765625 0.208008 0.126953 0.068359
0 0.091797 0.375 0.086914 0.063477
0 0.351562 0.417969 0.100586 0.058594
0 0.097656 0.024414 0.104492 0.048828
0 0.100586 0.53418 0.101758 0.050586
0 0.342773 0.277344 0.098633 0.069336
0 0.0625 0.28418 0.121094 0.0625
0 0.608398 0.422852 0.083984 0.045898
0 0.548828 0.164062 0.081055 0.135742
0 0.046875 0.420898 0.091797 0.051758
0 0.060547 0.727539 0.113281 0.063477
0 0.623047 0.853516 0.091797 0.092773
0 0.476562 0.705078 0.12207 0.043945
0 0.170898 0.342773 0.098633 0.040039
0 0.551758 0.75293 0.075195 0.044922
0 0.554688 0.260742 0.047852 0.074219
0 0.861328 0.447266 0.126953 0.064453
0 0.774414 0.97168 0.088867 0.055664
0 0.075195 0.699219 0.120117 0.0625
0 0.579102 0.365234 0.133789 0.054688
0 0.910156 0.688477 0.086914 0.040039
0 0.731445 0.618164 0.080078 0.058594
0 0.759766 0.548828 0.108398 0.069336
0 0.387695 0.961914 0.072266 0.033203
0 0.149414 0.964844 0.068359 0.03125
0 0.356445 0.027344 0.117188 0.055664
0 0.195508 0.63584 0.128809 0.05752
0 0.045898 0.100586 0.055664 0.043945
0 0.446289 0.120117 0.086914 0.053711
0 0.980469 0.891602 0.039062 0.058594
0 0.365234 0.640625 0.0625 0.037109
0 0.8125 0.732422 0.025391 0.076172
0 0.918945 0.750977 0.121094 0.050781
0 0.273438 0.128906 0.102539 0.052734
0 0.427734 0.591797 0.037109 0.077148
0 0.695312 0.711914 0.087891 0.039062
0 0.436523 0.750977 0.095703 0.033203
0 0.700195 0.060547 0.081055 0.040039
0 0.578125 0.050781 0.118164 0.043945
0 0.443359 0.041016 0.052734 0.070312
0 0.222656 0.774414 0.102539 0.042969
0 0.65918 0.015625 0.046875 0.030273
0 0.567383 0.560547 0.087891 0.03418
0 0.510742 0.664062 0.076172 0.024414
0 0.054688 0.239258 0.110352 0.095703
0 0.711914 0.981445 0.115234 0.030273
0 0.5625 0.072266 0.086914 0.071289
0 0.583008 0.128906 0.077148 0.044922
0 0.919922 0.714844 0.069336 0.039062
0 0.554688 0.017578 0.040039 0.035156
0 0.363281 0.985352 0.047852 0.02832
0 0.644531 0.209961 0.055664 0.032227
0 0.655273 0.676758 0.067383 0.044922
0 0.222656 0.076172 0.078125 0.041016
0 0.865234 0.620117 0.152344 0.045898
0 0.655273 0.185547 0.075195 0.035156
0 0.185547 0.220703 0.214844 0.060547
0 0.595703 0.650391 0.092773 0.049805
0 0.029297 0.125977 0.056641 0.03125
0 0.787109 0.342773 0.061523 0.048828
0 0.415039 0.201172 0.199219 0.126953
0 0.395508 0.147461 0.132812 0.054688
0 0.879883 0.652344 0.094727 0.047852
0 0.97168 0.766602 0.029297 0.047852
0 0.039062 0.328125 0.079102 0.047852
0 0.039062 0.763672 0.079102 0.047852
