0 0.083984 0.03418 0.106445 0.068359
0 0.016602 0.132812 0.03418 0.107422
0 0.21582 0.291016 0.133789 0.09082
0 0.199219 0.392578 0.160156 0.087891
0 0.045898 0.287109 0.092773 0.063477
0 0.432617 0.12207 0.15625 0.235352
0 0.599609 0.183594 0.149414 0.113281
0 0.717773 0.069336 0.201172 0.103516
0 0.961914 0.132812 0.076172 0.161133
0 0.932617 0.62207 0.077148 0.150391
0 0.828125 0.558594 0.076172 0.075195
0 0.758789 0.577148 0.120117 0.185547
0 0.580078 0.552734 0.095703 0.167969
0 0.570312 0.636719 0.073242 0.108398
0 0.457031 0.587891 0.084961 0.099609
0 0.517578 0.708008 0.081055 0.098633
0 0.726562 0.757812 0.110352 0.118164
0 0.797852 0.760742 0.074219 0.055664
0 0.464844 0.826172 0.101562 0.066406
0 0.757812 0.926758 0.194336 0.12793
0 0.310547 0.860352 0.09668 0.079102
0 0.170898 0.958008 0.246094 0.083008
0 0.223633 0.964844 0.22168 0.069336
0 0.140625 0.857422 0.172852 0.100586
0 0.032227 0.777344 0.046875 0.121094
0 0.606445 0.415039 0.09375 0.202148
0 0.408203 0.408203 0.255859 0.195312
0 0.866211 0.237305 0.06543 0.060547
0 0.649414 0.913086 0.070312 0.120117
0 0.952148 0.476562 0.039062 0.066406
0 0.978516 0.455078 0.041992 0.041992
