0 0.276367 0.133789 0.087891 0.084961
0 0.196289 0.181641 0.083008 0.069336
0 0.423828 0.181641 0.128906 0.09668
0 0.522461 0.09668 0.146484 0.082031
0 0.807617 0.12207 0.102539 0.100586
0 0.69043 0.263672 0.083008 0.085938
0 0.52832 0.243164 0.063477 0.06543
0 0.469727 0.393555 0.072266 0.076172
0 0.4375 0.482422 0.09375 0.103516
0 0.550781 0.480469 0.097656 0.075195
0 0.478516 0.577148 0.09082 0.071289
0 0.686523 0.666992 0.116211 0.130859
0 0.810547 0.720703 0.081055 0.095703
0 0.920898 0.470703 0.080078 0.083984
0 0.823242 0.402344 0.067383 0.117188
0 0.853516 0.365234 0.054688 0.094727
0 0.935547 0.354492 0.088867 0.097656
0 0.982422 0.189453 0.035156 0.081055
0 0.945312 0.035156 0.085938 0.070312
0 0.28125 0.605469 0.132812 0.150391
0 0.166016 0.520508 0.106445 0.087891
0 0.030273 0.532227 0.060547 0.066406
0 0.02832 0.400391 0.056641 0.088867
0 0.131836 0.767578 0.118164 0.135742
0 0.21582 0.990234 0.082031 0.019531
0 0.420898 0.864258 0.098633 0.081055
0 0.640625 0.819336 0.089844 0.083008
0 0.700195 0.930664 0.075195 0.071289
0 0.87793 0.905273 0.061523 0.095703
0 0.979492 0.885742 0.041016 0.061523
0 0.923828 0.988281 0.069336 0.023438
0 0.202148 0.035156 0.113281 0.041016
0 0.451172 0.775391 0.107422 0.083008
0 0.729492 0.609375 0.109375 0.050781
