0 0.043945 0.664062 0.088867 0.075195
0 0.621094 0.836914 0.095703 0.101562
0 0.633789 0.686523 0.111328 0.123047
0 0.041016 0.380859 0.073242 0.135742
0 0.546875 0.754883 0.089844 0.114258
0 0.203125 0.689453 0.079102 0.116211
0 0.611328 0.448242 0.097656 0.112305
0 0.87207 0.386719 0.102539 0.142578
0 0.224609 0.808594 0.091797 0.061523
0 0.125977 0.367188 0.079102 0.083008
0 0.395508 0.725586 0.107422 0.183594
0 0.916016 0.688477 0.138672 0.125977
0 0.6875 0.918945 0.084961 0.119141
0 0.111328 0.761719 0.099609 0.081055
0 0.101562 0.307617 0.070312 0.126953
0 0.128906 0.047852 0.113281 0.09668
0 0.24707 0.859375 0.1875 0.0625
0 0.24707 0.901367 0.208008 0.081055
