0 0.859375 0.610352 0.086914 0.067383
0 0.780273 0.279297 0.061523 0.084961
0 0.50293 0.360352 0.082031 0.091797
0 0.360352 0.148438 0.070312 0.084961
0 0.922852 0.05957 0.047852 0.09375
0 0.894531 0.426758 0.06543 0.097656
0 0.427734 0.438477 0.073242 0.146484
0 0.297852 0.186523 0.047852 0.081055
0 0.078125 0.90625 0.072266 0.072266
0 0.072266 0.542969 0.098633 0.068359
0 0.772461 0.194336 0.083008 0.088867
0 0.96582 0.701172 0.068359 0.071289
0 0.570312 0.161133 0.125 0.051758
0 0.442383 0.257812 0.081055 0.067383
0 0.681641 0.210938 0.075195 0.056641
0 0.641602 0.354492 0.055664 0.066406
0 0.756836 0.405273 0.069336 0.06543
0 0.18457 0.918945 0.066406 0.055664
0 0.982422 0.515625 0.03418 0.080078
0 0.598633 0.223633 0.043945 0.080078
0 0.49707 0.256836 0.075195 0.058594
0 0.870117 0.674805 0.072266 0.053711
0 0.763672 0.761719 0.102539 0.076172
0 0.104492 0.102539 0.100586 0.094727
0 0.03418 0.21875 0.068359 0.077148
0 0.085938 0.81543 0.103516 0.066406
0 0.198242 0.417969 0.09668 0.054688
0 0.137695 0.430664 0.087891 0.072266
0 0.030273 0.661133 0.060547 0.076172
0 0.242188 0.774414 0.074219 0.058594
0 0.264648 0.49707 0.054688 0.084961
0 0.865234 0.183594 0.081055 0.087891
0 0.214844 0.52832 0.074219 0.047852
0 0.782227 0.464844 0.078125 0.086914
0 0.40918 0.833984 0.103516 0.056641
0 0.691406 0.063477 0.085938 0.03125
0 0.616211 0.597656 0.061523 0.063477
0 0.881836 0.287109 0.055664 0.063477
0 0.553711 0.308594 0.063477 0.040039
0 0.217773 0.072266 0.084961 0.048828
0 0.764648 0.492188 0.072266 0.045898
0 0.482422 0.130859 0.05957 0.053711
0 0.206055 0.304688 0.078125 0.044922
0 0.688477 0.178711 0.058594 0.051758
0 0.941406 0.931641 0.041016 0.057617
0 0.924805 0.84082 0.038086 0.083008
0 0.462891 0.148438 0.054688 0.046875
0 0.134766 0.174805 0.083984 0.083008
0 0.758789 0.485352 0.068359 0.119141
0 0.199219 0.724609 0.073242 0.077148
0 0.09082 0.208984 0.076172 0.095703
0 0.067383 0.858398 0.06543 0.045898
0 0.092773 0.34375 0.077148 0.036133
0 0.400391 0.931641 0.083008 0.035156
0 0.128906 0.527344 0.085938 0.051758
0 0.185547 0.826172 0.092773 0.050781
0 0.224609 0.974609 0.078125 0.040039
0 0.082031 0.166992 0.109375 0.069336
0 0.577148 0.441406 0.06543 0.09375
0 0.240234 0.016602 0.041992 0.033203
0 0.892578 0.987305 0.040039 0.025391
0 0.983398 0.96875 0.032227 0.027344
0 0.382812 0.552734 0.047852 0.081055
0 0.066406 0.775391 0.083984 0.057617
0 0.293945 0.469727 0.058594 0.041016
0 0.326172 0.923828 0.066406 0.053711
0 0.645508 0.52832 0.063477 0.057617
0 0.929688 0.597656 0.067383 0.044922
0 0.400391 0.526367 0.071289 0.057617
0 0.02832 0.111328 0.055664 0.047852
0 0.025391 0.816406 0.048828 0.046875
0 0.838867 0.25 0.041016 0.036133
0 0.266602 0.24707 0.021484 0.050781
0 0.702148 0.670898 0.044922 0.046875
0 0.298828 0.976562 0.082031 0.032227
0 0.841797 0.014648 0.033203 0.030273
0 0.59082 0.014648 0.032227 0.029297
0 0.436523 0.974609 0.058594 0.038086
0 0.436523 0.813477 0.083984 0.067383
0 0.268555 0.886719 0.069336 0.055664
0 0.757812 0.009766 0.053711 0.018555
0 0.94043 0.916016 0.040039 0.0625
0 0.476562 0.848633 0.080078 0.069336
0 0.191406 0.289062 0.040039 0.032227
