0 0.585938 0.376953 0.126953 0.070312
0 0.379883 0.044922 0.167969 0.089844
0 0.671875 0.001953 0.115234 0.004883
0 0.848633 0.625 0.177734 0.137695
0 0.810547 0.40332 0.12207 0.126953
0 0.885742 0.179688 0.087891 0.070312
0 0.700195 0.828125 0.163086 0.167969
0 0.711914 0.360352 0.089844 0.077148
0 0.615234 0.767578 0.086914 0.083008
0 0.135742 0.208008 0.091797 0.102539
0 0.733398 0.34668 0.132812 0.115234
0 0.930664 0.962891 0.100586 0.072266
0 0.030273 0.137695 0.061523 0.06543
0 0.025391 0.801758 0.051758 0.084961
