0 0.016602 0.117188 0.033203 0.091797
0 0.232422 0.030273 0.106445 0.058594
0 0.186523 0.254883 0.142578 0.071289
0 0.043945 0.473633 0.087891 0.110352
0 0.099609 0.383789 0.098633 0.071289
0 0.324219 0.398438 0.123047 0.083008
0 0.393555 0.342773 0.081055 0.117188
0 0.430664 0.193359 0.085938 0.149414
0 0.328125 0.125977 0.079102 0.108398
0 0.291016 0.181641 0.064453 0.092773
0 0.507812 0.041016 0.083984 0.083008
0 0.021484 0.944336 0.041016 0.109375
0 0.041016 0.861328 0.082031 0.091797
0 0.106445 0.949219 0.120117 0.101562
0 0.123047 0.723633 0.09668 0.113281
0 0.079102 0.548828 0.09668 0.075195
0 0.31543 0.546875 0.094727 0.081055
0 0.254883 0.671875 0.174805 0.113281
0 0.549805 0.46875 0.147461 0.134766
0 0.53418 0.597656 0.157227 0.167969
0 0.498047 0.722656 0.056641 0.106445
0 0.423828 0.727539 0.072266 0.128906
0 0.500977 0.811523 0.104492 0.144531
0 0.365234 0.873047 0.120117 0.113281
0 0.578125 0.954102 0.083008 0.091797
0 0.649414 0.970703 0.087891 0.057617
0 0.78418 0.857422 0.109375 0.183594
0 0.824219 0.858398 0.152344 0.070312
0 0.705078 0.706055 0.133789 0.105469
0 0.736328 0.604492 0.075195 0.121094
0 0.770508 0.525391 0.09082 0.136719
0 0.911133 0.647461 0.142578 0.163086
0 0.924805 0.564453 0.150391 0.092773
0 0.952148 0.458984 0.080078 0.146484
0 0.77832 0.334961 0.150391 0.082031
0 0.615234 0.262695 0.098633 0.077148
0 0.725586 0.239258 0.111328 0.080078
0 0.633789 0.142578 0.101562 0.063477
0 0.539062 0.192383 0.058594 0.064453
0 0.722656 0.086914 0.074219 0.095703
0 0.723633 0.015625 0.085938 0.03125
0 0.855469 0.077148 0.207031 0.080078
0 0.902344 0.145508 0.134766 0.072266
0 0.949219 0.255859 0.101562 0.058594
0 0.287109 0.239258 0.080078 0.079102
