0 0.743164 0.009766 0.09375 0.020508
0 0.740234 0.076172 0.080078 0.144531
0 0.879883 0.128906 0.061523 0.081055
0 0.871094 0.209961 0.05957 0.086914
0 0.780273 0.288086 0.074219 0.148438
0 0.814453 0.297852 0.045898 0.121094
0 0.963867 0.930664 0.071289 0.138672
0 0.859375 0.731445 0.118164 0.079102
0 0.796875 0.548828 0.115234 0.061523
0 0.852539 0.477539 0.058594 0.064453
0 0.774414 0.643555 0.075195 0.129883
0 0.53418 0.385742 0.089844 0.124023
0 0.582031 0.333984 0.051758 0.055664
0 0.453125 0.193359 0.060547 0.0625
0 0.297852 0.079102 0.102539 0.073242
0 0.067383 0.126953 0.135742 0.176758
0 0.175781 0.193359 0.1875 0.103516
0 0.351562 0.168945 0.073242 0.06543
0 0.332031 0.256836 0.112305 0.116211
0 0.133789 0.401367 0.121094 0.069336
0 0.057617 0.459961 0.115234 0.087891
0 0.232422 0.584961 0.109375 0.15918
0 0.328125 0.628906 0.154297 0.098633
0 0.048828 0.739258 0.097656 0.05957
0 0.029297 0.643555 0.05957 0.091797
0 0.128906 0.874023 0.116211 0.125
0 0.033203 0.857422 0.067383 0.089844
0 0.576172 0.972656 0.086914 0.053711
0 0.761719 0.978516 0.05957 0.042969
0 0.963867 0.209961 0.071289 0.069336
0 0.390625 0.833984 0.085938 0.074219
