0 0.087891 0.483398 0.091797 0.132812
0 0.257812 0.47168 0.166992 0.109375
0 0.274414 0.539062 0.083984 0.084961
0 0.383789 0.59375 0.099609 0.087891
0 0.237305 0.614258 0.049805 0.049805
0 0.325195 0.663086 0.128906 0.107422
0 0.233398 0.679688 0.077148 0.077148
0 0.035156 0.654297 0.070312 0.085938
0 0.086914 0.699219 0.061523 0.057617
0 0.172852 0.836914 0.126953 0.075195
0 0.147461 0.983398 0.084961 0.033203
0 0.015625 0.976562 0.032227 0.046875
0 0.273438 0.959961 0.09375 0.079102
0 0.651367 0.788086 0.119141 0.123047
0 0.706055 0.557617 0.117188 0.083008
0 0.708008 0.464844 0.097656 0.081055
0 0.649414 0.416016 0.138672 0.088867
0 0.84668 0.618164 0.077148 0.057617
0 0.845703 0.678711 0.095703 0.071289
0 0.677734 0.9375 0.081055 0.125
0 0.860352 0.966797 0.069336 0.066406
0 0.821289 0.149414 0.15918 0.087891
0 0.744141 0.243164 0.09082 0.073242
0 0.953125 0.298828 0.092773 0.144531
0 0.308594 0.289062 0.118164 0.15625
0 0.051758 0.262695 0.104492 0.124023
0 0.055664 0.098633 0.111328 0.105469
0 0.533203 0.037109 0.100586 0.074219
0 0.710938 0.037109 0.095703 0.0625
0 0.4375 0.024414 0.054688 0.049805
0 0.493164 0.321289 0.069336 0.067383
