0 0.759766 0.277344 0.058594 0.086914
0 0.401367 0.1875 0.068359 0.086914
0 0.808594 0.916992 0.074219 0.101562
0 0.290039 0.224609 0.130859 0.055664
0 0.792969 0.176758 0.088867 0.057617
0 0.750977 0.907227 0.070312 0.087891
0 0.646484 0.322266 0.066406 0.082031
0 0.016602 0.335938 0.033203 0.06543
0 0.047852 0.313477 0.095703 0.052734
0 0.865234 0.887695 0.05957 0.087891
0 0.052734 0.983398 0.106445 0.02832
0 0.566406 0.689453 0.080078 0.052734
0 0.023438 0.40625 0.047852 0.075195
0 0.499023 0.84668 0.0625 0.057617
0 0.490234 0.232422 0.082031 0.038086
0 0.131836 0.318359 0.105469 0.044922
0 0.092773 0.451172 0.088867 0.063477
0 0.454102 0.487305 0.094727 0.044922
0 0.460938 0.180664 0.123047 0.077148
0 0.793945 0.987305 0.061523 0.024414
0 0.675781 0.625 0.045898 0.036133
0 0.958984 0.117188 0.038086 0.057617
0 0.430664 0.97168 0.076172 0.040039
0 0.435547 0.87793 0.089844 0.044922
0 0.791016 0.651367 0.030273 0.077148
0 0.15332 0.742188 0.088867 0.047852
0 0.238281 0.589844 0.110352 0.045898
0 0.489258 0.429688 0.0625 0.026367
0 0.6875 0.832031 0.051758 0.048828
0 0.183594 0.250977 0.086914 0.056641
0 0.500977 0.641602 0.043945 0.025391
0 0.811523 0.517578 0.030273 0.060547
0 0.493164 0.704102 0.05957 0.025391
0 0.946289 0.984375 0.037109 0.030273
0 0.645508 0.008789 0.089844 0.018555
0 0.146484 0.254883 0.057617 0.041016
0 0.952148 0.65625 0.048828 0.078125
0 0.082031 0.607422 0.058594 0.043945
0 0.326172 0.853516 0.058594 0.039062
0 0.253906 0.916992 0.087891 0.030273
0 0.433594 0.931641 0.075195 0.041992
0 0.397461 0.836914 0.056641 0.052734
0 0.69043 0.991211 0.038086 0.017578
0 0.563477 0.720703 0.068359 0.037109
0 0.267578 0.018555 0.064453 0.038086
0 0.875977 0.027344 0.073242 0.035156
0 0.844727 0.177734 0.052734 0.058594
0 0.28125 0.875 0.099609 0.063477
0 0.637695 0.834961 0.041992 0.03418
0 0.556641 0.40332 0.066406 0.032227
0 0.117188 0.381836 0.084961 0.029297
0 0.095703 0.27832 0.083984 0.041992
0 0.5625 0.375977 0.082031 0.03418
0 0.650391 0.844727 0.043945 0.027344
0 0.557617 0.650391 0.040039 0.041992
0 0.046875 0.943359 0.094727 0.050781
0 0.777344 0.399414 0.09082 0.056641
0 0.967773 0.885742 0.056641 0.039062
0 0.295898 0.710938 0.050781 0.017578
0 0.911133 0.654297 0.106445 0.064453
0 0.974609 0.444336 0.049805 0.057617
0 0.555664 0.307617 0.078125 0.042969
0 0.652344 0.28125 0.05957 0.052734
0 0.089844 0.69043 0.047852 0.037109
0 0.232422 0.331055 0.05957 0.026367
0 0.201172 0.31543 0.078125 0.035156
0 0.244141 0.269531 0.068359 0.044922
0 0.463867 0.404297 0.042969 0.047852
0 0.445312 0.933594 0.051758 0.043945
