0 0.665039 0.323242 0.12207 0.123047
0 0.637695 0.19043 0.112305 0.118164
0 0.501953 0.470703 0.094727 0.09375
0 0.672852 0.50293 0.112305 0.112305
0 0.756836 0.525391 0.115234 0.118164
0 0.649414 0.848633 0.125 0.107422
0 0.793945 0.310547 0.058594 0.050781
0 0.731445 0.12207 0.100586 0.105469
0 0.972656 0.935547 0.054688 0.081055
0 0.400391 0.922852 0.077148 0.083008
0 0.112305 0.722656 0.099609 0.086914
0 0.146484 0.868164 0.120117 0.102539
0 0.44043 0.115234 0.083008 0.086914
0 0.716797 0.930664 0.099609 0.091797
0 0.039062 0.571289 0.076172 0.094727
0 0.793945 0.84668 0.114258 0.079102
0 0.423828 0.65332 0.104492 0.087891
0 0.556641 0.28418 0.110352 0.084961
0 0.294922 0.654297 0.128906 0.094727
0 0.481445 0.96875 0.084961 0.060547
0 0.580078 0.956055 0.104492 0.086914
0 0.602539 0.553711 0.092773 0.049805
