0 0.074219 0.356445 0.125 0.077148
0 0.032227 0.426758 0.064453 0.074219
0 0.051758 0.486328 0.077148 0.069336
0 0.058594 0.552734 0.085938 0.075195
0 0.170898 0.296875 0.077148 0.083984
0 0.19043 0.225586 0.0625 0.068359
0 0.316406 0.378906 0.06543 0.077148
0 0.28418 0.439453 0.083984 0.078125
0 0.25293 0.22168 0.076172 0.119141
0 0.414062 0.177734 0.080078 0.082031
0 0.360352 0.094727 0.071289 0.064453
0 0.19043 0.050781 0.080078 0.083008
0 0.085938 0.056641 0.063477 0.0625
0 0.046875 0.083008 0.069336 0.06543
0 0.572266 0.056641 0.069336 0.05957
0 0.655273 0.053711 0.081055 0.09082
0 0.780273 0.239258 0.083984 0.088867
0 0.904297 0.112305 0.061523 0.053711
0 0.586914 0.456055 0.073242 0.0625
0 0.654297 0.526367 0.064453 0.070312
0 0.71875 0.618164 0.112305 0.104492
0 0.078125 0.722656 0.06543 0.064453
0 0.19043 0.766602 0.069336 0.066406
0 0.299805 0.72168 0.074219 0.091797
0 0.402344 0.885742 0.061523 0.067383
0 0.501953 0.931641 0.091797 0.083008
0 0.563477 0.848633 0.068359 0.067383
0 0.631836 0.813477 0.068359 0.084961
0 0.693359 0.862305 0.089844 0.058594
0 0.761719 0.80957 0.094727 0.049805
0 0.712891 0.765625 0.082031 0.069336
0 0.633789 0.728516 0.0625 0.072266
0 0.708984 0.701172 0.086914 0.083008
0 0.976562 0.665039 0.046875 0.073242
0 0.861328 0.489258 0.055664 0.058594
0 0.899414 0.544922 0.061523 0.085938
0 0.961914 0.487305 0.070312 0.083008
0 0.94043 0.422852 0.074219 0.055664
0 0.980469 0.286133 0.038086 0.123047
0 0.944336 0.314453 0.061523 0.06543
0 0.925781 0.905273 0.071289 0.131836
0 0.899414 0.987305 0.103516 0.025391
0 0.056641 0.958984 0.080078 0.0625
0 0.070312 0.889648 0.067383 0.058594
0 0.285156 0.011719 0.033203 0.024414
0 0.379883 0.022461 0.067383 0.044922
0 0.583008 0.006836 0.058594 0.014648
0 0.706055 0.051758 0.039062 0.045898
0 0.014648 0.532227 0.029297 0.064453
0 0.011719 0.825195 0.024414 0.06543
0 0.135742 0.984375 0.061523 0.029297
0 0.082031 0.9375 0.067383 0.069336
0 0.080078 0.989258 0.054688 0.021484
0 0.616211 0.541992 0.058594 0.084961
0 0.875977 0.543945 0.039062 0.032227
0 0.832031 0.480469 0.061523 0.060547
0 0.993164 0.901367 0.012695 0.046875
0 0.97168 0.910156 0.051758 0.049805
0 0.806641 0.979492 0.083008 0.040039
