0 0.289062 0.066406 0.116211 0.072266
0 0.296875 0.116211 0.060547 0.080078
0 0.598633 0.02832 0.115234 0.056641
0 0.533203 0.115234 0.076172 0.069336
0 0.561523 0.171875 0.095703 0.080078
0 0.55957 0.236328 0.068359 0.058594
0 0.763672 0.105469 0.09375 0.0625
0 0.822266 0.133789 0.060547 0.06543
0 0.931641 0.021484 0.079102 0.043945
0 0.975586 0.042969 0.047852 0.055664
0 0.130859 0.262695 0.074219 0.09375
0 0.274414 0.287109 0.112305 0.074219
0 0.055664 0.375 0.088867 0.078125
0 0.125 0.40625 0.0625 0.094727
0 0.290039 0.360352 0.103516 0.085938
0 0.397461 0.373047 0.113281 0.070312
0 0.402344 0.442383 0.055664 0.050781
0 0.295898 0.43457 0.086914 0.066406
0 0.244141 0.491211 0.066406 0.084961
0 0.029297 0.517578 0.044922 0.070312
0 0.079102 0.513672 0.046875 0.075195
0 0.124023 0.520508 0.069336 0.05957
0 0.155273 0.555664 0.126953 0.076172
0 0.527344 0.547852 0.083984 0.054688
0 0.626953 0.457031 0.082031 0.061523
0 0.637695 0.553711 0.077148 0.086914
0 0.74707 0.461914 0.080078 0.076172
0 0.661133 0.339844 0.072266 0.050781
0 0.785156 0.348633 0.071289 0.074219
0 0.928711 0.264648 0.071289 0.068359
0 0.916016 0.344727 0.06543 0.079102
0 0.963867 0.373047 0.072266 0.071289
0 0.913086 0.499023 0.058594 0.068359
0 0.823242 0.557617 0.077148 0.087891
0 0.768555 0.646484 0.089844 0.107422
0 0.924805 0.568359 0.069336 0.061523
0 0.972656 0.578125 0.053711 0.056641
0 0.94043 0.6875 0.119141 0.105469
0 0.864258 0.674805 0.051758 0.071289
0 0.298828 0.799805 0.085938 0.083008
0 0.451172 0.748047 0.053711 0.080078
0 0.493164 0.78418 0.071289 0.094727
0 0.194336 0.630859 0.064453 0.080078
0 0.123047 0.756836 0.080078 0.077148
0 0.126953 0.882812 0.084961 0.074219
0 0.209961 0.891602 0.083008 0.09375
0 0.177734 0.958984 0.080078 0.078125
0 0.313477 0.970703 0.073242 0.057617
0 0.292969 0.933594 0.069336 0.094727
0 0.401367 0.879883 0.088867 0.053711
0 0.400391 0.832031 0.073242 0.056641
0 0.520508 0.948242 0.071289 0.070312
0 0.444336 0.947266 0.069336 0.098633
0 0.387695 0.969727 0.080078 0.060547
0 0.766602 0.936523 0.054688 0.053711
0 0.624023 0.8125 0.074219 0.069336
0 0.676758 0.870117 0.073242 0.082031
0 0.713867 0.794922 0.114258 0.094727
0 0.852539 0.844727 0.06543 0.088867
0 0.953125 0.871094 0.085938 0.076172
0 0.889648 0.936523 0.085938 0.051758
0 0.369141 0.051758 0.075195 0.067383
0 0.889648 0.134766 0.041992 0.039062
0 0.308594 0.543945 0.045898 0.058594
0 0.306641 0.014648 0.087891 0.029297
