0 0.041016 0.197266 0.082031 0.052734
0 0.175781 0.133789 0.112305 0.086914
0 0.09668 0.051758 0.124023 0.079102
0 0.339844 0.133789 0.091797 0.091797
0 0.25 0.203125 0.105469 0.098633
0 0.074219 0.994141 0.053711 0.010742
0 0.05957 0.967773 0.119141 0.063477
0 0.150391 0.848633 0.078125 0.0625
0 0.048828 0.865234 0.097656 0.051758
0 0.317383 0.962891 0.144531 0.073242
0 0.069336 0.513672 0.05957 0.149414
0 0.015625 0.492188 0.032227 0.067383
0 0.360352 0.348633 0.220703 0.12793
0 0.234375 0.355469 0.149414 0.083008
0 0.170898 0.5 0.064453 0.116211
0 0.363281 0.456055 0.074219 0.049805
0 0.325195 0.540039 0.182617 0.086914
0 0.363281 0.621094 0.15332 0.052734
0 0.371094 0.754883 0.123047 0.195312
0 0.224609 0.788086 0.083008 0.050781
0 0.950195 0.992188 0.098633 0.014648
0 0.93457 0.949219 0.112305 0.0625
0 0.578125 0.831055 0.088867 0.196289
0 0.65625 0.805664 0.123047 0.166992
0 0.916992 0.834961 0.166016 0.064453
0 0.913086 0.753906 0.172852 0.083008
0 0.694336 0.412109 0.055664 0.18457
0 0.928711 0.365234 0.092773 0.080078
0 0.713867 0.269531 0.169922 0.054688
0 0.667969 0.140625 0.149414 0.116211
0 0.833008 0.131836 0.116211 0.106445
0 0.892578 0.28418 0.147461 0.150391
0 0.988281 0.083984 0.023438 0.089844
0 0.47168 0.186523 0.085938 0.142578
0 0.705078 0.015625 0.133789 0.032227
