0 0.868164 0.429688 0.060547 0.085938
0 0.916992 0.43457 0.083984 0.094727
0 0.977539 0.305664 0.043945 0.064453
0 0.943359 0.026367 0.089844 0.053711
0 0.905273 0.053711 0.09082 0.071289
0 0.676758 0.15332 0.076172 0.132812
0 0.455078 0.143555 0.071289 0.069336
0 0.436523 0.067383 0.05957 0.083984
0 0.493164 0.017578 0.092773 0.036133
0 0.589844 0.078125 0.087891 0.077148
0 0.253906 0.176758 0.091797 0.078125
0 0.165039 0.145508 0.092773 0.066406
0 0.121094 0.277344 0.126953 0.085938
0 0.37207 0.391602 0.12793 0.069336
0 0.485352 0.3125 0.098633 0.06543
0 0.345703 0.546875 0.081055 0.138672
0 0.192383 0.441406 0.071289 0.051758
0 0.052734 0.657227 0.105469 0.083008
0 0.399414 0.673828 0.134766 0.071289
0 0.46582 0.625 0.041992 0.046875
0 0.317383 0.719727 0.086914 0.068359
0 0.245117 0.853516 0.091797 0.138672
0 0.606445 0.876953 0.071289 0.099609
0 0.415039 0.825195 0.079102 0.061523
0 0.826172 0.875 0.083008 0.138672
0 0.817383 0.973633 0.089844 0.052734
0 0.897461 0.203125 0.072266 0.0625
0 0.826172 0.233398 0.060547 0.073242
0 0.699219 0.458984 0.094727 0.082031
0 0.609375 0.147461 0.092773 0.052734
0 0.789062 0.527344 0.055664 0.046875
0 0.71875 0.239258 0.044922 0.044922
0 0.955078 0.479492 0.063477 0.050781
0 0.293945 0.757812 0.064453 0.051758
0 0.224609 0.774414 0.078125 0.044922
0 0.095703 0.702148 0.03125 0.033203
