0 0.848633 0.475586 0.142578 0.097656
0 0.022461 0.213867 0.045898 0.091797
0 0.095703 0.495117 0.102539 0.086914
0 0.234375 0.932617 0.099609 0.083008
0 0.230469 0.703125 0.092773 0.067383
0 0.44043 0.931641 0.152344 0.06543
0 0.029297 0.351562 0.05957 0.09082
0 0.588867 0.829102 0.129883 0.080078
0 0.055664 0.926758 0.112305 0.05957
0 0.151367 0.597656 0.104492 0.112305
0 0.09082 0.227539 0.097656 0.057617
0 0.37207 0.391602 0.089844 0.094727
0 0.651367 0.09668 0.075195 0.084961
0 0.12207 0.335938 0.054688 0.123047
0 0.387695 0.306641 0.182617 0.080078
0 0.300781 0.491211 0.177734 0.094727
0 0.193359 0.878906 0.078125 0.069336
0 0.739258 0.228516 0.110352 0.107422
0 0.291992 0.22168 0.064453 0.094727
0 0.269531 0.570312 0.099609 0.057617
0 0.231445 0.646484 0.069336 0.055664
0 0.249023 0.382812 0.15918 0.09668
0 0.388672 0.556641 0.075195 0.089844
0 0.540039 0.200195 0.102539 0.086914
0 0.192383 0.069336 0.057617 0.134766
0 0.022461 0.694336 0.044922 0.070312
0 0.683594 0.713867 0.117188 0.06543
0 0.852539 0.868164 0.172852 0.112305
0 0.243164 0.792969 0.057617 0.052734
0 0.899414 0.699219 0.109375 0.05957
0 0.833008 0.039062 0.077148 0.075195
0 0.711914 0.865234 0.089844 0.083008
0 0.921875 0.061523 0.105469 0.120117
0 0.929688 0.211914 0.099609 0.089844
0 0.72168 0.518555 0.05957 0.117188
0 0.086914 0.056641 0.089844 0.055664
0 0.510742 0.444336 0.177734 0.080078
0 0.828125 0.694336 0.067383 0.064453
0 0.381836 0.238281 0.115234 0.068359
0 0.644531 0.757812 0.060547 0.067383
0 0.49707 0.297852 0.115234 0.083008
0 0.69043 0.567383 0.092773 0.067383
0 0.419922 0.666016 0.182617 0.087891
0 0.761719 0.790039 0.070312 0.092773
0 0.951172 0.489258 0.097656 0.070312
0 0.217773 0.445312 0.15332 0.086914
0 0.40918 0.881836 0.100586 0.060547
0 0.412109 0.610352 0.125 0.041992
0 0.091797 0.015625 0.105469 0.027344
0 0.950195 0.282227 0.086914 0.064453
0 0.949219 0.330078 0.094727 0.067383
0 0.883789 0.041992 0.06543 0.080078
0 0.46582 0.84668 0.056641 0.040039
0 0.853516 0.835938 0.162109 0.078125
0 0.860352 0.37207 0.086914 0.060547
0 0.97168 0.910156 0.056641 0.067383
0 0.953125 0.144531 0.087891 0.054688
0 0.80957 0.779297 0.05957 0.054688
0 0.06543 0.341797 0.0625 0.105469
0 0.164062 0.356445 0.05957 0.104492
0 0.037109 0.698242 0.042969 0.15332
0 0.751953 0.71875 0.080078 0.084961
0 0.978516 0.827148 0.042969 0.099609
0 0.891602 0.914062 0.123047 0.054688
0 0.103516 0.448242 0.107422 0.042969
0 0.719727 0.198242 0.080078 0.082031
0 0.615234 0.235352 0.147461 0.112305
0 0.982422 0.095703 0.035156 0.078125
