0 0.016602 0.151367 0.033203 0.100586
0 0.037109 0.053711 0.075195 0.108398
0 0.022461 0.441406 0.044922 0.172852
0 0.179688 0.395508 0.185547 0.118164
0 0.120117 0.160156 0.051758 0.067383
0 0.135742 0.223633 0.056641 0.067383
0 0.438477 0.374023 0.071289 0.073242
0 0.421875 0.300781 0.086914 0.143555
0 0.360352 0.30957 0.068359 0.123047
0 0.381836 0.231445 0.078125 0.054688
0 0.272461 0.227539 0.112305 0.21875
0 0.319336 0.129883 0.108398 0.145508
0 0.460938 0.060547 0.167969 0.12207
0 0.538086 0.009766 0.063477 0.019531
0 0.655273 0.0625 0.064453 0.112305
0 0.697266 0.03125 0.069336 0.0625
0 0.725586 0.135742 0.179688 0.233398
0 0.900391 0.055664 0.154297 0.111328
0 0.616211 0.395508 0.088867 0.152344
0 0.829102 0.348633 0.143555 0.079102
0 0.964844 0.509766 0.069336 0.166016
0 0.876953 0.664062 0.245117 0.079102
0 0.883789 0.701172 0.232422 0.053711
0 0.949219 0.770508 0.100586 0.043945
0 0.176758 0.953125 0.092773 0.09375
0 0.31543 0.944336 0.166016 0.110352
0 0.415039 0.96875 0.073242 0.0625
0 0.664062 0.90625 0.130859 0.186523
0 0.77832 0.933594 0.086914 0.113281
0 0.722656 0.927734 0.055664 0.144531
0 0.858398 0.641602 0.066406 0.049805
0 0.327148 0.226562 0.066406 0.056641
0 0.123047 0.092773 0.060547 0.101562
