0 0.959961 0.545898 0.077148 0.110352
0 0.929688 0.609375 0.081055 0.064453
0 0.850586 0.662109 0.080078 0.06543
0 0.972656 0.670898 0.054688 0.041992
0 0.963867 0.770508 0.072266 0.058594
0 0.913086 0.166992 0.069336 0.079102
0 0.80957 0.070312 0.120117 0.052734
0 0.670898 0.023438 0.05957 0.046875
0 0.631836 0.032227 0.061523 0.064453
0 0.714844 0.114258 0.069336 0.082031
0 0.726562 0.213867 0.053711 0.071289
0 0.754883 0.30957 0.064453 0.082031
0 0.835938 0.311523 0.073242 0.074219
0 0.634766 0.261719 0.066406 0.079102
0 0.495117 0.212891 0.113281 0.104492
0 0.513672 0.28418 0.081055 0.067383
0 0.37207 0.24707 0.087891 0.06543
0 0.460938 0.125977 0.082031 0.0625
0 0.040039 0.123047 0.081055 0.083008
0 0.081055 0.178711 0.094727 0.047852
0 0.026367 0.430664 0.053711 0.079102
0 0.25293 0.575195 0.085938 0.077148
0 0.140625 0.575195 0.091797 0.06543
0 0.323242 0.663086 0.09082 0.056641
0 0.516602 0.785156 0.073242 0.076172
0 0.652344 0.882812 0.067383 0.081055
0 0.729492 0.84668 0.078125 0.094727
0 0.87207 0.819336 0.069336 0.069336
0 0.848633 0.75 0.081055 0.058594
0 0.819336 0.963867 0.077148 0.071289
0 0.349609 0.955078 0.118164 0.088867
0 0.416992 0.833984 0.083984 0.295898
0 0.443359 0.680664 0.083984 0.0625
0 0.21875 0.748047 0.095703 0.056641
0 0.162109 0.806641 0.12793 0.055664
0 0.085938 0.902344 0.079102 0.05957
0 0.192383 0.923828 0.182617 0.151367
0 0.035156 0.717773 0.071289 0.060547
0 0.026367 0.650391 0.052734 0.077148
0 0.554688 0.5 0.074219 0.066406
0 0.581055 0.271484 0.076172 0.272461
0 0.224609 0.873047 0.087891 0.061523
0 0.605469 0.138672 0.071289 0.103516
0 0.625977 0.673828 0.071289 0.068359
0 0.924805 0.380859 0.041992 0.035156
0 0.833984 0.253906 0.069336 0.0625
0 0.473633 0.748047 0.068359 0.048828
0 0.780273 0.210938 0.055664 0.052734
0 0.363281 0.794922 0.058594 0.06543
