0 0.024414 0.939453 0.049805 0.115234
0 0.092773 0.828125 0.101562 0.069336
0 0.185547 0.899414 0.057617 0.064453
0 0.276367 0.855469 0.099609 0.071289
0 0.234375 0.786133 0.079102 0.054688
0 0.211914 0.71875 0.061523 0.056641
0 0.051758 0.731445 0.067383 0.06543
0 0.12793 0.520508 0.121094 0.076172
0 0.258789 0.490234 0.103516 0.063477
0 0.145508 0.262695 0.088867 0.057617
0 0.251953 0.282227 0.094727 0.075195
0 0.138672 0.347656 0.067383 0.083984
0 0.557617 0.359375 0.107422 0.151367
0 0.450195 0.463867 0.05957 0.066406
0 0.489258 0.712891 0.132812 0.191406
0 0.374023 0.733398 0.081055 0.104492
0 0.308594 0.623047 0.069336 0.094727
0 0.530273 0.676758 0.074219 0.09082
0 0.674805 0.582031 0.110352 0.115234
0 0.526367 0.941406 0.115234 0.107422
0 0.542969 0.850586 0.06543 0.056641
0 0.769531 0.785156 0.067383 0.077148
0 0.817383 0.702148 0.079102 0.071289
0 0.803711 0.631836 0.174805 0.069336
0 0.928711 0.685547 0.086914 0.049805
0 0.959961 0.708984 0.079102 0.107422
0 0.961914 0.578125 0.075195 0.073242
0 0.717773 0.330078 0.078125 0.073242
0 0.866211 0.276367 0.128906 0.083984
0 0.916016 0.202148 0.078125 0.082031
0 0.977539 0.420898 0.044922 0.107422
0 0.743164 0.120117 0.081055 0.073242
0 0.712891 0.175781 0.073242 0.077148
0 0.610352 0.166992 0.06543 0.067383
0 0.53418 0.211914 0.123047 0.097656
0 0.362305 0.157227 0.089844 0.080078
0 0.889648 0.137695 0.069336 0.057617
0 0.65332 0.046875 0.080078 0.082031
0 0.472656 0.041016 0.068359 0.082031
0 0.330078 0.015625 0.057617 0.032227
0 0.145508 0.099609 0.084961 0.079102
0 0.041992 0.008789 0.076172 0.018555
0 0.033203 0.609375 0.066406 0.068359
0 0.958984 0.320312 0.082031 0.056641
