0 0.614258 0.443359 0.077148 0.142578
0 0.520508 0.34668 0.086914 0.085938
0 0.802734 0.228516 0.109375 0.124023
0 0.832031 0.393555 0.149414 0.102539
0 0.793945 0.499023 0.134766 0.063477
0 0.948242 0.526367 0.095703 0.098633
0 0.941406 0.639648 0.06543 0.112305
0 0.801758 0.59375 0.051758 0.063477
0 0.598633 0.708008 0.069336 0.058594
0 0.572266 0.594727 0.094727 0.06543
0 0.719727 0.754883 0.068359 0.064453
0 0.663086 0.776367 0.050781 0.066406
0 0.763672 0.832031 0.135742 0.082031
0 0.957031 0.862305 0.084961 0.068359
0 0.710938 0.938477 0.09668 0.080078
0 0.805664 0.96582 0.052734 0.06543
0 0.582031 0.961914 0.051758 0.076172
0 0.527344 0.963867 0.078125 0.072266
0 0.611328 0.889648 0.073242 0.075195
0 0.366211 0.935547 0.063477 0.099609
0 0.342773 0.824219 0.056641 0.060547
0 0.248047 0.671875 0.098633 0.083984
0 0.120117 0.682617 0.094727 0.066406
0 0.166992 0.530273 0.131836 0.0625
0 0.291016 0.493164 0.057617 0.101562
0 0.347656 0.404297 0.067383 0.111328
0 0.253906 0.349609 0.073242 0.056641
0 0.354492 0.303711 0.055664 0.077148
0 0.414062 0.303711 0.061523 0.053711
0 0.033203 0.829102 0.046875 0.054688
0 0.038086 0.898438 0.076172 0.120117
0 0.129883 0.838867 0.0625 0.086914
0 0.208008 0.865234 0.052734 0.098633
0 0.261719 0.842773 0.072266 0.056641
0 0.271484 0.905273 0.055664 0.112305
0 0.327148 0.894531 0.066406 0.080078
0 0.023438 0.646484 0.046875 0.076172
0 0.030273 0.5 0.060547 0.052734
0 0.145508 0.393555 0.073242 0.05957
0 0.147461 0.308594 0.078125 0.05957
0 0.268555 0.204102 0.165039 0.057617
0 0.032227 0.223633 0.06543 0.068359
0 0.03418 0.134766 0.0625 0.073242
0 0.250977 0.026367 0.064453 0.053711
0 0.533203 0.068359 0.066406 0.137695
0 0.585938 0.125977 0.161133 0.078125
0 0.469727 0.457031 0.063477 0.067383
0 0.977539 0.217773 0.043945 0.074219
0 0.931641 0.046875 0.051758 0.094727
0 0.15332 0.742188 0.083984 0.060547
0 0.087891 0.647461 0.032227 0.039062
