0 0.061523 0.029297 0.078125 0.05957
0 0.020508 0.176758 0.041016 0.068359
0 0.023438 0.245117 0.047852 0.075195
0 0.021484 0.764648 0.043945 0.061523
0 0.006836 0.652344 0.013672 0.058594
0 0.006836 0.402344 0.013672 0.049805
0 0.080078 0.417969 0.083008 0.074219
0 0.154297 0.25293 0.06543 0.084961
0 0.213867 0.246094 0.058594 0.078125
0 0.107422 0.889648 0.0625 0.09375
0 0.306641 0.886719 0.086914 0.087891
0 0.119141 0.976562 0.053711 0.046875
0 0.166016 0.571289 0.074219 0.076172
0 0.240234 0.491211 0.047852 0.046875
0 0.287109 0.444336 0.067383 0.045898
0 0.43457 0.561523 0.069336 0.063477
0 0.441406 0.620117 0.06543 0.053711
0 0.34375 0.748047 0.052734 0.06543
0 0.352539 0.321289 0.094727 0.074219
0 0.300781 0.052734 0.064453 0.060547
0 0.461914 0.188477 0.105469 0.074219
0 0.554688 0.327148 0.067383 0.072266
0 0.195312 0.037109 0.076172 0.075195
0 0.703125 0.09668 0.099609 0.067383
0 0.764648 0.27832 0.089844 0.064453
0 0.853516 0.240234 0.091797 0.0625
0 0.738281 0.356445 0.073242 0.102539
0 0.773438 0.46582 0.068359 0.0625
0 0.612305 0.475586 0.053711 0.066406
0 0.628906 0.581055 0.063477 0.05957
0 0.59668 0.676758 0.060547 0.082031
0 0.737305 0.62793 0.092773 0.069336
0 0.706055 0.808594 0.060547 0.061523
0 0.707031 0.867188 0.061523 0.057617
0 0.893555 0.810547 0.117188 0.110352
0 0.919922 0.929688 0.12207 0.108398
0 0.984375 0.874023 0.030273 0.063477
0 0.982422 0.643555 0.03418 0.050781
0 0.927734 0.650391 0.063477 0.060547
0 0.918945 0.532227 0.113281 0.067383
0 0.803711 0.535156 0.082031 0.058594
0 0.896484 0.357422 0.083008 0.061523
0 0.972656 0.204102 0.053711 0.067383
0 0.964844 0.010742 0.055664 0.022461
0 0.196289 0.981445 0.042969 0.037109
