0 0.478516 0.411133 0.1875 0.174805
0 0.574219 0.181641 0.115234 0.080078
0 0.714844 0.064453 0.069336 0.054688
0 0.658203 0.088867 0.058594 0.073242
0 0.820312 0.104492 0.098633 0.067383
0 0.893555 0.180664 0.09375 0.09375
0 0.888672 0.274414 0.099609 0.098633
0 0.985352 0.27832 0.02832 0.078125
0 0.988281 0.130859 0.022461 0.066406
0 0.426758 0.061523 0.097656 0.070312
0 0.282227 0.039062 0.140625 0.067383
0 0.077148 0.210938 0.134766 0.224609
0 0.111328 0.364258 0.12207 0.094727
0 0.254883 0.538086 0.087891 0.068359
0 0.175781 0.623047 0.079102 0.121094
0 0.207031 0.59082 0.145508 0.064453
0 0.043945 0.432617 0.088867 0.058594
0 0.556641 0.623047 0.075195 0.086914
0 0.56543 0.722656 0.098633 0.071289
0 0.520508 0.926758 0.113281 0.108398
0 0.167969 0.978516 0.263672 0.041992
0 0.575195 0.973633 0.137695 0.048828
0 0.878906 0.744141 0.097656 0.06543
0 0.834961 0.857422 0.125 0.112305
0 0.703125 0.875977 0.107422 0.078125
0 0.816406 0.640625 0.132812 0.09375
0 0.864258 0.611328 0.086914 0.082031
0 0.913086 0.586914 0.083984 0.108398
0 0.96582 0.499023 0.068359 0.06543
0 0.807617 0.026367 0.0625 0.052734
0 0.953125 0.74707 0.081055 0.073242
