0 0.048828 0.347656 0.049805 0.041016
0 0.029297 0.293945 0.048828 0.041992
0 0.03418 0.432617 0.066406 0.055664
0 0.022461 0.518555 0.045898 0.045898
0 0.024414 0.864258 0.041992 0.044922
0 0.345703 0.928711 0.073242 0.058594
0 0.298828 0.952148 0.046875 0.046875
0 0.185547 0.954102 0.049805 0.056641
0 0.138672 0.938477 0.041016 0.03125
0 0.225586 0.875 0.078125 0.0625
0 0.120117 0.871094 0.044922 0.042969
0 0.064453 0.907227 0.077148 0.071289
0 0.092773 0.789062 0.071289 0.094727
0 0.05957 0.642578 0.061523 0.097656
0 0.058594 0.55957 0.110352 0.097656
0 0.146484 0.702148 0.073242 0.146484
0 0.200195 0.722656 0.055664 0.078125
0 0.088867 0.682617 0.049805 0.033203
0 0.106445 0.613281 0.073242 0.02832
0 0.116211 0.395508 0.058594 0.047852
0 0.162109 0.388672 0.037109 0.039062
0 0.214844 0.389648 0.041992 0.057617
0 0.22168 0.439453 0.033203 0.038086
0 0.179688 0.319336 0.048828 0.045898
0 0.129883 0.34082 0.035156 0.041992
0 0.12793 0.236328 0.038086 0.057617
0 0.101562 0.125 0.053711 0.078125
0 0.228516 0.138672 0.03125 0.053711
0 0.039062 0.0625 0.047852 0.072266
0 0.172852 0.016602 0.054688 0.03418
0 0.217773 0.017578 0.033203 0.035156
0 0.40625 0.450195 0.071289 0.083008
0 0.489258 0.433594 0.070312 0.088867
0 0.399414 0.357422 0.056641 0.049805
0 0.384766 0.311523 0.044922 0.070312
0 0.375977 0.227539 0.102539 0.091797
0 0.487305 0.199219 0.036133 0.038086
0 0.463867 0.135742 0.064453 0.117188
0 0.436523 0.12207 0.032227 0.053711
0 0.493164 0.060547 0.045898 0.048828
0 0.276367 0.09082 0.106445 0.055664
0 0.308594 0.014648 0.053711 0.029297
0 0.462891 0.012695 0.089844 0.025391
0 0.522461 0.921875 0.087891 0.047852
0 0.496094 0.964844 0.084961 0.066406
0 0.582031 0.977539 0.05957 0.044922
0 0.375 0.521484 0.055664 0.15332
0 0.428711 0.567383 0.063477 0.071289
0 0.487305 0.573242 0.06543 0.057617
0 0.591797 0.521484 0.050781 0.045898
0 0.660156 0.484375 0.078125 0.056641
0 0.664062 0.619141 0.108398 0.041016
0 0.447266 0.624023 0.103516 0.038086
0 0.382812 0.638672 0.152344 0.094727
0 0.380859 0.638672 0.054688 0.102539
0 0.287109 0.631836 0.074219 0.067383
0 0.423828 0.727539 0.05957 0.120117
0 0.357422 0.77832 0.053711 0.0625
0 0.427734 0.811523 0.071289 0.040039
0 0.483398 0.811523 0.099609 0.037109
0 0.555664 0.813477 0.045898 0.085938
0 0.525391 0.733398 0.076172 0.03418
0 0.629883 0.881836 0.048828 0.09668
0 0.713867 0.753906 0.043945 0.060547
0 0.725586 0.678711 0.111328 0.057617
0 0.821289 0.836914 0.055664 0.061523
0 0.767578 0.908203 0.044922 0.060547
0 0.836914 0.932617 0.05957 0.047852
0 0.824219 0.763672 0.058594 0.057617
0 0.881836 0.758789 0.044922 0.044922
0 0.941406 0.757812 0.058594 0.068359
0 0.598633 0.056641 0.094727 0.064453
0 0.669922 0.113281 0.084961 0.06543
0 0.704102 0.106445 0.052734 0.087891
0 0.736328 0.055664 0.040039 0.061523
0 0.77832 0.101562 0.057617 0.075195
0 0.81543 0.043945 0.061523 0.063477
0 0.878906 0.042969 0.09668 0.086914
0 0.882812 0.077148 0.047852 0.041992
0 0.973633 0.108398 0.052734 0.048828
0 0.979492 0.169922 0.041016 0.058594
0 0.638672 0.178711 0.045898 0.070312
0 0.693359 0.234375 0.072266 0.074219
0 0.813477 0.191406 0.069336 0.072266
0 0.818359 0.248047 0.039062 0.071289
0 0.887695 0.298828 0.081055 0.054688
0 0.955078 0.303711 0.0625 0.037109
0 0.725586 0.28418 0.079102 0.079102
0 0.619141 0.310547 0.049805 0.114258
0 0.739258 0.349609 0.038086 0.044922
0 0.537109 0.360352 0.042969 0.040039
0 0.395508 0.851562 0.038086 0.045898
0 0.899414 0.839844 0.064453 0.073242
0 0.925781 0.407227 0.109375 0.052734
0 0.947266 0.47168 0.047852 0.046875
0 0.824219 0.46875 0.077148 0.041016
0 0.922852 0.530273 0.054688 0.070312
0 0.962891 0.573242 0.042969 0.079102
0 0.720703 0.505859 0.042969 0.038086
0 0.727539 0.456055 0.061523 0.043945
0 0.80957 0.298828 0.041016 0.054688
