0 0.537109 0.882812 0.115234 0.09668
0 0.287109 0.632812 0.109375 0.073242
0 0.547852 0.544922 0.083008 0.102539
0 0.966797 0.524414 0.06543 0.095703
0 0.144531 0.556641 0.070312 0.114258
0 0.558594 0.120117 0.107422 0.086914
0 0.355469 0.30957 0.077148 0.109375
0 0.787109 0.376953 0.060547 0.084961
0 0.71582 0.388672 0.078125 0.075195
0 0.447266 0.273438 0.080078 0.097656
0 0.489258 0.764648 0.089844 0.195312
0 0.314453 0.386719 0.099609 0.080078
0 0.703125 0.744141 0.102539 0.155273
0 0.234375 0.947266 0.061523 0.102539
0 0.37793 0.863281 0.0625 0.101562
0 0.620117 0.390625 0.077148 0.137695
0 0.546875 0.286133 0.064453 0.177734
0 0.726562 0.168945 0.135742 0.155273
0 0.676758 0.244141 0.094727 0.100586
0 0.145508 0.811523 0.102539 0.170898
0 0.804688 0.136719 0.115234 0.06543
0 0.878906 0.802734 0.147461 0.12207
0 0.110352 0.301758 0.051758 0.054688
0 0.137695 0.12207 0.083008 0.115234
0 0.838867 0.726562 0.094727 0.145508
0 0.610352 0.944336 0.067383 0.105469
0 0.635742 0.689453 0.068359 0.060547
0 0.042969 0.884766 0.083008 0.115234
0 0.530273 0.605469 0.067383 0.052734
0 0.703125 0.946289 0.067383 0.094727
0 0.739258 0.325195 0.049805 0.047852
0 0.051758 0.227539 0.099609 0.077148
0 0.026367 0.644531 0.053711 0.049805
0 0.089844 0.177734 0.070312 0.057617
0 0.033203 0.34082 0.0625 0.0625
0 0.606445 0.289062 0.049805 0.05957
0 0.107422 0.964844 0.057617 0.070312
0 0.445312 0.975586 0.051758 0.047852
0 0.566406 0.980469 0.060547 0.039062
0 0.632812 0.363281 0.051758 0.052734
0 0.881836 0.135742 0.064453 0.097656
