0 0.853516 0.280273 0.072266 0.077148
0 0.738281 0.018555 0.132812 0.037109
0 0.741211 0.927734 0.094727 0.118164
0 0.642578 0.93457 0.099609 0.109375
0 0.125 0.689453 0.130859 0.104492
0 0.167969 0.391602 0.078125 0.079102
0 0.032227 0.143555 0.064453 0.079102
0 0.699219 0.24707 0.080078 0.095703
0 0.611328 0.217773 0.145508 0.102539
0 0.705078 0.793945 0.077148 0.084961
0 0.552734 0.099609 0.083008 0.080078
0 0.895508 0.134766 0.100586 0.080078
0 0.493164 0.206055 0.126953 0.132812
0 0.614258 0.303711 0.104492 0.084961
0 0.691406 0.042969 0.100586 0.086914
0 0.039062 0.878906 0.075195 0.104492
