0 0.052734 0.560547 0.09668 0.070312
0 0.135742 0.493164 0.078125 0.076172
0 0.151367 0.606445 0.068359 0.057617
0 0.097656 0.701172 0.098633 0.071289
0 0.131836 0.765625 0.071289 0.056641
0 0.168945 0.719727 0.044922 0.049805
0 0.226562 0.666992 0.101562 0.103516
0 0.132812 0.655273 0.074219 0.050781
0 0.325195 0.518555 0.083984 0.068359
0 0.368164 0.453125 0.091797 0.070312
0 0.5 0.625 0.068359 0.06543
0 0.492188 0.691406 0.088867 0.069336
0 0.306641 0.81543 0.06543 0.09375
0 0.375977 0.814453 0.067383 0.106445
0 0.424805 0.887695 0.078125 0.080078
0 0.272461 0.891602 0.06543 0.06543
0 0.282227 0.973633 0.06543 0.052734
0 0.168945 0.972656 0.068359 0.053711
0 0.702148 0.962891 0.126953 0.073242
0 0.874023 0.981445 0.063477 0.035156
0 0.576172 0.902344 0.09082 0.043945
0 0.873047 0.738281 0.071289 0.087891
0 0.945312 0.813477 0.048828 0.073242
0 0.964844 0.759766 0.069336 0.068359
0 0.926758 0.696289 0.091797 0.06543
0 0.941406 0.643555 0.072266 0.05957
0 0.892578 0.910156 0.070312 0.05957
0 0.839844 0.556641 0.071289 0.071289
0 0.900391 0.583008 0.058594 0.063477
0 0.790039 0.469727 0.072266 0.081055
0 0.956055 0.451172 0.06543 0.05957
0 0.786133 0.34375 0.077148 0.080078
0 0.744141 0.227539 0.061523 0.05957
0 0.59668 0.270508 0.070312 0.064453
0 0.59375 0.21582 0.074219 0.069336
0 0.467773 0.235352 0.076172 0.056641
0 0.53125 0.275391 0.056641 0.056641
0 0.498047 0.162109 0.072266 0.068359
0 0.40625 0.186523 0.100586 0.083984
0 0.038086 0.296875 0.076172 0.085938
0 0.033203 0.387695 0.05957 0.072266
0 0.130859 0.198242 0.078125 0.088867
0 0.168945 0.121094 0.109375 0.083008
0 0.286133 0.09082 0.082031 0.068359
0 0.211914 0.018555 0.091797 0.037109
0 0.316406 0.016602 0.077148 0.033203
0 0.419922 0.061523 0.060547 0.056641
0 0.538086 0.078125 0.077148 0.077148
0 0.621094 0.017578 0.070312 0.036133
0 0.641602 0.06543 0.068359 0.06543
0 0.709961 0.040039 0.071289 0.06543
0 0.80957 0.041016 0.077148 0.068359
0 0.865234 0.146484 0.06543 0.081055
0 0.929688 0.150391 0.077148 0.06543
0 0.975586 0.220703 0.047852 0.078125
0 0.641602 0.735352 0.05957 0.058594
0 0.072266 0.196289 0.071289 0.102539
0 0.933594 0.959961 0.063477 0.071289
0 0.576172 0.879883 0.095703 0.041016
0 0.02832 0.547852 0.053711 0.083008
