0 0.464844 0.363281 0.129883 0.055664
0 0.90332 0.71875 0.056641 0.113281
0 0.230469 0.134766 0.058594 0.089844
0 0.132812 0.816406 0.103516 0.053711
0 0.387695 0.517578 0.102539 0.082031
0 0.225586 0.916992 0.114258 0.092773
0 0.144531 0.227539 0.080078 0.088867
0 0.387695 0.233398 0.109375 0.111328
0 0.605469 0.057617 0.103516 0.115234
0 0.431641 0.712891 0.09375 0.050781
0 0.822266 0.449219 0.071289 0.051758
0 0.761719 0.181641 0.03418 0.088867
0 0.225586 0.78125 0.075195 0.091797
0 0.431641 0.647461 0.075195 0.049805
0 0.68125 0.738086 0.105859 0.075391
0 0.006836 0.470703 0.014648 0.051758
0 0.041992 0.176758 0.084961 0.066406
0 0.911133 0.257812 0.055664 0.069336
0 0.331055 0.390625 0.178711 0.083984
0 0.479492 0.5625 0.035156 0.070312
0 0.495117 0.668945 0.118164 0.045898
0 0.181641 0.337891 0.119141 0.054688
0 0.583008 0.297852 0.084961 0.120117
0 0.204102 0.299805 0.128906 0.05957
0 0.505859 0.045898 0.188477 0.092773
0 0.798828 0.474609 0.070312 0.058594
0 0.017578 0.625977 0.035156 0.195312
0 0.293945 0.177734 0.083984 0.041016
0 0.570312 0.424805 0.097656 0.06543
0 0.089844 0.058594 0.132812 0.108398
0 0.633789 0.942383 0.053711 0.057617
0 0.290039 0.022461 0.079102 0.044922
0 0.391602 0.790039 0.078125 0.046875
0 0.091797 0.894531 0.129883 0.042969
0 0.463867 0.076172 0.110352 0.042969
0 0.72168 0.668945 0.060547 0.094727
0 0.292969 0.574219 0.058594 0.03125
0 0.032227 0.977539 0.06543 0.043945
0 0.894531 0.976562 0.049805 0.042969
0 0.064453 0.835938 0.067383 0.025391
0 0.585938 0.975586 0.100586 0.021484
0 0.662109 0.294922 0.050781 0.047852
0 0.902344 0.980469 0.042969 0.03418
0 0.736328 0.670898 0.067383 0.098633
0 0.217773 0.026367 0.040039 0.052734
0 0.744141 0.821289 0.107422 0.046875
0 0.052734 0.033203 0.106445 0.067383
0 0.233398 0.25293 0.043945 0.037109
0 0.390625 0.314453 0.048828 0.038086
0 0.399414 0.867188 0.100586 0.03418
0 0.054688 0.275391 0.052734 0.055664
0 0.177734 0.571289 0.119141 0.055664
0 0.469727 0.975586 0.087891 0.044922
0 0.714844 0.220703 0.128906 0.200195
0 0.25293 0.97168 0.085938 0.055664
0 0.131836 0.373047 0.078125 0.039062
0 0.6875 0.616211 0.120117 0.058594
0 0.530273 0.234375 0.109375 0.054688
0 0.797852 0.008789 0.068359 0.017578
0 0.598633 0.288086 0.075195 0.072266
0 0.271484 0.625977 0.056641 0.09375
0 0.254883 0.59082 0.102539 0.089844
0 0.268555 0.638672 0.086914 0.068359
0 0.011719 0.943359 0.024414 0.039062
