0 0.019531 0.009766 0.040039 0.020508
0 0.333984 0.016602 0.083008 0.03418
0 0.02832 0.500977 0.057617 0.064453
0 0.085938 0.461914 0.070312 0.09375
0 0.260742 0.553711 0.06543 0.118164
0 0.135742 0.585938 0.09082 0.105469
0 0.046875 0.632812 0.079102 0.150391
0 0.209961 0.681641 0.068359 0.073242
0 0.173828 0.816406 0.095703 0.125
0 0.015625 0.911133 0.03125 0.081055
0 0.176758 0.955078 0.075195 0.064453
0 0.3125 0.897461 0.09082 0.069336
0 0.393555 0.710938 0.083008 0.079102
0 0.320312 0.616211 0.06543 0.06543
0 0.279297 0.649414 0.053711 0.05957
0 0.356445 0.518555 0.078125 0.075195
0 0.53418 0.375 0.083984 0.051758
0 0.581055 0.461914 0.094727 0.119141
0 0.663086 0.432617 0.102539 0.066406
0 0.855469 0.351562 0.105469 0.083008
0 0.501953 0.541992 0.061523 0.070312
0 0.582031 0.557617 0.082031 0.079102
0 0.467773 0.601562 0.084961 0.054688
0 0.446289 0.641602 0.076172 0.057617
0 0.533203 0.673828 0.076172 0.106445
0 0.454102 0.756836 0.051758 0.092773
0 0.563477 0.805664 0.091797 0.145508
0 0.491211 0.930664 0.05957 0.076172
0 0.554688 0.950195 0.099609 0.098633
0 0.825195 0.766602 0.154297 0.066406
0 0.834961 0.672852 0.048828 0.088867
0 0.871094 0.610352 0.061523 0.055664
0 0.925781 0.679688 0.085938 0.101562
0 0.859375 0.111328 0.072266 0.106445
0 0.750977 0.099609 0.074219 0.09082
0 0.692383 0.03418 0.138672 0.069336
0 0.750977 0.014648 0.091797 0.030273
0 0.535156 0.052734 0.063477 0.105469
0 0.59668 0.035156 0.0625 0.071289
0 0.9375 0.020508 0.056641 0.041016
0 0.9375 0.808594 0.06543 0.061523
0 0.976562 0.853516 0.046875 0.102539
0 0.657227 0.52832 0.09668 0.099609
0 0.371094 0.09668 0.094727 0.120117
0 0.416992 0.073242 0.051758 0.055664
