0 0.079102 0.019531 0.09375 0.040039
0 0.044922 0.935547 0.082031 0.082031
0 0.170898 0.739258 0.117188 0.06543
0 0.091797 0.65625 0.106445 0.086914
0 0.057617 0.431641 0.077148 0.068359
0 0.029297 0.520508 0.056641 0.0625
0 0.141602 0.549805 0.079102 0.057617
0 0.189453 0.599609 0.069336 0.071289
0 0.214844 0.526367 0.117188 0.063477
0 0.099609 0.34375 0.097656 0.069336
0 0.081055 0.236328 0.084961 0.079102
0 0.494141 0.02832 0.070312 0.056641
0 0.679688 0.126953 0.05957 0.072266
0 0.692383 0.211914 0.074219 0.087891
0 0.62207 0.28418 0.094727 0.074219
0 0.696289 0.352539 0.080078 0.088867
0 0.457031 0.34375 0.070312 0.077148
0 0.459961 0.412109 0.102539 0.060547
0 0.445312 0.469727 0.09375 0.080078
0 0.621094 0.561523 0.114258 0.060547
0 0.71582 0.46875 0.091797 0.069336
0 0.802734 0.428711 0.042969 0.0625
0 0.907227 0.561523 0.108398 0.081055
0 0.666992 0.629883 0.092773 0.0625
0 0.43457 0.676758 0.101562 0.055664
0 0.358398 0.733398 0.070312 0.052734
0 0.450195 0.793945 0.091797 0.080078
0 0.336914 0.892578 0.070312 0.088867
0 0.297852 0.889648 0.073242 0.072266
0 0.208984 0.916992 0.083984 0.067383
0 0.135742 0.916016 0.067383 0.072266
0 0.176758 0.973633 0.070312 0.051758
0 0.570312 0.798828 0.082031 0.115234
0 0.763672 0.822266 0.118164 0.082031
0 0.697266 0.723633 0.055664 0.056641
0 0.962891 0.831055 0.071289 0.088867
0 0.849609 0.868164 0.057617 0.057617
0 0.850586 0.980469 0.073242 0.038086
0 0.936523 0.304688 0.066406 0.073242
0 0.951172 0.175781 0.078125 0.070312
0 0.332031 0.251953 0.058594 0.055664
0 0.024414 0.147461 0.046875 0.060547
0 0.256836 0.709961 0.075195 0.073242
0 0.782227 0.347656 0.055664 0.05957
0 0.601562 0.943359 0.041016 0.043945
0 0.97168 0.295898 0.056641 0.051758
