0 0.02832 0.572266 0.056641 0.052734
0 0.12207 0.725586 0.157227 0.080078
0 0.307617 0.641602 0.119141 0.071289
0 0.199219 0.530273 0.05957 0.076172
0 0.15918 0.636719 0.076172 0.083008
0 0.064453 0.482422 0.105469 0.087891
0 0.063477 0.536133 0.078125 0.042969
0 0.142578 0.453125 0.114258 0.084961
0 0.053711 0.975586 0.086914 0.048828
0 0.24707 0.883789 0.051758 0.063477
0 0.308594 0.885742 0.110352 0.064453
0 0.374023 0.97168 0.075195 0.056641
0 0.50293 0.967773 0.06543 0.0625
0 0.37207 0.541992 0.057617 0.061523
0 0.323242 0.438477 0.086914 0.063477
0 0.40918 0.467773 0.083008 0.054688
0 0.461914 0.413086 0.097656 0.058594
0 0.586914 0.5625 0.073242 0.091797
0 0.588867 0.637695 0.060547 0.117188
0 0.652344 0.506836 0.123047 0.06543
0 0.542969 0.365234 0.09668 0.054688
0 0.541016 0.237305 0.070312 0.114258
0 0.051758 0.351562 0.104492 0.054688
0 0.158203 0.301758 0.089844 0.057617
0 0.273438 0.347656 0.110352 0.068359
0 0.234375 0.234375 0.098633 0.071289
0 0.079102 0.183594 0.083984 0.061523
0 0.076172 0.272461 0.06543 0.0625
0 0.355469 0.210938 0.069336 0.060547
0 0.349609 0.141602 0.066406 0.051758
0 0.412109 0.15332 0.069336 0.054688
0 0.524414 0.032227 0.09668 0.06543
0 0.619141 0.103516 0.06543 0.075195
0 0.801758 0.048828 0.094727 0.069336
0 0.029297 0.072266 0.058594 0.072266
0 0.334961 0.029297 0.110352 0.050781
0 0.974609 0.371094 0.049805 0.071289
0 0.251953 0.091797 0.108398 0.134766
0 0.960938 0.606445 0.077148 0.066406
0 0.825195 0.129883 0.072266 0.053711
0 0.882812 0.160156 0.06543 0.051758
0 0.779297 0.226562 0.076172 0.076172
0 0.768555 0.316406 0.113281 0.100586
0 0.707031 0.350586 0.071289 0.073242
0 0.930664 0.317383 0.06543 0.117188
0 0.770508 0.422852 0.083984 0.044922
0 0.796875 0.459961 0.166016 0.09082
0 0.84668 0.53418 0.157227 0.0625
0 0.952148 0.525391 0.09375 0.077148
0 0.959961 0.463867 0.080078 0.047852
0 0.865234 0.62207 0.080078 0.069336
0 0.914062 0.686523 0.085938 0.045898
0 0.813477 0.756836 0.06543 0.054688
0 0.916992 0.763672 0.070312 0.049805
0 0.625 0.794922 0.104492 0.064453
0 0.701172 0.864258 0.063477 0.056641
0 0.694336 0.930664 0.0625 0.052734
0 0.65625 0.967773 0.103516 0.063477
0 0.883789 0.808594 0.067383 0.041992
0 0.412109 0.591797 0.053711 0.05957
0 0.030273 0.140625 0.051758 0.048828
0 0.362305 0.674805 0.060547 0.048828
0 0.182617 0.259766 0.053711 0.044922
0 0.71875 0.908203 0.054688 0.029297
