0 0.186523 0.130859 0.110352 0.0625
0 0.274414 0.235352 0.09375 0.066406
0 0.361328 0.274414 0.080078 0.082031
0 0.390625 0.076172 0.075195 0.084961
0 0.564453 0.102539 0.081055 0.073242
0 0.745117 0.138672 0.094727 0.144531
0 0.907227 0.051758 0.056641 0.057617
0 0.794922 0.276367 0.083008 0.077148
0 0.820312 0.196289 0.06543 0.073242
0 0.599609 0.15332 0.068359 0.055664
0 0.705078 0.355469 0.164062 0.125
0 0.93457 0.425781 0.105469 0.123047
0 0.917969 0.28125 0.101562 0.095703
0 0.538086 0.395508 0.084961 0.083984
0 0.354492 0.507812 0.126953 0.137695
0 0.383789 0.364258 0.087891 0.075195
0 0.250977 0.764648 0.110352 0.125
0 0.040039 0.649414 0.075195 0.105469
0 0.079102 0.764648 0.123047 0.119141
0 0.650391 0.711914 0.160156 0.109375
0 0.453125 0.879883 0.116211 0.075195
0 0.264648 0.96582 0.097656 0.068359
0 0.083984 0.893555 0.167969 0.068359
0 0.076172 0.982422 0.105469 0.03418
0 0.749023 0.933594 0.109375 0.063477
0 0.862305 0.826172 0.094727 0.072266
0 0.945312 0.758789 0.109375 0.137695
0 0.948242 0.644531 0.102539 0.142578
0 0.760742 0.974609 0.104492 0.050781
0 0.952148 0.117188 0.094727 0.126953
0 0.610352 0.811523 0.073242 0.085938
0 0.185547 0.339844 0.069336 0.054688
0 0.083984 0.243164 0.072266 0.09375
0 0.020508 0.337891 0.041016 0.042969
0 0.099609 0.040039 0.091797 0.081055
0 0.407227 0.144531 0.136719 0.09668
0 0.568359 0.261719 0.09082 0.079102
0 0.141602 0.226562 0.087891 0.064453
0 0.787109 0.420898 0.130859 0.087891
