0 0.225586 0.109375 0.079102 0.134766
0 0.150391 0.155273 0.068359 0.054688
0 0.418945 0.152344 0.069336 0.077148
0 0.480469 0.22168 0.067383 0.079102
0 0.394531 0.287109 0.080078 0.077148
0 0.064453 0.382812 0.085938 0.055664
0 0.052734 0.435547 0.0625 0.237305
0 0.094727 0.580078 0.071289 0.069336
0 0.161133 0.538086 0.150391 0.128906
0 0.334961 0.452148 0.068359 0.064453
0 0.443359 0.424805 0.068359 0.074219
0 0.52832 0.378906 0.072266 0.09375
0 0.610352 0.405273 0.099609 0.112305
0 0.640625 0.285156 0.100586 0.129883
0 0.773438 0.301758 0.149414 0.094727
0 0.870117 0.401367 0.100586 0.063477
0 0.905273 0.293945 0.100586 0.085938
0 0.051758 0.702148 0.085938 0.067383
0 0.152344 0.739258 0.054688 0.060547
0 0.266602 0.733398 0.056641 0.086914
0 0.208984 0.807617 0.070312 0.0625
0 0.277344 0.823242 0.070312 0.055664
0 0.350586 0.775391 0.058594 0.060547
0 0.339844 0.847656 0.072266 0.087891
0 0.390625 0.890625 0.06543 0.078125
0 0.09668 0.87207 0.142578 0.097656
0 0.144531 0.946289 0.066406 0.054688
0 0.869141 0.560547 0.068359 0.0625
0 0.945312 0.663086 0.074219 0.09668
0 0.982422 0.744141 0.03418 0.085938
0 0.927734 0.746094 0.060547 0.06543
0 0.844727 0.719727 0.072266 0.115234
0 0.772461 0.701172 0.085938 0.095703
0 0.886719 0.891602 0.087891 0.060547
0 0.929688 0.445312 0.073242 0.067383
0 0.966797 0.370117 0.066406 0.088867
0 0.981445 0.263672 0.036133 0.056641
0 0.977539 0.15332 0.043945 0.06543
0 0.975586 0.099609 0.048828 0.051758
0 0.829102 0.120117 0.068359 0.071289
0 0.601562 0.143555 0.088867 0.132812
0 0.746094 0.052734 0.070312 0.100586
0 0.680664 0.03125 0.066406 0.054688
0 0.680664 0.96582 0.077148 0.067383
0 0.558594 0.905273 0.108398 0.083008
0 0.482422 0.68457 0.057617 0.0625
0 0.541992 0.662109 0.072266 0.061523
0 0.686523 0.698242 0.067383 0.063477
0 0.612305 0.621094 0.049805 0.05957
0 0.666016 0.597656 0.080078 0.046875
0 0.77832 0.517578 0.045898 0.060547
0 0.919922 0.59375 0.047852 0.052734
0 0.529297 0.045898 0.091797 0.041992
0 0.385742 0.356445 0.139648 0.097656
0 0.109375 0.476562 0.064453 0.071289
0 0.130859 0.015625 0.054688 0.032227
0 0.18457 0.009766 0.032227 0.019531
0 0.702148 0.082031 0.040039 0.039062
0 0.010742 0.270508 0.020508 0.043945
0 0.029297 0.621094 0.037109 0.040039
0 0.013672 0.599609 0.027344 0.056641
0 0.987305 0.453125 0.025391 0.053711
0 0.907227 0.347656 0.053711 0.063477
0 0.639648 0.09668 0.047852 0.070312
0 0.327148 0.751953 0.049805 0.067383
