0 0.895508 0.751953 0.077148 0.105469
0 0.472656 0.208984 0.075195 0.120117
0 0.625977 0.642578 0.147461 0.084961
0 0.43457 0.02832 0.140625 0.056641
0 0.150391 0.645508 0.077148 0.077148
0 0.806641 0.785156 0.080078 0.118164
0 0.766602 0.442383 0.069336 0.125
0 0.668945 0.445312 0.129883 0.09668
0 0.244141 0.230469 0.145508 0.12793
0 0.089844 0.250977 0.180664 0.113281
0 0.113281 0.822266 0.056641 0.080078
0 0.595703 0.374023 0.067383 0.06543
0 0.649414 0.3125 0.084961 0.147461
0 0.512695 0.712891 0.073242 0.067383
0 0.868164 0.355469 0.179688 0.142578
0 0.94043 0.294922 0.072266 0.102539
0 0.624023 0.802734 0.270508 0.086914
0 0.395508 0.643555 0.057617 0.087891
0 0.152344 0.886719 0.102539 0.05957
0 0.695312 0.94043 0.073242 0.118164
0 0.384766 0.717773 0.105469 0.073242
0 0.959961 0.541992 0.079102 0.072266
0 0.060547 0.729492 0.06543 0.044922
0 0.236328 0.960938 0.06543 0.072266
0 0.914062 0.091797 0.155273 0.075195
0 0.191406 0.339844 0.209961 0.070312
0 0.844727 0.430664 0.080078 0.078125
0 0.394531 0.483398 0.064453 0.042969
0 0.939453 0.618164 0.080078 0.124023
0 0.302734 0.958008 0.073242 0.067383
0 0.103516 0.135742 0.12793 0.112305
0 0.104492 0.947266 0.132812 0.104492
0 0.584961 0.97168 0.112305 0.055664
0 0.289062 0.299805 0.135742 0.054688
0 0.304688 0.443359 0.150391 0.087891
0 0.789062 0.954102 0.075195 0.09082
0 0.912109 0.021484 0.175781 0.043945
0 0.054688 0.072266 0.105469 0.087891
0 0.054688 0.137695 0.105469 0.073242
0 0.110352 0.542969 0.047852 0.057617
0 0.035156 0.039062 0.067383 0.079102
0 0.30957 0.873047 0.050781 0.052734
