0 0.382812 0.022461 0.082031 0.044922
0 0.556641 0.964844 0.09375 0.069336
0 0.295898 0.857422 0.086914 0.078125
0 0.276367 0.973633 0.075195 0.052734
0 0.423828 0.633789 0.088867 0.079102
0 0.960938 0.681641 0.074219 0.164062
0 0.726562 0.53418 0.151367 0.064453
0 0.383789 0.546875 0.40332 0.09668
0 0.529297 0.748047 0.112305 0.121094
0 0.905273 0.950195 0.18457 0.099609
0 0.581055 0.898438 0.064453 0.074219
0 0.066406 0.321289 0.107422 0.136719
0 0.823242 0.667969 0.209961 0.107422
0 0.761719 0.467773 0.139648 0.074219
0 0.551758 0.824219 0.068359 0.060547
0 0.125 0.959961 0.131836 0.080078
0 0.277344 0.55957 0.073242 0.100586
0 0.261719 0.482422 0.0625 0.049805
0 0.40918 0.547852 0.077148 0.084961
0 0.487305 0.555664 0.0625 0.082031
0 0.333008 0.480469 0.074219 0.068359
0 0.294922 0.381836 0.064453 0.077148
0 0.349609 0.405273 0.069336 0.076172
0 0.268555 0.266602 0.179688 0.117188
0 0.25293 0.72168 0.070312 0.112305
0 0.308594 0.766602 0.060547 0.09082
0 0.353516 0.583008 0.051758 0.061523
0 0.984375 0.642578 0.03125 0.272461
