0 0.063477 0.370117 0.074219 0.076172
0 0.165039 0.367188 0.070312 0.076172
0 0.735352 0.019531 0.131836 0.039062
0 0.237305 0.142578 0.073242 0.134766
0 0.295898 0.165039 0.138672 0.103516
0 0.40918 0.19043 0.15625 0.081055
0 0.450195 0.230469 0.139648 0.0625
0 0.558594 0.272461 0.09375 0.058594
0 0.5625 0.350586 0.114258 0.074219
0 0.78418 0.341797 0.136719 0.066406
0 0.924805 0.199219 0.112305 0.058594
0 0.730469 0.117188 0.076172 0.058594
0 0.763672 0.179688 0.106445 0.075195
0 0.558594 0.036133 0.095703 0.072266
0 0.887695 0.061523 0.067383 0.073242
0 0.921875 0.367188 0.094727 0.071289
0 0.645508 0.450195 0.085938 0.077148
0 0.774414 0.542969 0.092773 0.042969
0 0.867188 0.47168 0.067383 0.063477
0 0.93457 0.586914 0.123047 0.103516
0 0.391602 0.373047 0.140625 0.0625
0 0.286133 0.49707 0.077148 0.083008
0 0.400391 0.453125 0.081055 0.069336
0 0.399414 0.537109 0.069336 0.060547
0 0.56543 0.510742 0.087891 0.080078
0 0.625977 0.570312 0.076172 0.076172
0 0.765625 0.616211 0.063477 0.080078
0 0.577148 0.642578 0.097656 0.09375
0 0.467773 0.711914 0.121094 0.063477
0 0.827148 0.790039 0.067383 0.070312
0 0.918945 0.825195 0.075195 0.072266
0 0.786133 0.899414 0.103516 0.0625
0 0.891602 0.958984 0.113281 0.066406
0 0.764648 0.978516 0.098633 0.042969
0 0.479492 0.932617 0.107422 0.09082
0 0.336914 0.913086 0.071289 0.080078
0 0.271484 0.867188 0.070312 0.067383
0 0.178711 0.942383 0.080078 0.114258
0 0.03418 0.952148 0.063477 0.094727
0 0.02832 0.842773 0.056641 0.044922
0 0.097656 0.838867 0.087891 0.056641
0 0.073242 0.746094 0.084961 0.063477
0 0.09082 0.486328 0.058594 0.075195
0 0.017578 0.55957 0.036133 0.077148
0 0.844727 0.113281 0.079102 0.053711
0 0.194336 0.928711 0.039062 0.112305
0 0.818359 0.869141 0.057617 0.050781
