0 0.117188 0.249023 0.085938 0.083984
0 0.188477 0.09375 0.045898 0.075195
0 0.457031 0.222656 0.066406 0.061523
0 0.229492 0.662793 0.078125 0.053711
0 0.075195 0.036133 0.0625 0.054688
0 0.272461 0.038086 0.113281 0.057617
0 0.080078 0.088867 0.09082 0.043945
0 0.726562 0.081055 0.100586 0.071289
0 0.80957 0.324219 0.056641 0.074219
0 0.579102 0.078125 0.098633 0.052734
0 0.320312 0.53125 0.082031 0.042969
0 0.043945 0.544922 0.088867 0.0625
0 0.834961 0.089844 0.060547 0.066406
0 0.334961 0.458984 0.09668 0.046875
0 0.0625 0.385742 0.125 0.053711
0 0.37207 0.96875 0.046875 0.052734
0 0.710938 0.958984 0.09082 0.050781
0 0.350586 0.490234 0.088867 0.043945
0 0.688477 0.509766 0.098633 0.064453
0 0.459961 0.425781 0.070312 0.03418
0 0.005859 0.679688 0.012695 0.037109
0 0.526367 0.605469 0.094727 0.03418
0 0.158203 0.601562 0.073242 0.045898
0 0.845703 0.042969 0.076172 0.03418
0 0.489258 0.852539 0.043945 0.053711
0 0.421875 0.290039 0.133789 0.051758
0 0.040039 0.235352 0.054688 0.047852
0 0.617188 0.208984 0.085938 0.049805
0 0.520508 0.706055 0.045898 0.027344
0 0.101562 0.833984 0.103516 0.049805
0 0.929688 0.794922 0.070312 0.043945
0 0.922852 0.730469 0.078125 0.052734
0 0.912109 0.679688 0.054688 0.072266
0 0.126953 0.883789 0.092773 0.049805
0 0.044922 0.604492 0.09082 0.043945
0 0.230469 0.414062 0.09668 0.032227
0 0.052734 0.969727 0.099609 0.041016
0 0.969727 0.945312 0.05957 0.046875
0 0.086914 0.719727 0.048828 0.042969
0 0.429688 0.857422 0.055664 0.018555
0 0.166992 0.499023 0.078125 0.020508
0 0.949219 0.686523 0.075195 0.050781
0 0.5 0.855469 0.046875 0.048828
0 0.357422 0.688477 0.09668 0.073242
0 0.317383 0.625977 0.107422 0.041992
0 0.8125 0.228516 0.118164 0.045898
0 0.575195 0.435547 0.087891 0.064453
0 0.630859 0.706055 0.115234 0.049805
0 0.174805 0.816406 0.077148 0.036133
0 0.574219 0.983398 0.085938 0.032227
0 0.969727 0.398438 0.055664 0.045898
0 0.025391 0.472656 0.050781 0.044922
0 0.510742 0.320312 0.068359 0.107422
0 0.043945 0.439453 0.087891 0.039062
0 0.356445 0.817383 0.088867 0.044922
0 0.268555 0.922852 0.055664 0.025391
0 0.117188 0.987305 0.087891 0.025391
0 0.957031 0.989258 0.055664 0.021484
0 0.103516 0.789062 0.068359 0.042969
0 0.712891 0.992188 0.083984 0.015625
0 0.929688 0.18457 0.085938 0.049805
0 0.435547 0.099609 0.048828 0.029297
0 0.719727 0.928711 0.056641 0.03418
0 0.223633 0.435547 0.067383 0.043945
0 0.86084 0.832227 0.079785 0.04375
0 0.033203 0.851562 0.066406 0.048828
0 0.030273 0.202148 0.060547 0.030273
0 0.576172 0.530273 0.110352 0.058594
0 0.527344 0.540039 0.094727 0.058594
0 0.852734 0.558691 0.100098 0.054004
0 0.820312 0.286133 0.068359 0.037109
0 0.838867 0.499023 0.097656 0.052734
0 0.827148 0.390625 0.063477 0.041992
0 0.719727 0.169922 0.054688 0.038086
0 0.332031 0.375977 0.112305 0.032227
0 0.487305 0.382812 0.107422 0.033203
0 0.569336 0.350586 0.046875 0.046875
