0 0.75293 0.044922 0.091797 0.086914
0 0.40332 0.923828 0.064453 0.079102
0 0.155273 0.745117 0.089844 0.125
0 0.541016 0.864258 0.09668 0.106445
0 0.867188 0.037109 0.054688 0.074219
0 0.15918 0.959961 0.09082 0.073242
0 0.556641 0.710938 0.09668 0.086914
0 0.94043 0.439453 0.050781 0.132812
0 0.955078 0.873047 0.088867 0.046875
0 0.181641 0.485352 0.071289 0.068359
0 0.838867 0.578125 0.047852 0.085938
0 0.933594 0.098633 0.132812 0.061523
0 0.444336 0.776367 0.068359 0.084961
0 0.229492 0.574219 0.170898 0.057617
0 0.679688 0.818359 0.12207 0.067383
0 0.084961 0.396484 0.124023 0.158203
0 0.243164 0.447266 0.117188 0.112305
0 0.107422 0.204102 0.110352 0.105469
0 0.417969 0.527344 0.06543 0.051758
0 0.02832 0.633789 0.046875 0.091797
0 0.032227 0.15918 0.064453 0.061523
0 0.958984 0.219727 0.060547 0.078125
0 0.334961 0.980469 0.054688 0.03418
0 0.337695 0.67168 0.093262 0.051758
0 0.889648 0.305664 0.040039 0.05957
0 0.061523 0.068359 0.123047 0.073242
0 0.59375 0.353516 0.060547 0.136719
0 0.345703 0.835938 0.06543 0.050781
0 0.203125 0.203125 0.086914 0.06543
0 0.923828 0.148438 0.116211 0.113281
0 0.856445 0.979492 0.047852 0.040039
0 0.514648 0.222656 0.033203 0.086914
0 0.34082 0.579102 0.048828 0.109375
0 0.981445 0.538086 0.036133 0.037109
0 0.25293 0.027344 0.087891 0.052734
0 0.616211 0.530273 0.054688 0.056641
0 0.173828 0.137695 0.076172 0.055664
0 0.691406 0.255859 0.12207 0.050781
0 0.871094 0.682617 0.095703 0.053711
0 0.825195 0.642578 0.06543 0.043945
0 0.25293 0.832031 0.056641 0.046875
0 0.964844 0.652344 0.060547 0.149414
0 0.609375 0.193359 0.068359 0.0625
0 0.09668 0.698242 0.068359 0.039062
0 0.28125 0.21875 0.084961 0.052734
0 0.637695 0.901367 0.070312 0.035156
0 0.347656 0.945312 0.081055 0.026367
0 0.499023 0.897461 0.038086 0.048828
0 0.362305 0.594727 0.036133 0.083008
0 0.494141 0.667969 0.154297 0.042969
0 0.535156 0.018555 0.053711 0.038086
0 0.603516 0.597656 0.087891 0.075195
0 0.104492 0.282227 0.072266 0.132812
0 0.626953 0.979492 0.033203 0.037109
0 0.84082 0.908203 0.128906 0.052734
0 0.266602 0.828125 0.054688 0.046875
0 0.594727 0.580078 0.145508 0.099609
0 0.867188 0.249023 0.042969 0.052734
0 0.838867 0.941406 0.102539 0.070312
0 0.100586 0.65625 0.061523 0.044922
