0 0.666992 0.879883 0.119141 0.083008
0 0.166992 0.275391 0.095703 0.097656
0 0.323242 0.40918 0.115234 0.097656
0 0.828125 0.467773 0.115234 0.110352
0 0.686523 0.336914 0.12207 0.145508
0 0.213867 0.068359 0.107422 0.099609
0 0.824219 0.783203 0.110352 0.080078
0 0.075195 0.482422 0.105469 0.089844
0 0.088867 0.660156 0.102539 0.091797
0 0.950195 0.579102 0.099609 0.110352
0 0.202148 0.864258 0.179688 0.115234
0 0.453125 0.882812 0.209961 0.105469
0 0.847656 0.374023 0.144531 0.104492
0 0.875977 0.25 0.126953 0.102539
0 0.790039 0.668945 0.204102 0.110352
0 0.328125 0.28418 0.182617 0.129883
0 0.170898 0.72168 0.123047 0.077148
0 0.302734 0.172852 0.182617 0.131836
0 0.427734 0.101562 0.114258 0.080078
0 0.118164 0.227539 0.067383 0.070312
0 0.745117 0.438477 0.110352 0.069336
0 0.209961 0.683594 0.078125 0.049805
0 0.401367 0.041992 0.117188 0.081055
0 0.052734 0.020508 0.095703 0.038086
