0 0.143555 0.880859 0.113281 0.157227
0 0.254883 0.852539 0.124023 0.126953
0 0.033203 0.555664 0.066406 0.053711
0 0.165039 0.561523 0.055664 0.081055
0 0.257812 0.488281 0.094727 0.082031
0 0.254883 0.296875 0.088867 0.075195
0 0.030273 0.305664 0.061523 0.052734
0 0.442383 0.186523 0.076172 0.054688
0 0.427734 0.137695 0.091797 0.066406
0 0.577148 0.029297 0.084961 0.058594
0 0.521484 0.243164 0.117188 0.0625
0 0.607422 0.143555 0.094727 0.070312
0 0.654297 0.27832 0.105469 0.088867
0 0.794922 0.305664 0.081055 0.071289
0 0.967773 0.105469 0.063477 0.079102
0 0.791992 0.137695 0.066406 0.071289
0 0.772461 0.044922 0.049805 0.089844
0 0.813477 0.036133 0.052734 0.072266
0 0.448242 0.34668 0.09375 0.080078
0 0.347656 0.401367 0.046875 0.051758
0 0.400391 0.485352 0.073242 0.077148
0 0.606445 0.539062 0.068359 0.102539
0 0.599609 0.460938 0.069336 0.063477
0 0.685547 0.420898 0.081055 0.075195
0 0.722656 0.375977 0.106445 0.083984
0 0.817383 0.59082 0.081055 0.050781
0 0.916016 0.675781 0.09375 0.076172
0 0.791016 0.734375 0.05957 0.063477
0 0.619141 0.703125 0.079102 0.06543
0 0.550781 0.712891 0.085938 0.076172
0 0.358398 0.645508 0.104492 0.066406
0 0.365234 0.748047 0.072266 0.074219
0 0.557617 0.875 0.102539 0.09375
0 0.779297 0.830078 0.109375 0.076172
0 0.973633 0.782227 0.051758 0.063477
0 0.328125 0.84668 0.066406 0.050781
0 0.589844 0.62207 0.067383 0.046875
0 0.40332 0.40625 0.0625 0.067383
0 0.763672 0.651367 0.079102 0.041016
0 0.172852 0.751953 0.047852 0.033203
