0 0.296875 0.191406 0.082031 0.057617
0 0.233398 0.24707 0.077148 0.057617
0 0.104492 0.138672 0.073242 0.071289
0 0.171875 0.0625 0.113281 0.081055
0 0.438477 0.316406 0.075195 0.061523
0 0.540039 0.326172 0.076172 0.069336
0 0.543945 0.258789 0.080078 0.069336
0 0.506836 0.083984 0.049805 0.084961
0 0.570312 0.129883 0.081055 0.084961
0 0.744141 0.15332 0.098633 0.080078
0 0.766602 0.032227 0.097656 0.06543
0 0.951172 0.157227 0.091797 0.099609
0 0.926758 0.260742 0.099609 0.088867
0 0.857422 0.209961 0.079102 0.070312
0 0.989258 0.429688 0.021484 0.077148
0 0.857422 0.34668 0.067383 0.077148
0 0.754883 0.280273 0.088867 0.080078
0 0.636719 0.588867 0.086914 0.071289
0 0.588867 0.639648 0.113281 0.083984
0 0.392578 0.504883 0.094727 0.073242
0 0.308594 0.500977 0.06543 0.069336
0 0.458008 0.495117 0.055664 0.084961
0 0.172852 0.492188 0.083008 0.098633
0 0.199219 0.383789 0.108398 0.084961
0 0.102539 0.376953 0.113281 0.071289
0 0.079102 0.592773 0.105469 0.082031
0 0.334961 0.65332 0.109375 0.087891
0 0.861328 0.521484 0.111328 0.074219
0 0.893555 0.625 0.080078 0.116211
0 0.978516 0.695312 0.042969 0.108398
0 0.907227 0.782227 0.071289 0.075195
0 0.845703 0.734375 0.091797 0.083984
0 0.699219 0.775391 0.100586 0.075195
0 0.390625 0.824219 0.067383 0.049805
0 0.101562 0.927734 0.119141 0.125
0 0.652344 0.96875 0.097656 0.061523
0 0.777344 0.962891 0.075195 0.073242
0 0.911133 0.918945 0.058594 0.080078
0 0.991211 0.932617 0.017578 0.055664
0 0.650391 0.30957 0.066406 0.071289
0 0.980469 0.335938 0.039062 0.061523
0 0.030273 0.140625 0.060547 0.082031
0 0.037109 0.273438 0.074219 0.040039
0 0.458008 0.039062 0.052734 0.079102
0 0.967773 0.78418 0.064453 0.060547
