0 0.753906 0.655273 0.09375 0.101562
0 0.339844 0.631836 0.086914 0.061523
0 0.56543 0.947266 0.09375 0.104492
0 0.664062 0.396484 0.110352 0.086914
0 0.625977 0.698242 0.092773 0.085938
0 0.802734 0.260742 0.085938 0.058594
0 0.701172 0.095703 0.088867 0.063477
0 0.476562 0.963867 0.046875 0.072266
0 0.541992 0.737305 0.103516 0.077148
0 0.749023 0.15918 0.133789 0.074219
0 0.953125 0.294922 0.09375 0.112305
0 0.12793 0.255859 0.157227 0.094727
0 0.397461 0.895508 0.083984 0.146484
0 0.547852 0.466797 0.128906 0.064453
0 0.728516 0.535156 0.113281 0.060547
0 0.581055 0.064453 0.072266 0.0625
0 0.31543 0.901367 0.056641 0.118164
0 0.069336 0.292969 0.134766 0.086914
0 0.584961 0.572266 0.084961 0.051758
0 0.066406 0.53125 0.131836 0.052734
0 0.954102 0.464844 0.088867 0.072266
0 0.704102 0.286133 0.143555 0.149414
0 0.857422 0.12207 0.055664 0.050781
0 0.595703 0.130859 0.130859 0.135742
0 0.986328 0.850586 0.026367 0.121094
0 0.707031 0.779297 0.097656 0.042969
0 0.836914 0.334961 0.056641 0.046875
0 0.258789 0.366211 0.125977 0.072266
0 0.722656 0.912109 0.067383 0.078125
0 0.037109 0.479492 0.075195 0.06543
0 0.149414 0.651367 0.094727 0.080078
0 0.517578 0.683594 0.100586 0.080078
0 0.362305 0.108398 0.151367 0.046875
0 0.96582 0.320312 0.068359 0.069336
0 0.043945 0.979492 0.083984 0.041016
0 0.086914 0.140625 0.142578 0.138672
0 0.774414 0.981445 0.102539 0.037109
0 0.518555 0.848633 0.091797 0.030273
0 0.549805 0.275391 0.055664 0.050781
0 0.876953 0.813477 0.1875 0.09668
0 0.357422 0.140625 0.105469 0.03125
0 0.655273 0.62793 0.080078 0.061523
0 0.660156 0.914062 0.104492 0.170898
0 0.526367 0.975586 0.085938 0.048828
0 0.360352 0.277344 0.220703 0.104492
0 0.228516 0.399414 0.116211 0.069336
0 0.15332 0.19043 0.076172 0.045898
0 0.026367 0.354492 0.052734 0.046875
0 0.223633 0.897461 0.125977 0.050781
0 0.070312 0.081055 0.141602 0.048828
0 0.746094 0.850586 0.125977 0.076172
0 0.539062 0.212891 0.048828 0.049805
0 0.154297 0.866211 0.179688 0.052734
0 0.395508 0.566406 0.044922 0.041992
0 0.448242 0.761719 0.056641 0.029297
0 0.151367 0.733398 0.189453 0.124023
0 0.302734 0.136719 0.105469 0.052734
0 0.961914 0.71875 0.074219 0.032227
0 0.333008 0.452148 0.099609 0.043945
0 0.025391 0.558594 0.051758 0.046875
0 0.581055 0.196289 0.073242 0.03418
0 0.851562 0.333008 0.060547 0.045898
0 0.587891 0.298828 0.091797 0.061523
0 0.729492 0.501953 0.084961 0.048828
0 0.586914 0.642578 0.055664 0.022461
0 0.05957 0.866211 0.077148 0.197266
0 0.53125 0.524414 0.063477 0.095703
0 0.660156 0.954102 0.079102 0.09082
0 0.277344 0.850586 0.091797 0.040039
0 0.198242 0.708984 0.266602 0.092773
0 0.978516 0.957031 0.042969 0.080078
0 0.021484 0.40918 0.041992 0.048828
0 0.857422 0.494141 0.161133 0.09668
0 0.834961 0.461914 0.051758 0.032227
0 0.616211 0.553711 0.086914 0.032227
0 0.736328 0.429688 0.057617 0.041016
0 0.337891 0.242188 0.197266 0.076172
0 0.321289 0.029297 0.0625 0.054688
0 0.441406 0.047852 0.162109 0.086914
0 0.53418 0.026367 0.070312 0.052734
