0 0.476562 0.305664 0.079102 0.107422
0 0.331055 0.866211 0.072266 0.0625
0 0.935547 0.376953 0.103516 0.084961
0 0.385742 0.529297 0.063477 0.066406
0 0.135742 0.946289 0.117188 0.100586
0 0.303711 0.794922 0.061523 0.089844
0 0.532227 0.775391 0.064453 0.0625
0 0.773438 0.583008 0.116211 0.061523
0 0.115234 0.212891 0.142578 0.076172
0 0.279297 0.505859 0.110352 0.107422
0 0.336914 0.186523 0.100586 0.069336
0 0.448242 0.654297 0.097656 0.089844
0 0.972656 0.506836 0.054688 0.060547
0 0.745117 0.238281 0.073242 0.083984
0 0.4375 0.430664 0.092773 0.072266
0 0.208008 0.875 0.060547 0.063477
0 0.727539 0.348633 0.073242 0.082031
0 0.818359 0.466797 0.06543 0.069336
0 0.397461 0.274414 0.089844 0.075195
0 0.342773 0.359375 0.108398 0.087891
0 0.698242 0.060547 0.0625 0.068359
0 0.564453 0.936523 0.099609 0.050781
0 0.188477 0.288086 0.052734 0.057617
0 0.996094 0.677734 0.007812 0.083008
0 0.604492 0.880859 0.064453 0.056641
0 0.52832 0.466797 0.052734 0.054688
0 0.402344 0.78418 0.125 0.075195
0 0.042969 0.060547 0.083008 0.117188
0 0.201172 0.038086 0.040039 0.072266
0 0.103516 0.145508 0.087891 0.072266
0 0.02832 0.260742 0.052734 0.126953
0 0.070312 0.335938 0.078125 0.099609
0 0.125977 0.326172 0.054688 0.071289
0 0.03418 0.660156 0.068359 0.066406
