0 0.063477 0.183594 0.084961 0.075195
0 0.37207 0.603516 0.109375 0.132812
0 0.521484 0.506836 0.072266 0.05957
0 0.494141 0.135742 0.094727 0.097656
0 0.521484 0.055664 0.100586 0.087891
0 0.625977 0.736328 0.119141 0.073242
0 0.655273 0.624023 0.112305 0.084961
0 0.585938 0.400391 0.126953 0.086914
0 0.450195 0.683594 0.118164 0.072266
0 0.301758 0.042969 0.110352 0.083008
0 0.775391 0.052734 0.133789 0.092773
0 0.912109 0.368164 0.125 0.104492
0 0.703125 0.548828 0.098633 0.085938
0 0.400391 0.048828 0.0625 0.094727
0 0.49707 0.730469 0.109375 0.052734
0 0.951172 0.780273 0.064453 0.041992
