0 0.019531 0.320312 0.033203 0.081055
0 0.067383 0.339844 0.068359 0.095703
0 0.144531 0.235352 0.076172 0.124023
0 0.265625 0.161133 0.073242 0.134766
0 0.349609 0.157227 0.064453 0.146484
0 0.133789 0.029297 0.06543 0.058594
0 0.070312 0.032227 0.077148 0.064453
0 0.02832 0.958984 0.056641 0.082031
0 0.132812 0.899414 0.107422 0.069336
0 0.267578 0.967773 0.070312 0.063477
0 0.422852 0.814453 0.079102 0.092773
0 0.251953 0.657227 0.083984 0.141602
0 0.154297 0.657227 0.071289 0.083008
0 0.225586 0.425781 0.103516 0.152344
0 0.417969 0.548828 0.150391 0.076172
0 0.520508 0.544922 0.109375 0.061523
0 0.735352 0.456055 0.12793 0.066406
0 0.541016 0.395508 0.112305 0.082031
0 0.554688 0.256836 0.09082 0.157227
0 0.789062 0.158203 0.125977 0.12793
0 0.698242 0.021484 0.076172 0.043945
0 0.491211 0.026367 0.06543 0.053711
0 0.899414 0.139648 0.073242 0.157227
0 0.967773 0.18457 0.063477 0.071289
0 0.958984 0.322266 0.082031 0.097656
0 0.970703 0.500977 0.058594 0.125977
0 0.775391 0.52832 0.116211 0.086914
0 0.821289 0.642578 0.120117 0.084961
0 0.697266 0.642578 0.112305 0.075195
0 0.792969 0.706055 0.12793 0.076172
0 0.905273 0.810547 0.09082 0.087891
0 0.962891 0.959961 0.074219 0.067383
0 0.523438 0.835938 0.106445 0.064453
0 0.455078 0.907227 0.092773 0.087891
0 0.330078 0.922852 0.073242 0.094727
0 0.710938 0.513672 0.069336 0.068359
0 0.681641 0.410156 0.071289 0.055664
0 0.516602 0.680664 0.09375 0.066406
0 0.439453 0.765625 0.063477 0.076172
0 0.310547 0.869141 0.070312 0.073242
0 0.853516 0.523438 0.084961 0.044922
0 0.52832 0.609375 0.043945 0.024414
0 0.896484 0.078125 0.078125 0.113281
