0 0.05957 0.458984 0.094727 0.107422
0 0.116211 0.581055 0.084961 0.132812
0 0.251953 0.388672 0.09082 0.102539
0 0.071289 0.84668 0.106445 0.208008
0 0.219727 0.613281 0.144531 0.170898
0 0.154297 0.834961 0.054688 0.105469
0 0.22168 0.848633 0.089844 0.212891
0 0.322266 0.740234 0.112305 0.094727
0 0.4375 0.599609 0.125 0.177734
0 0.550781 0.604492 0.089844 0.167969
0 0.420898 0.933594 0.138672 0.132812
0 0.515625 0.875977 0.121094 0.077148
0 0.52832 0.773438 0.179688 0.189453
0 0.643555 0.71582 0.076172 0.125
0 0.757812 0.558594 0.128906 0.113281
0 0.754883 0.390625 0.116211 0.212891
0 0.488281 0.282227 0.119141 0.095703
0 0.276367 0.146484 0.208008 0.113281
0 0.129883 0.199219 0.084961 0.06543
0 0.174805 0.010742 0.086914 0.022461
0 0.322266 0.019531 0.200195 0.040039
0 0.65332 0.02832 0.140625 0.057617
0 0.705078 0.128906 0.111328 0.12793
0 0.805664 0.042969 0.186523 0.085938
0 0.84668 0.954102 0.072266 0.09082
0 0.919922 0.962891 0.079102 0.073242
0 0.887695 0.722656 0.223633 0.115234
0 0.926758 0.626953 0.114258 0.12793
0 0.942383 0.541016 0.114258 0.161133
0 0.901367 0.328125 0.182617 0.119141
0 0.311523 0.34375 0.069336 0.085938
0 0.456055 0.246094 0.129883 0.066406
0 0.916992 0.348633 0.075195 0.147461
0 0.982422 0.454102 0.03418 0.09375
