0 0.537109 0.808594 0.088867 0.136719
0 0.700195 0.857422 0.083008 0.111328
0 0.295898 0.887695 0.080078 0.080078
0 0.598633 0.974609 0.138672 0.050781
0 0.43457 0.041992 0.067383 0.060547
0 0.518555 0.130859 0.064453 0.047852
0 0.557617 0.914062 0.05957 0.060547
0 0.331055 0.664062 0.100586 0.071289
0 0.02832 0.511719 0.055664 0.069336
0 0.234375 0.173828 0.123047 0.143555
0 0.149414 0.1875 0.067383 0.09668
0 0.333984 0.71875 0.108398 0.064453
0 0.951172 0.84082 0.091797 0.100586
0 0.026367 0.998047 0.053711 0.003906
0 0.459961 0.716797 0.084961 0.079102
0 0.175781 0.49707 0.077148 0.118164
0 0.821289 0.866211 0.087891 0.06543
0 0.4375 0.936523 0.066406 0.113281
0 0.365234 0.905273 0.053711 0.083008
0 0.334961 0.954102 0.097656 0.09082
0 0.359375 0.208008 0.105469 0.106445
0 0.34082 0.265625 0.118164 0.056641
0 0.359375 0.126953 0.112305 0.095703
0 0.232422 0.105469 0.091797 0.085938
