0 0.423828 0.515625 0.067383 0.085938
0 0.693359 0.713867 0.061523 0.103516
0 0.792969 0.591797 0.0625 0.095703
0 0.84082 0.213867 0.095703 0.068359
0 0.610352 0.834961 0.053711 0.091797
0 0.904297 0.860352 0.107422 0.066406
0 0.046875 0.25 0.09375 0.182617
0 0.858398 0.966797 0.081055 0.06543
0 0.230469 0.851562 0.094727 0.070312
0 0.029297 0.841797 0.05957 0.151367
0 0.207031 0.313477 0.0625 0.066406
0 0.267578 0.03418 0.15332 0.069336
0 0.456055 0.967773 0.070312 0.063477
0 0.501953 0.679688 0.05957 0.078125
0 0.09082 0.765625 0.112305 0.126953
0 0.066406 0.569336 0.133789 0.063477
0 0.09082 0.444336 0.092773 0.074219
0 0.87207 0.586914 0.053711 0.056641
0 0.949219 0.297852 0.100586 0.060547
0 0.920898 0.19043 0.060547 0.144531
0 0.666992 0.551758 0.053711 0.116211
0 0.907227 0.535156 0.078125 0.05957
0 0.800781 0.102539 0.079102 0.108398
0 0.586914 0.742188 0.060547 0.115234
0 0.512695 0.259766 0.06543 0.066406
0 0.331055 0.607422 0.091797 0.03125
0 0.533203 0.75293 0.085938 0.05957
0 0.103516 0.698242 0.076172 0.047852
0 0.270508 0.883789 0.058594 0.055664
0 0.267578 0.455078 0.074219 0.049805
0 0.650391 0.280273 0.060547 0.075195
0 0.525391 0.027344 0.052734 0.055664
0 0.785156 0.280273 0.091797 0.044922
0 0.392578 0.314453 0.076172 0.043945
0 0.927734 0.355469 0.064453 0.0625
0 0.192383 0.761719 0.092773 0.035156
0 0.49707 0.632812 0.05957 0.046875
0 0.795898 0.358398 0.076172 0.046875
0 0.586914 0.982422 0.03418 0.030273
0 0.183594 0.125977 0.069336 0.201172
0 0.074219 0.94043 0.085938 0.039062
0 0.699219 0.630859 0.095703 0.05957
0 0.011719 0.775391 0.023438 0.029297
0 0.712891 0.053711 0.049805 0.061523
0 0.379883 0.577148 0.09375 0.049805
0 0.228516 0.985352 0.032227 0.02832
0 0.486328 0.520508 0.079102 0.057617
0 0.207031 0.980469 0.041016 0.039062
0 0.071289 0.616211 0.143555 0.048828
0 0.973633 0.210938 0.049805 0.045898
0 0.275391 0.756836 0.061523 0.041016
0 0.354492 0.628906 0.095703 0.035156
0 0.733398 0.506836 0.067383 0.053711
0 0.293945 0.048828 0.035156 0.058594
0 0.052734 0.65332 0.104492 0.060547
0 0.387695 0.770508 0.050781 0.022461
0 0.163086 0.733398 0.0625 0.047852
0 0.396484 0.748047 0.054688 0.040039
0 0.838867 0.171875 0.063477 0.053711
0 0.871094 0.125977 0.047852 0.058594
0 0.655273 0.057617 0.050781 0.058594
0 0.542969 0.850586 0.154297 0.18457
0 0.24707 0.94043 0.097656 0.047852
0 0.202148 0.918945 0.057617 0.077148
0 0.123047 0.954102 0.124023 0.066406
0 0.911133 0.900391 0.070312 0.039062
0 0.40332 0.978516 0.070312 0.038086
0 0.173828 0.056641 0.089844 0.107422
0 0.878906 0.780273 0.052734 0.049805
0 0.023438 0.941406 0.041016 0.041992
