0 0.892578 0.839844 0.145508 0.138672
0 0.363281 0.711914 0.068359 0.105469
0 0.791992 0.668945 0.095703 0.05957
0 0.788086 0.582031 0.077148 0.074219
0 0.889648 0.15332 0.112305 0.089844
0 0.538086 0.961914 0.077148 0.070312
0 0.6875 0.668945 0.067383 0.06543
0 0.192383 0.764648 0.089844 0.070312
0 0.931641 0.566406 0.094727 0.06543
0 0.676758 0.609375 0.089844 0.060547
0 0.275391 0.474609 0.067383 0.080078
0 0.400391 0.537109 0.073242 0.080078
0 0.75293 0.112305 0.12207 0.070312
0 0.888672 0.40332 0.075195 0.042969
0 0.145508 0.859375 0.083008 0.049805
0 0.293945 0.705078 0.05957 0.047852
0 0.858398 0.462891 0.091797 0.083008
0 0.855469 0.542969 0.057617 0.057617
0 0.529297 0.842773 0.06543 0.057617
0 0.087891 0.800781 0.077148 0.0625
0 0.295898 0.643555 0.107422 0.072266
0 0.740234 0.292969 0.050781 0.067383
0 0.261719 0.801758 0.075195 0.080078
0 0.212891 0.948242 0.073242 0.072266
0 0.047852 0.910156 0.056641 0.056641
0 0.15918 0.939453 0.089844 0.099609
0 0.0625 0.979492 0.077148 0.040039
0 0.175781 0.029297 0.070312 0.046875
0 0.770508 0.157227 0.083008 0.060547
0 0.869141 0.023438 0.105469 0.047852
0 0.914062 0.50293 0.09082 0.057617
0 0.963867 0.681641 0.071289 0.136719
0 0.952148 0.019531 0.095703 0.039062
