0 0.614258 0.119141 0.089844 0.125
0 0.181641 0.458984 0.120117 0.06543
0 0.671875 0.666992 0.099609 0.109375
0 0.226562 0.166992 0.100586 0.080078
0 0.49707 0.168945 0.099609 0.135742
0 0.466797 0.720703 0.110352 0.102539
0 0.880859 0.458008 0.082031 0.152344
0 0.334961 0.405273 0.102539 0.086914
0 0.863281 0.675781 0.082031 0.097656
0 0.704102 0.470703 0.09082 0.152344
0 0.404297 0.545898 0.094727 0.097656
0 0.521484 0.836914 0.094727 0.095703
0 0.77832 0.750977 0.107422 0.097656
0 0.323242 0.735352 0.068359 0.083008
0 0.431641 0.632812 0.080078 0.073242
0 0.348633 0.626953 0.084961 0.105469
0 0.22168 0.760742 0.089844 0.082031
0 0.207031 0.876953 0.119141 0.099609
0 0.80957 0.044922 0.099609 0.089844
0 0.833984 0.820312 0.069336 0.073242
0 0.62793 0.439453 0.077148 0.140625
0 0.775391 0.199219 0.057617 0.070312
0 0.420898 0.896484 0.078125 0.145508
0 0.875 0.292969 0.192383 0.132812
0 0.583008 0.563477 0.087891 0.072266
0 0.356445 0.079102 0.104492 0.094727
0 0.980469 0.178711 0.039062 0.105469
0 0.064453 0.694336 0.105469 0.070312
0 0.109375 0.368164 0.105469 0.112305
0 0.560547 0.475586 0.092773 0.0625
0 0.524414 0.022461 0.060547 0.044922
0 0.075195 0.84082 0.12207 0.152344
0 0.698242 0.310547 0.082031 0.117188
0 0.681641 0.924805 0.084961 0.150391
0 0.148438 0.62207 0.117188 0.105469
0 0.570312 0.766602 0.0625 0.06543
0 0.605469 0.84082 0.083008 0.087891
0 0.948242 0.749023 0.103516 0.146484
0 0.354492 0.141602 0.060547 0.069336
0 0.68457 0.208008 0.064453 0.067383
0 0.332031 0.862305 0.085938 0.070312
0 0.348633 0.948242 0.05957 0.102539
0 0.12207 0.132812 0.140625 0.073242
0 0.083984 0.105469 0.165039 0.092773
0 0.178711 0.530273 0.120117 0.067383
0 0.93457 0.722656 0.074219 0.083008
0 0.806641 0.100586 0.084961 0.092773
0 0.202148 0.960938 0.134766 0.072266
0 0.543945 0.974609 0.104492 0.044922
0 0.925781 0.922852 0.087891 0.12793
0 0.77832 0.327148 0.113281 0.080078
0 0.84668 0.19043 0.05957 0.0625
0 0.126953 0.889648 0.074219 0.125
0 0.021484 0.757812 0.040039 0.086914
0 0.420898 0.966797 0.078125 0.06543
0 0.963867 0.973633 0.06543 0.052734
