0 0.6875 0.869141 0.075195 0.113281
0 0.126953 0.076172 0.071289 0.09375
0 0.600586 0.905273 0.09082 0.087891
0 0.099609 0.757812 0.073242 0.078125
0 0.577148 0.035156 0.155273 0.071289
0 0.464844 0.606445 0.155273 0.085938
0 0.34668 0.170898 0.071289 0.073242
0 0.925781 0.374023 0.110352 0.222656
0 0.40332 0.013672 0.110352 0.027344
0 0.521484 0.924805 0.09082 0.087891
0 0.268555 0.032227 0.099609 0.05957
0 0.222656 0.739258 0.080078 0.107422
0 0.557617 0.227539 0.061523 0.100586
0 0.985352 0.420898 0.029297 0.097656
0 0.466797 0.259766 0.100586 0.208008
0 0.292969 0.749023 0.107422 0.150391
0 0.054688 0.292969 0.110352 0.120117
0 0.063477 0.595703 0.100586 0.139648
0 0.865234 0.768555 0.111328 0.116211
0 0.772461 0.858398 0.102539 0.081055
0 0.572266 0.329102 0.105469 0.09375
0 0.551758 0.707031 0.084961 0.09375
0 0.09375 0.136719 0.081055 0.075195
0 0.1875 0.823242 0.085938 0.077148
0 0.588867 0.220703 0.058594 0.083984
0 0.655273 0.21582 0.06543 0.071289
0 0.694336 0.170898 0.121094 0.075195
0 0.792969 0.173828 0.074219 0.074219
0 0.714844 0.100586 0.063477 0.047852
0 0.791992 0.087891 0.058594 0.088867
0 0.849609 0.097656 0.061523 0.069336
