0 0.53125 0.489258 0.072266 0.098633
0 0.396484 0.204102 0.058594 0.083008
0 0.161133 0.037109 0.06543 0.073242
0 0.552734 0.362305 0.094727 0.057617
0 0.25293 0.24707 0.078125 0.071289
0 0.384766 0.500977 0.074219 0.082031
0 0.146484 0.145508 0.106445 0.103516
0 0.042969 0.359375 0.085938 0.080078
0 0.881836 0.597656 0.047852 0.084961
0 0.572266 0.634766 0.046875 0.084961
0 0.092773 0.716797 0.094727 0.051758
0 0.745117 0.033203 0.044922 0.066406
0 0.972656 0.035156 0.053711 0.070312
0 0.829102 0.358398 0.071289 0.049805
0 0.126953 0.231445 0.083984 0.110352
0 0.702148 0.234375 0.056641 0.095703
0 0.703125 0.524414 0.058594 0.09082
0 0.712891 0.37207 0.041992 0.078125
0 0.250977 0.955078 0.092773 0.041016
0 0.326172 0.865234 0.064453 0.124023
0 0.037109 0.229297 0.075098 0.076172
0 0.213867 0.623047 0.085938 0.054688
0 0.864258 0.134766 0.069336 0.041016
0 0.43457 0.700195 0.046875 0.063477
0 0.479492 0.699219 0.06543 0.055664
0 0.802734 0.488281 0.070312 0.135742
0 0.091797 0.547852 0.112305 0.06543
0 0.542969 0.186523 0.071289 0.104492
0 0.02832 0.541992 0.056641 0.058594
0 0.501953 0.401367 0.077148 0.036133
0 0.978516 0.975586 0.041992 0.038086
0 0.254883 0.556641 0.061523 0.044922
0 0.360352 0.904297 0.039062 0.061523
0 0.81543 0.654297 0.058594 0.072266
0 0.162109 0.925781 0.064453 0.057617
0 0.78125 0.668945 0.06543 0.056641
0 0.547852 0.154297 0.073242 0.094727
0 0.483398 0.865234 0.087891 0.063477
0 0.672852 0.157227 0.050781 0.080078
0 0.095703 0.899414 0.09082 0.049805
0 0.232422 0.136719 0.078125 0.131836
0 0.689453 0.522461 0.053711 0.086914
0 0.666992 0.018555 0.078125 0.038086
0 0.814453 0.632812 0.057617 0.042969
0 0.257812 0.404297 0.045898 0.067383
0 0.157227 0.983398 0.078125 0.033203
0 0.439453 0.370117 0.052734 0.042969
0 0.462891 0.599609 0.114258 0.081055
0 0.632812 0.987305 0.037109 0.025391
0 0.225586 0.657227 0.054688 0.06543
0 0.727539 0.679688 0.048828 0.037109
0 0.574219 0.920898 0.043945 0.066406
0 0.163086 0.576172 0.060547 0.041992
0 0.987305 0.503906 0.024414 0.063477
0 0.389648 0.711914 0.063477 0.053711
0 0.730469 0.742188 0.06543 0.038086
