0 0.857422 0.015625 0.120117 0.03125
0 0.763672 0.027344 0.064453 0.054688
0 0.736328 0.076172 0.112305 0.048828
0 0.498047 0.030273 0.0625 0.060547
0 0.584961 0.054688 0.072266 0.109375
0 0.441406 0.101562 0.125 0.166992
0 0.485352 0.264648 0.092773 0.225586
0 0.68457 0.173828 0.09082 0.118164
0 0.776367 0.137695 0.0625 0.069336
0 0.799805 0.245117 0.09668 0.058594
0 0.963867 0.3125 0.072266 0.077148
0 0.671875 0.370117 0.092773 0.068359
0 0.682617 0.479492 0.138672 0.15918
0 0.508789 0.428711 0.098633 0.074219
0 0.4375 0.442383 0.071289 0.06543
0 0.915039 0.453125 0.068359 0.080078
0 0.890625 0.540039 0.112305 0.106445
0 0.959961 0.446289 0.05957 0.072266
0 0.884766 0.84668 0.094727 0.157227
0 0.810547 0.916992 0.070312 0.068359
0 0.046875 0.581055 0.067383 0.143555
0 0.129883 0.540039 0.06543 0.073242
0 0.297852 0.575195 0.162109 0.110352
0 0.129883 0.392578 0.06543 0.095703
0 0.244141 0.30957 0.115234 0.05957
0 0.106445 0.232422 0.129883 0.116211
0 0.157227 0.068359 0.054688 0.094727
0 0.257812 0.0625 0.051758 0.125977
0 0.0625 0.057617 0.095703 0.115234
0 0.225586 0.462891 0.074219 0.074219
0 0.044922 0.958984 0.079102 0.081055
0 0.24707 0.949219 0.082031 0.085938
0 0.349609 0.870117 0.119141 0.0625
0 0.398438 0.817383 0.088867 0.087891
0 0.421875 0.741211 0.054688 0.069336
0 0.12793 0.670898 0.146484 0.078125
0 0.953125 0.803711 0.0625 0.071289
0 0.081055 0.326172 0.108398 0.110352
