0 0.211914 0.50293 0.109375 0.12207
0 0.830078 0.646484 0.092773 0.094727
0 0.785156 0.300781 0.102539 0.082031
0 0.109375 0.749023 0.109375 0.104492
0 0.291016 0.617188 0.087891 0.089844
0 0.161133 0.349609 0.097656 0.125
0 0.841797 0.194336 0.120117 0.129883
0 0.646484 0.445312 0.139648 0.141602
0 0.897461 0.750977 0.103516 0.097656
0 0.566406 0.580078 0.069336 0.077148
0 0.164062 0.943359 0.079102 0.078125
0 0.831055 0.077148 0.097656 0.105469
0 0.033203 0.438477 0.067383 0.1875
0 0.802734 0.554688 0.131836 0.140625
0 0.583984 0.063477 0.055664 0.107422
0 0.292969 0.402344 0.112305 0.125
0 0.69043 0.767578 0.12793 0.092773
0 0.06543 0.194336 0.083008 0.094727
0 0.693359 0.320312 0.0625 0.067383
0 0.568359 0.298828 0.097656 0.209961
0 0.637695 0.583984 0.077148 0.100586
0 0.104492 0.057617 0.109375 0.116211
0 0.216797 0.036133 0.105469 0.073242
0 0.697266 0.108398 0.105469 0.107422
0 0.669922 0.041992 0.069336 0.084961
0 0.745117 0.788086 0.102539 0.073242
0 0.09668 0.973633 0.06543 0.052734
0 0.289062 0.526367 0.110352 0.084961
0 0.217773 0.217773 0.108398 0.131836
0 0.859375 0.029297 0.129883 0.058594
0 0.545898 0.443359 0.082031 0.082031
0 0.611328 0.321289 0.084961 0.155273
0 0.779297 0.449219 0.129883 0.129883
