0 0.088867 0.233398 0.102539 0.089844
0 0.152344 0.399414 0.078125 0.05957
0 0.213867 0.28418 0.056641 0.047852
0 0.05957 0.446289 0.09668 0.057617
0 0.669922 0.289062 0.097656 0.064453
0 0.537109 0.244141 0.09082 0.06543
0 0.787109 0.140625 0.104492 0.064453
0 0.954102 0.242188 0.09082 0.046875
0 0.793945 0.422852 0.052734 0.055664
0 0.750977 0.473633 0.067383 0.058594
0 0.53125 0.40332 0.105469 0.089844
0 0.477539 0.548828 0.071289 0.092773
0 0.982422 0.455078 0.035156 0.080078
0 0.961914 0.738281 0.075195 0.079102
0 0.842773 0.946289 0.086914 0.102539
0 0.90332 0.985352 0.09668 0.029297
0 0.649414 0.831055 0.130859 0.080078
0 0.466797 0.824219 0.066406 0.067383
0 0.499023 0.728516 0.115234 0.074219
0 0.214844 0.630859 0.083984 0.083008
0 0.033203 0.683594 0.066406 0.069336
0 0.123047 0.911133 0.091797 0.098633
0 0.100586 0.97168 0.091797 0.055664
0 0.448242 0.959961 0.118164 0.079102
0 0.65918 0.632812 0.072266 0.054688
0 0.399414 0.419922 0.075195 0.072266
