0 0.967773 0.395508 0.044922 0.074219
0 0.300781 0.970703 0.103516 0.047852
0 0.302734 0.458984 0.089844 0.056641
0 0.132812 0.8125 0.079102 0.066406
0 0.712891 0.422852 0.108398 0.061523
0 0.391602 0.485352 0.139648 0.130859
0 0.782227 0.74707 0.073242 0.055664
0 0.240234 0.518555 0.099609 0.038086
0 0.546875 0.383789 0.084961 0.081055
0 0.916016 0.707031 0.061523 0.100586
0 0.041016 0.040039 0.074219 0.078125
0 0.443359 0.032227 0.095703 0.064453
0 0.494141 0.630859 0.066406 0.119141
0 0.323242 0.692383 0.125 0.069336
0 0.910156 0.652344 0.072266 0.068359
0 0.049805 0.131836 0.087891 0.043945
0 0.429688 0.362305 0.134766 0.064453
0 0.230469 0.167969 0.087891 0.070312
0 0.850586 0.660156 0.102539 0.068359
0 0.143555 0.213867 0.151367 0.047852
0 0.603516 0.833008 0.116211 0.095703
0 0.238281 0.478516 0.074219 0.058594
0 0.668945 0.37207 0.037109 0.073242
0 0.154297 0.320312 0.161133 0.066406
0 0.078125 0.266602 0.088867 0.039062
0 0.874023 0.489258 0.112305 0.064453
0 0.0625 0.339844 0.118164 0.041992
0 0.610352 0.138672 0.09375 0.094727
0 0.234375 0.032227 0.083984 0.063477
0 0.462891 0.894531 0.0625 0.057617
0 0.87793 0.151367 0.157227 0.109375
0 0.516602 0.4375 0.061523 0.048828
0 0.519531 0.895508 0.050781 0.03125
0 0.876953 0.038086 0.058594 0.077148
0 0.618164 0.078125 0.095703 0.074219
0 0.911133 0.836914 0.084961 0.053711
0 0.568359 0.022461 0.05957 0.042969
0 0.699219 0.977539 0.089844 0.043945
0 0.591797 0.773438 0.108398 0.078125
0 0.521484 0.845703 0.078125 0.030273
0 0.273438 0.114258 0.166016 0.081055
0 0.623047 0.421875 0.084961 0.043945
0 0.175781 0.668945 0.05957 0.151367
0 0.118164 0.480469 0.124023 0.029297
0 0.495117 0.787109 0.12207 0.069336
0 0.479492 0.733398 0.057617 0.083984
0 0.369141 0.128906 0.080078 0.023438
0 0.928711 0.904297 0.138672 0.039062
0 0.444336 0.722656 0.106445 0.03125
0 0.807617 0.861328 0.12793 0.047852
0 0.084961 0.179688 0.088867 0.036133
0 0.166016 0.160156 0.135742 0.136719
0 0.551758 0.055664 0.071289 0.09668
0 0.407227 0.986328 0.069336 0.022461
0 0.287109 0.598633 0.067383 0.043945
0 0.34375 0.015625 0.101562 0.032227
0 0.55957 0.072266 0.088867 0.119141
0 0.047852 0.451172 0.09668 0.041992
0 0.035156 0.495117 0.071289 0.036133
0 0.295898 0.768555 0.112305 0.076172
0 0.350586 0.796875 0.073242 0.052734
0 0.849609 0.499023 0.09082 0.070312
0 0.048828 0.200195 0.098633 0.070312
0 0.041016 0.243164 0.082031 0.06543
0 0.291992 0.183594 0.074219 0.040039
