0 0.505859 0.167969 0.105469 0.058594
0 0.548828 0.087891 0.070312 0.09082
0 0.611328 0.03418 0.089844 0.048828
0 0.835938 0.209961 0.072266 0.091797
0 0.737305 0.152344 0.072266 0.075195
0 0.628906 0.170898 0.068359 0.05957
0 0.726562 0.264648 0.112305 0.076172
0 0.958984 0.114258 0.067383 0.055664
0 0.958008 0.026367 0.081055 0.053711
0 0.411133 0.092773 0.066406 0.046875
0 0.381836 0.15625 0.071289 0.056641
0 0.224609 0.117188 0.081055 0.058594
0 0.058594 0.193359 0.06543 0.051758
0 0.12793 0.200195 0.053711 0.067383
0 0.194336 0.188477 0.0625 0.0625
0 0.25 0.21875 0.046875 0.042969
0 0.291992 0.293945 0.073242 0.068359
0 0.405273 0.368164 0.054688 0.079102
0 0.553711 0.379883 0.087891 0.087891
0 0.643555 0.376953 0.092773 0.069336
0 0.874023 0.333984 0.091797 0.060547
0 0.866211 0.415039 0.083008 0.049805
0 0.774414 0.564453 0.084961 0.057617
0 0.654297 0.630859 0.045898 0.050781
0 0.015625 0.269531 0.032227 0.072266
0 0.088867 0.291992 0.064453 0.047852
0 0.126953 0.375 0.066406 0.066406
0 0.114258 0.455078 0.067383 0.068359
0 0.200195 0.424805 0.058594 0.064453
0 0.298828 0.396484 0.103516 0.057617
0 0.326172 0.472656 0.063477 0.057617
0 0.091797 0.942383 0.067383 0.057617
0 0.225586 0.953125 0.086914 0.0625
0 0.232422 0.884766 0.050781 0.038086
0 0.208984 0.793945 0.067383 0.051758
0 0.257812 0.833984 0.073242 0.047852
0 0.376953 0.745117 0.067383 0.068359
0 0.358398 0.674805 0.076172 0.060547
0 0.396484 0.924805 0.075195 0.048828
0 0.685547 0.947266 0.066406 0.057617
0 0.745117 0.981445 0.069336 0.037109
0 0.523438 0.767578 0.098633 0.060547
0 0.518555 0.686523 0.058594 0.053711
0 0.599609 0.703125 0.075195 0.06543
0 0.750977 0.717773 0.09375 0.066406
0 0.762695 0.649414 0.081055 0.044922
0 0.814453 0.803711 0.080078 0.05957
0 0.929688 0.838867 0.101562 0.052734
0 0.960938 0.896484 0.078125 0.046875
0 0.111328 0.62207 0.083984 0.06543
0 0.979492 0.771484 0.041016 0.046875
0 0.021484 0.886719 0.042969 0.061523
0 0.212891 0.467773 0.061523 0.044922
0 0.419922 0.421875 0.064453 0.049805
0 0.333008 0.09375 0.048828 0.044922
