0 0.015625 0.963867 0.03125 0.0625
0 0.216797 0.962891 0.097656 0.073242
0 0.273438 0.987305 0.09668 0.025391
0 0.548828 0.984375 0.067383 0.03125
0 0.47168 0.874023 0.071289 0.078125
0 0.194336 0.826172 0.069336 0.115234
0 0.819336 0.744141 0.087891 0.160156
0 0.925781 0.713867 0.147461 0.076172
0 0.931641 0.634766 0.120117 0.109375
0 0.974609 0.478516 0.050781 0.137695
0 0.817383 0.498047 0.15625 0.100586
0 0.698242 0.525391 0.077148 0.070312
0 0.864258 0.344727 0.087891 0.086914
0 0.783203 0.259766 0.079102 0.089844
0 0.942383 0.22168 0.100586 0.084961
0 0.606445 0.311523 0.079102 0.081055
0 0.455078 0.358398 0.080078 0.109375
0 0.49707 0.224609 0.064453 0.104492
0 0.414062 0.234375 0.098633 0.132812
0 0.344727 0.236328 0.082031 0.117188
0 0.242188 0.167969 0.183594 0.141602
0 0.181641 0.283203 0.083984 0.080078
0 0.179688 0.033203 0.089844 0.058594
0 0.416016 0.066406 0.089844 0.069336
0 0.566406 0.102539 0.076172 0.194336
0 0.713867 0.076172 0.077148 0.130859
0 0.94043 0.066406 0.105469 0.094727
0 0.15332 0.532227 0.083008 0.09668
0 0.243164 0.564453 0.078125 0.068359
0 0.066406 0.197266 0.063477 0.083984
0 0.333984 0.842773 0.044922 0.053711
0 0.506836 0.922852 0.054688 0.064453
0 0.142578 0.039062 0.09082 0.074219
0 0.669922 0.057617 0.049805 0.116211
