0 0.352539 0.199219 0.094727 0.118164
0 0.386719 0.325195 0.103516 0.075195
0 0.117188 0.154297 0.0625 0.069336
0 0.149414 0.217773 0.050781 0.045898
0 0.201172 0.53418 0.080078 0.064453
0 0.216797 0.673828 0.094727 0.109375
0 0.119141 0.708984 0.073242 0.077148
0 0.063477 0.030273 0.085938 0.060547
0 0.27832 0.072266 0.070312 0.139648
0 0.413086 0.02832 0.079102 0.057617
0 0.666992 0.097656 0.073242 0.079102
0 0.722656 0.026367 0.066406 0.053711
0 0.751953 0.068359 0.113281 0.09668
0 0.958008 0.241211 0.077148 0.092773
0 0.813477 0.265625 0.073242 0.109375
0 0.630859 0.214844 0.074219 0.074219
0 0.536133 0.222656 0.073242 0.074219
0 0.563477 0.301758 0.083008 0.066406
0 0.647461 0.404297 0.077148 0.125
0 0.541016 0.449219 0.084961 0.095703
0 0.550781 0.524414 0.079102 0.103516
0 0.626953 0.505859 0.057617 0.072266
0 0.730469 0.603516 0.0625 0.077148
0 0.765625 0.644531 0.057617 0.066406
0 0.950195 0.629883 0.077148 0.068359
0 0.904297 0.529297 0.06543 0.086914
0 0.96875 0.404297 0.0625 0.05957
0 0.901367 0.756836 0.074219 0.075195
0 0.838867 0.785156 0.064453 0.063477
0 0.694336 0.792969 0.078125 0.0625
0 0.618164 0.676758 0.056641 0.0625
0 0.223633 0.896484 0.107422 0.071289
0 0.270508 0.97168 0.080078 0.053711
0 0.385742 0.973633 0.080078 0.051758
0 0.611328 0.879883 0.082031 0.072266
0 0.959961 0.924805 0.073242 0.074219
0 0.808594 0.916992 0.074219 0.068359
0 0.177734 0.328125 0.042969 0.043945
0 0.480469 0.158203 0.054688 0.072266
0 0.367188 0.97168 0.073242 0.056641
0 0.067383 0.902344 0.038086 0.053711
0 0.229492 0.776367 0.063477 0.051758
0 0.59668 0.851562 0.078125 0.050781
0 0.954102 0.750977 0.036133 0.054688
0 0.59668 0.566406 0.030273 0.054688
