0 0.267578 0.395508 0.133789 0.074219
0 0.59375 0.355469 0.118164 0.138672
0 0.708984 0.844727 0.066406 0.120117
0 0.956055 0.828125 0.083008 0.075195
0 0.15625 0.750977 0.123047 0.099609
0 0.078125 0.889648 0.148438 0.157227
0 0.481445 0.336914 0.088867 0.066406
0 0.904297 0.46582 0.19043 0.042969
0 0.484375 0.454102 0.143555 0.056641
0 0.957031 0.237305 0.084961 0.03418
0 0.058594 0.551758 0.117188 0.067383
0 0.386719 0.862305 0.108398 0.039062
0 0.948242 0.859375 0.082031 0.079102
0 0.382812 0.932617 0.131836 0.042969
0 0.511719 0.336914 0.09082 0.040039
0 0.244141 0.486328 0.106445 0.068359
0 0.405273 0.381836 0.116211 0.134766
0 0.070312 0.487305 0.138672 0.072266
0 0.481445 0.537109 0.112305 0.051758
0 0.444336 0.385742 0.105469 0.03418
0 0.74707 0.484375 0.170898 0.076172
0 0.207031 0.290039 0.125 0.049805
0 0.137695 0.333008 0.056641 0.084961
0 0.237305 0.318359 0.158203 0.226562
0 0.894531 0.878906 0.083984 0.064453
0 0.082031 0.413086 0.165039 0.048828
0 0.150391 0.984375 0.094727 0.030273
0 0.137695 0.867188 0.152344 0.056641
0 0.963867 0.958984 0.072266 0.057617
0 0.137695 0.289062 0.084961 0.052734
0 0.358398 0.419922 0.163086 0.112305
0 0.501953 0.290039 0.09375 0.070312
0 0.630859 0.495117 0.113281 0.070312
0 0.250977 0.267578 0.086914 0.120117
0 0.572266 0.380859 0.092773 0.043945
0 0.952148 0.418945 0.092773 0.047852
0 0.619141 0.472656 0.105469 0.064453
0 0.933594 0.487305 0.112305 0.037109
0 0.086914 0.644531 0.173828 0.05957
0 0.748047 0.408203 0.107422 0.064453
0 0.169922 0.419922 0.076172 0.074219
0 0.746094 0.539062 0.115234 0.035156
0 0.537109 0.96875 0.085938 0.036133
0 0.756836 0.510742 0.134766 0.035156
0 0.800781 0.43457 0.146484 0.033203
0 0.541016 0.882812 0.088867 0.041992
0 0.429688 0.977539 0.09082 0.039062
0 0.40332 0.90332 0.086914 0.047852
0 0.81543 0.886719 0.105469 0.068359
0 0.822266 0.831055 0.12207 0.055664
0 0.900391 0.97168 0.078125 0.056641
0 0.93457 0.94043 0.098633 0.067383
0 0.144531 0.897461 0.141602 0.103516
0 0.230469 0.975586 0.071289 0.041016
0 0.049805 0.439453 0.100586 0.033203
0 0.022461 0.24707 0.045898 0.043945
0 0.035156 0.180664 0.070312 0.038086
0 0.071289 0.15625 0.131836 0.087891
0 0.258789 0.140625 0.117188 0.044922
0 0.201172 0.073242 0.081055 0.02832
0 0.125 0.104492 0.227539 0.046875
0 0.030273 0.068359 0.060547 0.041016
0 0.165039 0.017578 0.064453 0.035156
0 0.131836 0.038086 0.026367 0.056641
0 0.37793 0.213867 0.104492 0.035156
0 0.50293 0.197266 0.123047 0.051758
0 0.40918 0.021484 0.095703 0.042969
0 0.545898 0.048828 0.098633 0.078125
0 0.458008 0.128906 0.151367 0.06543
0 0.43457 0.110352 0.095703 0.022461
0 0.62207 0.126953 0.117188 0.071289
0 0.853516 0.123047 0.130859 0.0625
0 0.75293 0.12793 0.112305 0.056641
0 0.704102 0.132812 0.106445 0.042969
0 0.658203 0.060547 0.084961 0.078125
0 0.706055 0.068359 0.166016 0.086914
0 0.756836 0.06543 0.076172 0.074219
0 0.686523 0.011719 0.108398 0.023438
0 0.856445 0.050781 0.097656 0.052734
0 0.817383 0.018555 0.102539 0.038086
