0 0.024414 0.446289 0.049805 0.084961
0 0.070312 0.385742 0.097656 0.083984
0 0.1875 0.436523 0.099609 0.173828
0 0.083008 0.564453 0.06543 0.105469
0 0.114258 0.629883 0.069336 0.100586
0 0.170898 0.570312 0.071289 0.084961
0 0.814453 0.191406 0.088867 0.074219
0 0.84668 0.422852 0.088867 0.0625
0 0.890625 0.513672 0.069336 0.079102
0 0.642578 0.37207 0.118164 0.086914
0 0.673828 0.65332 0.094727 0.115234
0 0.62793 0.71875 0.102539 0.0625
0 0.548828 0.637695 0.085938 0.135742
0 0.737305 0.774414 0.083008 0.061523
0 0.743164 0.845703 0.061523 0.083008
0 0.905273 0.863281 0.106445 0.068359
0 0.625977 0.942383 0.113281 0.061523
0 0.657227 0.860352 0.116211 0.117188
0 0.545898 0.873047 0.116211 0.083008
0 0.477539 0.794922 0.128906 0.076172
0 0.027344 0.959961 0.054688 0.072266
0 0.126953 0.960938 0.076172 0.078125
0 0.140625 0.891602 0.079102 0.056641
0 0.208008 0.858398 0.069336 0.063477
0 0.053711 0.77832 0.056641 0.053711
0 0.387695 0.501953 0.080078 0.0625
0 0.429688 0.473633 0.081055 0.125977
0 0.451172 0.374023 0.083008 0.083008
0 0.399414 0.370117 0.053711 0.073242
0 0.295898 0.246094 0.067383 0.099609
0 0.366211 0.201172 0.09082 0.05957
0 0.493164 0.160156 0.117188 0.111328
0 0.620117 0.044922 0.132812 0.089844
