0 0.6875 0.5 0.077148 0.109375
0 0.756836 0.543945 0.084961 0.063477
0 0.741211 0.59668 0.066406 0.048828
0 0.805664 0.662109 0.05957 0.060547
0 0.748047 0.68457 0.064453 0.068359
0 0.654297 0.625 0.060547 0.078125
0 0.724609 0.744141 0.051758 0.060547
0 0.792969 0.734375 0.060547 0.063477
0 0.733398 0.819336 0.050781 0.054688
0 0.792969 0.835938 0.075195 0.061523
0 0.65332 0.830078 0.083008 0.060547
0 0.488281 0.650391 0.050781 0.069336
0 0.492188 0.754883 0.072266 0.058594
0 0.506836 0.87207 0.044922 0.073242
0 0.426758 0.87793 0.073242 0.054688
0 0.34375 0.875 0.067383 0.051758
0 0.299805 0.836914 0.12793 0.045898
0 0.321289 0.713867 0.084961 0.05957
0 0.31543 0.635742 0.102539 0.080078
0 0.203125 0.731445 0.086914 0.126953
0 0.158203 0.823242 0.069336 0.073242
0 0.145508 0.897461 0.056641 0.060547
0 0.162109 0.960938 0.111328 0.048828
0 0.213867 0.986328 0.066406 0.026367
0 0.363281 0.964844 0.171875 0.063477
0 0.614258 0.9375 0.105469 0.074219
0 0.953125 0.829102 0.075195 0.058594
0 0.97168 0.364258 0.056641 0.071289
0 0.429688 0.329102 0.06543 0.105469
0 0.410156 0.393555 0.084961 0.052734
0 0.326172 0.444336 0.075195 0.052734
0 0.244141 0.387695 0.073242 0.047852
0 0.191406 0.347656 0.052734 0.047852
0 0.198242 0.250977 0.089844 0.104492
0 0.1875 0.448242 0.055664 0.049805
0 0.087891 0.490234 0.061523 0.071289
0 0.030273 0.542969 0.060547 0.057617
0 0.133789 0.595703 0.080078 0.053711
0 0.119141 0.112305 0.086914 0.086914
0 0.097656 0.017578 0.066406 0.036133
0 0.064453 0.046875 0.0625 0.048828
0 0.279297 0.041992 0.069336 0.078125
0 0.211914 0.040039 0.077148 0.06543
0 0.282227 0.205078 0.083984 0.075195
0 0.368164 0.223633 0.072266 0.052734
0 0.421875 0.175781 0.057617 0.054688
0 0.518555 0.164062 0.053711 0.047852
0 0.529297 0.098633 0.066406 0.054688
0 0.619141 0.191406 0.05957 0.085938
0 0.712891 0.052734 0.075195 0.078125
0 0.847656 0.024414 0.077148 0.049805
0 0.466797 0.017578 0.074219 0.036133
0 0.399414 0.042969 0.085938 0.05957
0 0.902344 0.555664 0.070312 0.067383
0 0.428711 0.647461 0.061523 0.053711
0 0.060547 0.893555 0.057617 0.081055
0 0.929688 0.915039 0.058594 0.05957
0 0.107422 0.625 0.054688 0.045898
0 0.036133 0.129883 0.072266 0.067383
0 0.257812 0.951172 0.038086 0.051758
0 0.616211 0.865234 0.058594 0.044922
0 0.461914 0.145508 0.071289 0.073242
