0 0.473633 0.654297 0.0625 0.111328
0 0.34082 0.942383 0.107422 0.114258
0 0.869141 0.447266 0.050781 0.112305
0 0.321289 0.598633 0.081055 0.100586
0 0.09082 0.671875 0.124023 0.064453
0 0.723633 0.032227 0.044922 0.064453
0 0.629883 0.189453 0.064453 0.09375
0 0.462891 0.274414 0.049805 0.152344
0 0.169922 0.300781 0.073242 0.09375
0 0.571289 0.367188 0.101562 0.101562
0 0.043945 0.960938 0.088867 0.053711
0 0.888672 0.925781 0.064453 0.066406
0 0.102539 0.040039 0.0625 0.061523
0 0.342773 0.713867 0.108398 0.091797
0 0.791016 0.649414 0.089844 0.086914
0 0.683594 0.508789 0.072266 0.079102
0 0.65918 0.099609 0.024414 0.075195
0 0.847656 0.808594 0.145508 0.084961
0 0.982422 0.705078 0.03418 0.071289
0 0.71875 0.453125 0.039062 0.079102
0 0.320312 0.495117 0.141602 0.09668
0 0.229492 0.12793 0.106445 0.069336
0 0.345703 0.023438 0.074219 0.045898
0 0.96875 0.495117 0.0625 0.050781
0 0.240234 0.210938 0.048828 0.052734
0 0.84375 0.061523 0.054688 0.124023
0 0.757812 0.376953 0.037109 0.072266
0 0.495117 0.476562 0.069336 0.033203
0 0.958008 0.918945 0.061523 0.162109
0 0.536133 0.775391 0.052734 0.037109
0 0.783203 0.834961 0.098633 0.046875
0 0.669922 0.267578 0.073242 0.051758
0 0.264648 0.351562 0.054688 0.079102
0 0.966797 0.338867 0.056641 0.166992
0 0.757812 0.458008 0.046875 0.029297
0 0.120117 0.725586 0.086914 0.044922
0 0.112305 0.879883 0.165039 0.06543
0 0.108398 0.54248 0.103516 0.054199
0 0.449219 0.463867 0.088867 0.076172
0 0.824219 0.542969 0.053711 0.032227
0 0.626953 0.494141 0.055664 0.043945
0 0.788086 0.94043 0.106445 0.113281
0 0.040039 0.072266 0.078125 0.063477
0 0.432617 0.956055 0.152344 0.086914
0 0.422852 0.863281 0.088867 0.040039
0 0.071289 0.114258 0.076172 0.038086
0 0.553711 0.50293 0.113281 0.045898
0 0.791016 0.230469 0.054688 0.22168
0 0.080078 0.797852 0.157227 0.046875
0 0.526367 0.910156 0.094727 0.03418
0 0.302734 0.368164 0.078125 0.0625
0 0.838867 0.055664 0.079102 0.078125
0 0.956055 0.703125 0.056641 0.162109
0 0.137695 0.28418 0.072266 0.109375
0 0.082031 0.761719 0.111328 0.053711
0 0.731445 0.863281 0.051758 0.060547
0 0.05957 0.424805 0.083008 0.070312
0 0.112305 0.917969 0.204102 0.048828
