0 0.020508 0.821289 0.041992 0.077148
0 0.112305 0.777344 0.074219 0.070312
0 0.113281 0.605469 0.064453 0.05957
0 0.060547 0.537109 0.082031 0.103516
0 0.013672 0.478516 0.02832 0.091797
0 0.029297 0.341797 0.058594 0.078125
0 0.274414 0.043945 0.087891 0.071289
0 0.384766 0.044922 0.06543 0.089844
0 0.261719 0.211914 0.109375 0.125
0 0.304688 0.192383 0.0625 0.067383
0 0.390625 0.176758 0.080078 0.097656
0 0.151367 0.249023 0.094727 0.102539
0 0.421875 0.269531 0.098633 0.084961
0 0.209961 0.417969 0.116211 0.094727
0 0.357422 0.481445 0.091797 0.056641
0 0.348633 0.532227 0.09082 0.069336
0 0.589844 0.386719 0.091797 0.071289
0 0.578125 0.488281 0.069336 0.063477
0 0.335938 0.400391 0.053711 0.050781
0 0.601562 0.091797 0.069336 0.074219
0 0.609375 0.222656 0.081055 0.073242
0 0.779297 0.217773 0.0625 0.089844
0 0.68457 0.128906 0.060547 0.094727
0 0.703125 0.563477 0.074219 0.086914
0 0.613281 0.558594 0.068359 0.061523
0 0.738281 0.305664 0.0625 0.050781
0 0.816406 0.560547 0.078125 0.073242
0 0.896484 0.614258 0.070312 0.076172
0 0.941406 0.55957 0.057617 0.071289
0 0.424805 0.678711 0.105469 0.09668
0 0.900391 0.344727 0.069336 0.066406
0 0.888672 0.389648 0.088867 0.053711
0 0.810547 0.345703 0.060547 0.078125
0 0.962891 0.3125 0.071289 0.080078
0 0.886719 0.21875 0.0625 0.103516
0 0.905273 0.103516 0.080078 0.097656
0 0.658203 0.021484 0.085938 0.043945
0 0.947266 0.038086 0.06543 0.076172
0 0.488281 0.772461 0.05957 0.066406
0 0.835938 0.803711 0.107422 0.077148
0 0.665039 0.921875 0.071289 0.083984
0 0.821289 0.950195 0.095703 0.099609
0 0.365234 0.858398 0.094727 0.06543
0 0.473633 0.928711 0.080078 0.088867
0 0.15625 0.874023 0.083008 0.063477
0 0.308594 0.948242 0.074219 0.102539
0 0.141602 0.978516 0.102539 0.042969
0 0.962891 0.910156 0.073242 0.072266
0 0.977539 0.825195 0.044922 0.074219
0 0.964844 0.661133 0.064453 0.075195
0 0.629883 0.27832 0.081055 0.06543
0 0.208984 0.320312 0.069336 0.098633
0 0.616211 0.814453 0.044922 0.048828
0 0.222656 0.986328 0.053711 0.027344
0 0.017578 0.984375 0.036133 0.03125
0 0.384766 0.423828 0.053711 0.050781
0 0.988281 0.586914 0.023438 0.064453
0 0.165039 0.822266 0.069336 0.055664
0 0.290039 0.568359 0.06543 0.043945
