0 0.731445 0.405273 0.050781 0.087891
0 0.609375 0.391602 0.069336 0.080078
0 0.305664 0.639648 0.083984 0.05957
0 0.033203 0.680664 0.067383 0.050781
0 0.450195 0.907227 0.072266 0.069336
0 0.834961 0.333984 0.076172 0.073242
0 0.041016 0.463867 0.082031 0.05957
0 0.504883 0.135742 0.051758 0.081055
0 0.008789 0.371094 0.018555 0.061523
0 0.720703 0.112305 0.069336 0.071289
0 0.960938 0.092773 0.043945 0.072266
0 0.30957 0.459961 0.063477 0.079102
0 0.206055 0.668945 0.086914 0.088867
0 0.451172 0.036133 0.047852 0.073242
0 0.517578 0.082031 0.041016 0.072266
0 0.123047 0.210938 0.029297 0.084961
0 0.889648 0.158203 0.045898 0.066406
0 0.924805 0.347656 0.068359 0.146484
0 0.291016 0.029297 0.063477 0.05957
0 0.439453 0.104492 0.049805 0.069336
0 0.274414 0.97168 0.054688 0.056641
0 0.209961 0.164062 0.054688 0.0625
0 0.536133 0.680664 0.03125 0.072266
0 0.360352 0.932617 0.0625 0.053711
0 0.189453 0.37207 0.103516 0.070312
0 0.025391 0.357422 0.051758 0.070312
0 0.101562 0.476562 0.077148 0.0625
0 0.791016 0.84082 0.039062 0.078125
0 0.141602 0.313477 0.067383 0.056641
0 0.705078 0.145508 0.050781 0.064453
0 0.255859 0.128906 0.058594 0.048828
0 0.786133 0.682617 0.060547 0.046875
0 0.419922 0.455078 0.06543 0.039062
0 0.066406 0.119141 0.073242 0.03418
0 0.276367 0.787109 0.055664 0.061523
0 0.856445 0.976562 0.040039 0.042969
0 0.314453 0.099609 0.051758 0.12207
0 0.235352 0.568359 0.056641 0.040039
0 0.404297 0.743164 0.056641 0.041992
0 0.783203 0.416992 0.029297 0.05957
0 0.931641 0.282227 0.042969 0.058594
0 0.216797 0.74707 0.048828 0.041016
0 0.762695 0.330078 0.05957 0.043945
0 0.529297 0.016602 0.033203 0.03418
0 0.941406 0.022461 0.03125 0.045898
0 0.794922 0.384766 0.067383 0.051758
0 0.012695 0.128906 0.026367 0.035156
0 0.293945 0.969727 0.055664 0.055664
0 0.041016 0.980469 0.036133 0.039062
0 0.853516 0.546484 0.054688 0.03457
0 0.401367 0.37793 0.051758 0.052734
0 0.280273 0.862305 0.083984 0.050781
0 0.020508 0.095703 0.041016 0.06543
0 0.800781 0.5 0.02832 0.06543
0 0.582031 0.842773 0.042969 0.055664
0 0.834961 0.462891 0.053711 0.047852
0 0.324219 0.727539 0.045898 0.019531
0 0.518555 0.134766 0.043945 0.083008
0 0.859375 0.064453 0.050781 0.060547
0 0.179688 0.516602 0.051758 0.026367
0 0.017578 0.78418 0.036133 0.041016
0 0.866211 0.761719 0.043945 0.048828
0 0.583008 0.981445 0.033203 0.036133
0 0.791016 0.014648 0.03418 0.029297
0 0.789062 0.887695 0.029297 0.044922
0 0.173828 0.479492 0.084961 0.052734
0 0.107422 0.785156 0.053711 0.041992
0 0.239258 0.412109 0.061523 0.040039
0 0.217773 0.986328 0.054688 0.023438
0 0.921875 0.473633 0.037109 0.039062
0 0.595703 0.109375 0.051758 0.026367
0 0.240234 0.360352 0.058594 0.035156
0 0.162109 0.754883 0.077148 0.041016
0 0.164062 0.1875 0.042969 0.052734
0 0.850586 0.84375 0.051758 0.045898
0 0.833984 0.828125 0.094727 0.067383
