0 0.96582 0.425781 0.068359 0.087891
0 0.69043 0.264648 0.092773 0.099609
0 0.099609 0.231445 0.074219 0.055664
0 0.924805 0.129883 0.099609 0.067383
0 0.764648 0.486328 0.070312 0.075195
0 0.914062 0.192383 0.100586 0.067383
0 0.545898 0.436523 0.087891 0.094727
0 0.732422 0.823242 0.094727 0.09668
0 0.751953 0.662109 0.095703 0.105469
0 0.84668 0.545898 0.080078 0.091797
0 0.900391 0.958008 0.077148 0.072266
0 0.300781 0.625 0.120117 0.089844
0 0.703125 0.556641 0.092773 0.110352
0 0.859375 0.880859 0.099609 0.107422
0 0.136719 0.771484 0.089844 0.104492
0 0.610352 0.606445 0.073242 0.104492
0 0.204102 0.900391 0.100586 0.0625
0 0.762695 0.922852 0.073242 0.077148
0 0.841797 0.068359 0.070312 0.072266
0 0.619141 0.109375 0.06543 0.084961
