0 0.071289 0.464844 0.073242 0.0625
0 0.154297 0.464844 0.058594 0.092773
0 0.060547 0.282227 0.080078 0.081055
0 0.119141 0.193359 0.118164 0.083008
0 0.174805 0.277344 0.079102 0.104492
0 0.260742 0.367188 0.058594 0.068359
0 0.113281 0.108398 0.058594 0.055664
0 0.038086 0.043945 0.047852 0.088867
0 0.175781 0.053711 0.085938 0.064453
0 0.126953 0.026367 0.09082 0.053711
0 0.293945 0.176758 0.06543 0.09082
0 0.219727 0.161133 0.055664 0.105469
0 0.301758 0.269531 0.047852 0.06543
0 0.264648 0.536133 0.066406 0.140625
0 0.209961 0.650391 0.069336 0.087891
0 0.117188 0.725586 0.075195 0.069336
0 0.027344 0.728516 0.054688 0.074219
0 0.038086 0.842773 0.076172 0.100586
0 0.128906 0.807617 0.0625 0.075195
0 0.220703 0.806641 0.084961 0.086914
0 0.286133 0.894531 0.083984 0.0625
0 0.811523 0.976562 0.109375 0.046875
0 0.958984 0.972656 0.082031 0.054688
0 0.59082 0.714844 0.087891 0.085938
0 0.387695 0.680664 0.074219 0.075195
0 0.322266 0.699219 0.05957 0.069336
0 0.417969 0.771484 0.084961 0.073242
0 0.585938 0.521484 0.101562 0.119141
0 0.706055 0.59375 0.088867 0.161133
0 0.772461 0.698242 0.061523 0.05957
0 0.871094 0.717773 0.087891 0.112305
0 0.871094 0.803711 0.133789 0.125977
0 0.899414 0.62793 0.085938 0.076172
0 0.956055 0.606445 0.087891 0.087891
0 0.975586 0.681641 0.048828 0.057617
0 0.766602 0.347656 0.154297 0.244141
0 0.558594 0.240234 0.069336 0.05957
0 0.576172 0.203125 0.097656 0.061523
0 0.464844 0.141602 0.083984 0.144531
0 0.344727 0.080078 0.083984 0.084961
0 0.542969 0.322266 0.119141 0.076172
0 0.415039 0.364258 0.06543 0.055664
0 0.46582 0.415039 0.073242 0.057617
0 0.826172 0.119141 0.085938 0.079102
0 0.961914 0.236328 0.075195 0.071289
0 0.951172 0.132812 0.09668 0.091797
0 0.919922 0.029297 0.120117 0.058594
0 0.544922 0.029297 0.077148 0.058594
0 0.600586 0.755859 0.082031 0.086914
0 0.78125 0.758789 0.076172 0.087891
