0 0.883789 0.163086 0.084961 0.074219
0 0.841797 0.083984 0.086914 0.072266
0 0.664062 0.164062 0.080078 0.061523
0 0.609375 0.03418 0.110352 0.069336
0 0.451172 0.157227 0.137695 0.098633
0 0.421875 0.054688 0.092773 0.073242
0 0.178711 0.070312 0.06543 0.140625
0 0.108398 0.06543 0.087891 0.066406
0 0.03418 0.030273 0.069336 0.060547
0 0.407227 0.25293 0.121094 0.053711
0 0.375977 0.316406 0.094727 0.045898
0 0.357422 0.360352 0.087891 0.049805
0 0.144531 0.425781 0.079102 0.0625
0 0.442383 0.451172 0.109375 0.081055
0 0.584961 0.398438 0.075195 0.098633
0 0.636719 0.447266 0.06543 0.087891
0 0.666992 0.373047 0.066406 0.105469
0 0.717773 0.295898 0.072266 0.095703
0 0.62207 0.263672 0.094727 0.05957
0 0.551758 0.193359 0.075195 0.044922
0 0.586914 0.129883 0.050781 0.046875
0 0.280273 0.582031 0.074219 0.076172
0 0.382812 0.646484 0.081055 0.055664
0 0.541016 0.59082 0.05957 0.085938
0 0.588867 0.625977 0.055664 0.069336
0 0.665039 0.603516 0.054688 0.070312
0 0.72168 0.650391 0.133789 0.078125
0 0.960938 0.669922 0.077148 0.058594
0 0.944336 0.470703 0.066406 0.082031
0 0.96875 0.334961 0.061523 0.079102
0 0.032227 0.564453 0.06543 0.057617
0 0.052734 0.330078 0.105469 0.074219
0 0.171875 0.694336 0.09082 0.135742
0 0.297852 0.763672 0.081055 0.134766
0 0.254883 0.77832 0.088867 0.060547
0 0.228516 0.962891 0.067383 0.074219
0 0.036133 0.976562 0.072266 0.045898
0 0.477539 0.894531 0.108398 0.075195
0 0.388672 0.884766 0.061523 0.115234
0 0.537109 0.854492 0.106445 0.104492
0 0.557617 0.714844 0.06543 0.057617
0 0.573242 0.770508 0.077148 0.050781
0 0.719727 0.765625 0.068359 0.072266
0 0.794922 0.849609 0.129883 0.079102
0 0.954102 0.916992 0.09082 0.077148
0 0.970703 0.814453 0.052734 0.055664
0 0.948242 0.71582 0.102539 0.069336
0 0.860352 0.356445 0.071289 0.079102
