0 0.824219 0.745117 0.097656 0.058594
0 0.496094 0.307617 0.06543 0.081055
0 0.673828 0.104492 0.114258 0.066406
0 0.139648 0.318359 0.080078 0.073242
0 0.740234 0.347656 0.161133 0.052734
0 0.101562 0.689453 0.145508 0.045898
0 0.1875 0.026367 0.042969 0.053711
0 0.317383 0.032227 0.051758 0.064453
0 0.250977 0.098633 0.049805 0.06543
0 0.583008 0.328125 0.091797 0.097656
0 0.018555 0.282227 0.038086 0.107422
0 0.666016 0.289062 0.082031 0.06543
0 0.71875 0.15332 0.132812 0.061523
0 0.855469 0.205078 0.060547 0.057617
0 0.101562 0.571289 0.077148 0.073242
0 0.076172 0.137695 0.040039 0.067383
0 0.160156 0.299805 0.063477 0.072266
0 0.076172 0.310547 0.039062 0.080078
0 0.206055 0.96875 0.040039 0.0625
0 0.860352 0.469727 0.12207 0.055664
0 0.03125 0.022461 0.063477 0.043945
0 0.703125 0.371094 0.079102 0.041992
0 0.256836 0.408203 0.120117 0.044922
0 0.012695 0.672852 0.026367 0.057617
0 0.488281 0.727539 0.085938 0.03125
0 0.197266 0.683594 0.083984 0.055664
0 0.678711 0.460938 0.066406 0.041992
0 0.286133 0.268555 0.066406 0.040039
0 0.789062 0.035156 0.054688 0.070312
0 0.164062 0.219727 0.077148 0.050781
0 0.272461 0.311523 0.071289 0.055664
0 0.473633 0.395508 0.033203 0.074219
0 0.950195 0.356445 0.073242 0.038086
0 0.914062 0.636719 0.064453 0.051758
0 0.556641 0.633789 0.15918 0.068359
0 0.393555 0.466797 0.089844 0.041992
0 0.729492 0.021484 0.032227 0.043945
0 0.962891 0.980469 0.040039 0.039062
0 0.144531 0.836914 0.077148 0.068359
0 0.944336 0.383789 0.032227 0.071289
0 0.139648 0.185547 0.103516 0.039062
0 0.670898 0.956055 0.076172 0.050781
0 0.792969 0.242188 0.111328 0.0625
0 0.617188 0.667969 0.067383 0.046875
0 0.368164 0.368164 0.074219 0.025391
0 0.436523 0.338867 0.160156 0.089844
0 0.199219 0.629883 0.118164 0.037109
0 0.05957 0.811523 0.091797 0.046875
0 0.664062 0.233398 0.052734 0.052734
0 0.027344 0.643555 0.054688 0.038086
0 0.258789 0.445312 0.170898 0.044922
0 0.539062 0.007812 0.068359 0.015625
0 0.405273 0.367188 0.06543 0.042969
0 0.978516 0.681641 0.041992 0.052734
0 0.134766 0.724609 0.074219 0.038086
0 0.858398 0.108398 0.126953 0.205078
0 0.599609 0.863281 0.042969 0.053711
0 0.982422 0.158203 0.03418 0.02832
0 0.337891 0.316406 0.029297 0.068359
0 0.254883 0.660156 0.051758 0.024414
0 0.014648 0.207031 0.029297 0.079102
0 0.978516 0.637695 0.042969 0.043945
0 0.447266 0.97168 0.052734 0.027344
