0 0.1875 0.980469 0.078125 0.038086
0 0.617188 0.96875 0.097656 0.061523
0 0.691406 0.913086 0.086914 0.0625
0 0.463867 0.975586 0.056641 0.047852
0 0.391602 0.976562 0.082031 0.045898
0 0.919922 0.956055 0.074219 0.087891
0 0.881836 0.884766 0.078125 0.107422
0 0.5 0.811523 0.083008 0.15625
0 0.699219 0.72168 0.05957 0.068359
0 0.320312 0.74707 0.074219 0.061523
0 0.97168 0.673828 0.055664 0.077148
0 0.859375 0.568359 0.058594 0.060547
0 0.706055 0.513672 0.099609 0.085938
0 0.646484 0.464844 0.071289 0.064453
0 0.828125 0.456055 0.094727 0.074219
0 0.3125 0.470703 0.075195 0.061523
0 0.097656 0.583984 0.063477 0.083008
0 0.158203 0.668945 0.101562 0.094727
0 0.073242 0.644531 0.06543 0.078125
0 0.049805 0.737305 0.099609 0.079102
0 0.387695 0.52832 0.100586 0.086914
0 0.419922 0.577148 0.05957 0.067383
0 0.392578 0.436523 0.087891 0.100586
0 0.244141 0.111328 0.099609 0.089844
0 0.507812 0.080078 0.081055 0.080078
0 0.791992 0.19043 0.077148 0.056641
0 0.882812 0.354492 0.068359 0.085938
0 0.226562 0.046875 0.097656 0.074219
0 0.969727 0.507812 0.060547 0.076172
0 0.984375 0.580078 0.03125 0.063477
0 0.092773 0.024414 0.085938 0.049805
0 0.189453 0.020508 0.064453 0.041992
0 0.280273 0.015625 0.051758 0.032227
0 0.316406 0.422852 0.066406 0.056641
0 0.010742 0.52832 0.022461 0.067383
0 0.65918 0.016602 0.045898 0.033203
0 0.825195 0.004883 0.026367 0.010742
0 0.988281 0.427734 0.023438 0.030273
0 0.738281 0.494141 0.049805 0.044922
0 0.852539 0.349609 0.054688 0.070312
0 0.0625 0.991211 0.072266 0.017578
0 0.130859 0.981445 0.029297 0.033203
0 0.735352 0.987305 0.050781 0.022461
0 0.629883 0.84668 0.030273 0.041016
0 0.694336 0.970703 0.043945 0.053711
0 0.53125 0.988281 0.063477 0.023438
0 0.454102 0.953125 0.061523 0.061523
0 0.436523 0.811523 0.049805 0.055664
0 0.963867 0.921875 0.038086 0.047852
0 0.374023 0.584961 0.038086 0.047852
