0 0.34668 0.448242 0.129883 0.078125
0 0.830078 0.198242 0.077148 0.068359
0 0.716797 0.635742 0.080078 0.107422
0 0.849609 0.50293 0.099609 0.112305
0 0.970703 0.870117 0.057617 0.092773
0 0.558594 0.355469 0.084961 0.086914
0 0.632812 0.554688 0.092773 0.089844
0 0.90332 0.762695 0.078125 0.112305
0 0.958984 0.166992 0.082031 0.072266
0 0.355469 0.881836 0.087891 0.133789
0 0.663086 0.155273 0.077148 0.086914
0 0.677734 0.970703 0.069336 0.057617
0 0.87207 0.398438 0.080078 0.082031
0 0.601562 0.154297 0.079102 0.080078
0 0.453125 0.65332 0.092773 0.167969
0 0.541016 0.841797 0.087891 0.094727
0 0.754883 0.100586 0.115234 0.107422
0 0.602539 0.272461 0.102539 0.092773
0 0.959961 0.672852 0.080078 0.142578
0 0.615234 0.833008 0.067383 0.12793
0 0.532227 0.739258 0.080078 0.094727
0 0.71582 0.336914 0.087891 0.084961
0 0.810547 0.839844 0.117188 0.089844
0 0.767578 0.880859 0.083008 0.132812
0 0.538086 0.619141 0.092773 0.104492
0 0.921875 0.344727 0.075195 0.080078
0 0.84668 0.925781 0.068359 0.104492
0 0.824219 0.6875 0.084961 0.192383
0 0.431641 0.311523 0.110352 0.079102
0 0.810547 0.131836 0.087891 0.070312
0 0.037109 0.273438 0.075195 0.117188
0 0.768555 0.956055 0.061523 0.084961
0 0.65918 0.774414 0.055664 0.105469
0 0.739258 0.766602 0.075195 0.125
0 0.998047 0.863281 0.00293 0.101562
