0 0.87207 0.426758 0.046875 0.039062
0 0.882812 0.182617 0.110352 0.076172
0 0.615234 0.069336 0.186523 0.111328
0 0.8125 0.290039 0.06543 0.198242
0 0.173828 0.969727 0.186523 0.05957
0 0.09082 0.076172 0.181641 0.103516
0 0.719727 0.03125 0.208984 0.063477
0 0.398438 0.220703 0.074219 0.09668
0 0.925781 0.697266 0.148438 0.132812
0 0.823242 0.804688 0.091797 0.086914
0 0.030273 0.466797 0.061523 0.068359
0 0.063477 0.28125 0.126953 0.108398
0 0.073242 0.154297 0.146484 0.139648
0 0.708984 0.25 0.168945 0.118164
0 0.606445 0.167969 0.150391 0.081055
0 0.619141 0.299805 0.172852 0.124023
0 0.738281 0.318359 0.166992 0.072266
0 0.94043 0.265625 0.079102 0.087891
