0 0.066406 0.77832 0.0625 0.080078
0 0.030273 0.552734 0.060547 0.073242
0 0.060547 0.604492 0.073242 0.089844
0 0.131836 0.355469 0.080078 0.080078
0 0.273438 0.431641 0.092773 0.099609
0 0.349609 0.52832 0.056641 0.133789
0 0.499023 0.585938 0.100586 0.069336
0 0.53125 0.726562 0.098633 0.069336
0 0.605469 0.543945 0.085938 0.067383
0 0.6875 0.541992 0.116211 0.095703
0 0.72168 0.441406 0.056641 0.091797
0 0.773438 0.487305 0.0625 0.0625
0 0.532227 0.269531 0.060547 0.06543
0 0.227539 0.237305 0.079102 0.071289
0 0.233398 0.148438 0.086914 0.070312
0 0.235352 0.077148 0.09082 0.080078
0 0.375 0.138672 0.068359 0.126953
0 0.321289 0.071289 0.0625 0.083008
0 0.084961 0.259766 0.05957 0.061523
0 0.710938 0.111328 0.071289 0.109375
0 0.875977 0.085938 0.077148 0.100586
0 0.982422 0.143555 0.03418 0.05957
0 0.958984 0.253906 0.081055 0.066406
0 0.910156 0.415039 0.087891 0.09082
0 0.978516 0.389648 0.042969 0.103516
0 0.849609 0.735352 0.083008 0.101562
0 0.65625 0.860352 0.089844 0.128906
0 0.587891 0.882812 0.05957 0.100586
0 0.521484 0.912109 0.074219 0.106445
0 0.208984 0.919922 0.071289 0.068359
0 0.220703 0.984375 0.089844 0.03125
0 0.285156 0.972656 0.053711 0.054688
0 0.116211 0.679688 0.05957 0.0625
0 0.232422 0.773438 0.078125 0.067383
0 0.333984 0.448242 0.072266 0.100586
0 0.512695 0.033203 0.087891 0.060547
0 0.946289 0.583008 0.087891 0.09668
0 0.913086 0.78125 0.066406 0.108398
0 0.258789 0.022461 0.066406 0.044922
0 0.758789 0.010742 0.053711 0.022461
0 0.667969 0.027344 0.086914 0.055664
0 0.795898 0.722656 0.040039 0.041016
0 0.72168 0.819336 0.032227 0.036133
0 0.712891 0.845703 0.046875 0.041992
0 0.063477 0.966797 0.06543 0.066406
0 0.496094 0.208008 0.046875 0.026367
0 0.755859 0.399414 0.092773 0.053711
0 0.429688 0.25293 0.058594 0.053711
0 0.727539 0.967773 0.042969 0.050781
0 0.864258 0.986328 0.051758 0.025391
0 0.969727 0.186523 0.058594 0.058594
