0 0.792969 0.191406 0.0625 0.094727
0 0.130859 0.071289 0.117188 0.120117
0 0.091797 0.449219 0.089844 0.075195
0 0.306641 0.90918 0.075195 0.104492
0 0.919922 0.34375 0.125 0.139648
0 0.979492 0.492188 0.040039 0.134766
0 0.382812 0.244141 0.0625 0.100586
0 0.297852 0.774414 0.09668 0.140625
0 0.230469 0.088867 0.072266 0.104492
0 0.899414 0.96582 0.080078 0.068359
0 0.932617 0.054688 0.067383 0.089844
0 0.970703 0.699219 0.057617 0.084961
0 0.957031 0.874023 0.085938 0.079102
0 0.032227 0.175781 0.064453 0.082031
0 0.176758 0.458008 0.071289 0.081055
0 0.787109 0.78125 0.060547 0.118164
0 0.978516 0.276367 0.042969 0.094727
0 0.135742 0.138672 0.056641 0.064453
0 0.100586 0.175781 0.057617 0.107422
0 0.211914 0.828125 0.070312 0.067383
0 0.236328 0.916016 0.075195 0.097656
0 0.949219 0.517578 0.06543 0.12207
