0 0.038086 0.038086 0.076172 0.077148
0 0.063477 0.954102 0.068359 0.091797
0 0.030273 0.864258 0.05957 0.067383
0 0.128906 0.817383 0.080078 0.082031
0 0.138672 0.90332 0.088867 0.06543
0 0.306641 0.888672 0.183594 0.078125
0 0.430664 0.842773 0.174805 0.086914
0 0.060547 0.598633 0.09082 0.068359
0 0.100586 0.516602 0.089844 0.064453
0 0.044922 0.469727 0.070312 0.113281
0 0.229492 0.578125 0.117188 0.071289
0 0.327148 0.504883 0.094727 0.086914
0 0.128906 0.391602 0.106445 0.086914
0 0.164062 0.27832 0.082031 0.089844
0 0.248047 0.267578 0.070312 0.092773
0 0.182617 0.180664 0.057617 0.079102
0 0.448242 0.43457 0.09375 0.075195
0 0.357422 0.304688 0.058594 0.069336
0 0.266602 0.124023 0.071289 0.089844
0 0.243164 0.030273 0.119141 0.060547
0 0.431641 0.058594 0.091797 0.099609
0 0.530273 0.137695 0.101562 0.063477
0 0.415039 0.175781 0.06543 0.081055
0 0.561523 0.28418 0.003906 0.001953
0 0.624023 0.344727 0.073242 0.078125
0 0.575195 0.448242 0.061523 0.080078
0 0.742188 0.424805 0.076172 0.069336
0 0.620117 0.404297 0.080078 0.061523
0 0.46875 0.5625 0.06543 0.112305
0 0.543945 0.628906 0.071289 0.104492
0 0.69043 0.53125 0.077148 0.087891
0 0.681641 0.678711 0.083008 0.119141
0 0.557617 0.841797 0.073242 0.089844
0 0.709961 0.806641 0.074219 0.09668
0 0.825195 0.810547 0.071289 0.09375
0 0.646484 0.860352 0.057617 0.087891
0 0.501953 0.96875 0.086914 0.0625
0 0.580078 0.935547 0.091797 0.070312
0 0.916016 0.867188 0.077148 0.064453
0 0.793945 0.915039 0.108398 0.076172
0 0.905273 0.575195 0.06543 0.104492
0 0.839844 0.554688 0.054688 0.084961
0 0.810547 0.326172 0.075195 0.085938
0 0.735352 0.224609 0.087891 0.080078
0 0.820312 0.107422 0.110352 0.137695
0 0.915039 0.154297 0.06543 0.075195
0 0.939453 0.333008 0.09375 0.060547
0 0.266602 0.929688 0.066406 0.072266
0 0.400391 0.942383 0.069336 0.107422
0 0.367188 0.719727 0.047852 0.055664
0 0.186523 0.768555 0.06543 0.126953
0 0.246094 0.822266 0.074219 0.069336
0 0.700195 0.953125 0.056641 0.066406
0 0.980469 0.745117 0.038086 0.100586
0 0.773438 0.619141 0.070312 0.085938
0 0.986328 0.375 0.027344 0.060547
0 0.681641 0.349609 0.060547 0.075195
0 0.951172 0.076172 0.067383 0.055664
