0 0.972656 0.643555 0.054688 0.117188
0 0.311523 0.396484 0.104492 0.135742
0 0.333008 0.172852 0.087891 0.162109
0 0.607422 0.516602 0.09668 0.104492
0 0.685547 0.619141 0.082031 0.120117
0 0.097656 0.240234 0.194336 0.172852
0 0.102539 0.501953 0.206055 0.174805
0 0.407227 0.514648 0.099609 0.195312
0 0.202148 0.694336 0.160156 0.174805
0 0.856445 0.050781 0.075195 0.097656
0 0.15332 0.082031 0.125 0.083984
0 0.500977 0.935547 0.242188 0.12793
0 0.180664 0.773438 0.136719 0.133789
0 0.542969 0.866211 0.288086 0.094727
0 0.779297 0.881836 0.084961 0.071289
0 0.047852 0.930664 0.086914 0.087891
0 0.209961 0.038086 0.092773 0.072266
0 0.060547 0.813477 0.119141 0.142578
0 0.629883 0.631836 0.054688 0.057617
0 0.123047 0.194336 0.058594 0.111328
0 0.041016 0.370117 0.080078 0.074219
0 0.186523 0.128906 0.115234 0.081055
0 0.197266 0.291992 0.092773 0.116211
