0 0.287109 0.848633 0.053711 0.103516
0 0.013672 0.049805 0.027344 0.083984
0 0.916992 0.794922 0.049805 0.082031
0 0.168945 0.229492 0.057617 0.111328
0 0.165039 0.026367 0.03418 0.053711
0 0.010742 0.675781 0.022461 0.074219
0 0.65625 0.289062 0.048828 0.081055
0 0.897461 0.041992 0.056641 0.080078
0 0.650391 0.101562 0.125977 0.083984
0 0.635742 0.4375 0.043945 0.084961
0 0.925781 0.915039 0.039062 0.098633
0 0.265625 0.630859 0.071289 0.078125
0 0.954102 0.790039 0.085938 0.120117
0 0.9375 0.695312 0.035156 0.09375
0 0.420898 0.078125 0.045898 0.078125
0 0.901367 0.12793 0.061523 0.088867
0 0.980469 0.936523 0.038086 0.058594
0 0.124023 0.067383 0.041992 0.082031
0 0.826172 0.436523 0.041992 0.072266
0 0.504883 0.053711 0.107422 0.106445
0 0.56543 0.300781 0.048828 0.073242
0 0.228516 0.701172 0.051758 0.110352
0 0.490234 0.617188 0.095703 0.113281
0 0.256836 0.78418 0.079102 0.044922
0 0.332031 0.668945 0.053711 0.111328
0 0.151367 0.606445 0.057617 0.083008
0 0.711914 0.826172 0.040039 0.111328
0 0.150391 0.402344 0.042969 0.06543
0 0.134766 0.485352 0.042969 0.051758
0 0.442383 0.546875 0.03418 0.070312
0 0.602539 0.605469 0.030273 0.084961
0 0.935547 0.436523 0.054688 0.130859
0 0.058594 0.773438 0.030273 0.082031
0 0.810547 0.178711 0.022461 0.06543
0 0.87207 0.263672 0.047852 0.081055
0 0.913086 0.544922 0.142578 0.107422
0 0.541016 0.393555 0.057617 0.056641
0 0.982422 0.873047 0.035156 0.071289
0 0.094727 0.960938 0.043945 0.078125
0 0.609375 0.871094 0.068359 0.079102
0 0.713867 0.024414 0.040039 0.046875
0 0.500977 0.988281 0.072266 0.023438
0 0.579102 0.554688 0.109375 0.099609
0 0.648438 0.024414 0.048828 0.047852
0 0.128906 0.344727 0.177734 0.094727
0 0.321289 0.40625 0.051758 0.022461
0 0.959961 0.157227 0.02832 0.06543
0 0.336914 0.487305 0.177734 0.05957
0 0.438477 0.973633 0.046875 0.051758
0 0.272461 0.020508 0.026367 0.041016
0 0.043945 0.725586 0.042969 0.050781
0 0.761719 0.341797 0.048828 0.088867
0 0.574219 0.958008 0.044922 0.083984
0 0.672852 0.510742 0.178711 0.086914
0 0.790039 0.980469 0.02832 0.039062
0 0.298828 0.499023 0.058594 0.098633
0 0.245117 0.388672 0.042969 0.044922
0 0.033203 0.922852 0.066406 0.025391
0 0.282227 0.287109 0.078125 0.044922
0 0.076172 0.013672 0.039062 0.027344
0 0.582031 0.352539 0.068359 0.050781
0 0.258789 0.677734 0.054688 0.083984
0 0.168945 0.506836 0.048828 0.081055
0 0.797852 0.759766 0.083984 0.067383
0 0.672852 0.063477 0.03125 0.060547
0 0.425781 0.645508 0.043945 0.057617
0 0.135742 0.206055 0.038086 0.047852
0 0.671875 0.801758 0.071289 0.060547
0 0.444336 0.205078 0.054688 0.021484
0 0.125 0.916992 0.094727 0.074219
0 0.299805 0.969727 0.064453 0.051758
0 0.277344 0.767578 0.023438 0.042969
