0 0.189453 0.665039 0.120117 0.12207
0 0.413086 0.941406 0.117188 0.069336
0 0.517578 0.149414 0.12793 0.075195
0 0.554688 0.90918 0.134766 0.069336
0 0.676758 0.859375 0.077148 0.082031
0 0.874023 0.255859 0.135742 0.087891
0 0.050781 0.083008 0.078125 0.077148
0 0.371094 0.230469 0.097656 0.102539
0 0.561523 0.249023 0.19043 0.075195
0 0.170898 0.12207 0.1875 0.080078
0 0.600586 0.643555 0.177734 0.117188
0 0.411133 0.352539 0.18457 0.144531
0 0.260742 0.261719 0.087891 0.075195
0 0.806641 0.182617 0.135742 0.067383
0 0.431641 0.588867 0.155273 0.145508
0 0.704102 0.594727 0.094727 0.070312
0 0.524414 0.855469 0.070312 0.057617
0 0.25293 0.457031 0.092773 0.205078
0 0.641602 0.02832 0.075195 0.056641
0 0.698242 0.445312 0.132812 0.073242
0 0.175781 0.479492 0.091797 0.070312
0 0.895508 0.776367 0.208008 0.05957
0 0.841797 0.577148 0.174805 0.220703
0 0.147461 0.039062 0.125 0.078125
0 0.80957 0.670898 0.130859 0.087891
0 0.305664 0.672852 0.082031 0.131836
0 0.859375 0.960938 0.165039 0.078125
0 0.789062 0.091797 0.170898 0.070312
0 0.375 0.151367 0.125 0.06543
0 0.542969 0.0625 0.157227 0.0625
0 0.34082 0.042969 0.207031 0.086914
0 0.102539 0.37207 0.12207 0.134766
0 0.360352 0.849609 0.142578 0.115234
0 0.739258 0.249023 0.165039 0.094727
0 0.09668 0.816406 0.094727 0.219727
0 0.02832 0.328125 0.057617 0.092773
0 0.804688 0.411133 0.072266 0.102539
0 0.108398 0.955078 0.080078 0.089844
0 0.49707 0.761719 0.064453 0.05957
0 0.397461 0.648438 0.137695 0.097656
0 0.736328 0.350586 0.072266 0.107422
0 0.551758 0.681641 0.094727 0.05957
0 0.743164 0.962891 0.1875 0.074219
0 0.863281 0.874023 0.0625 0.069336
0 0.570312 0.358398 0.083008 0.078125
0 0.62207 0.482422 0.089844 0.067383
0 0.780273 0.277344 0.09668 0.080078
0 0.097656 0.326172 0.086914 0.0625
0 0.71582 0.660156 0.068359 0.067383
0 0.819336 0.000977 0.115234 0.001953
0 0.319336 0.783203 0.064453 0.087891
0 0.359375 0.640625 0.205078 0.052734
0 0.913086 0.850586 0.172852 0.126953
0 0.859375 0.739258 0.084961 0.054688
0 0.853516 0.59082 0.292969 0.142578
0 0.731445 0.50293 0.120117 0.086914
0 0.202148 0.25293 0.070312 0.047852
0 0.509766 0.391602 0.117188 0.0625
0 0.908203 0.359375 0.052734 0.094727
0 0.979492 0.236328 0.040039 0.19043
0 0.724609 0.054688 0.199219 0.054688
0 0.583008 0.050781 0.142578 0.087891
0 0.329102 0.063477 0.194336 0.123047
0 0.841797 0.924805 0.146484 0.089844
0 0.350586 0.349609 0.075195 0.083984
0 0.792969 0.799805 0.113281 0.091797
0 0.447266 0.416992 0.072266 0.061523
