0 0.788086 0.733398 0.132812 0.091797
0 0.856445 0.825195 0.094727 0.067383
0 0.583008 0.498047 0.087891 0.082031
0 0.948242 0.541992 0.102539 0.105469
0 0.69043 0.925781 0.112305 0.087891
0 0.436523 0.894531 0.145508 0.125
0 0.114258 0.479492 0.083984 0.081055
0 0.285156 0.167969 0.083008 0.083008
0 0.355469 0.302734 0.102539 0.083008
0 0.691406 0.480469 0.075195 0.083008
0 0.087891 0.650391 0.092773 0.097656
0 0.435547 0.447266 0.102539 0.099609
0 0.050781 0.125977 0.078125 0.082031
0 0.189453 0.400391 0.080078 0.083008
0 0.957031 0.9375 0.085938 0.092773
0 0.890625 0.063477 0.117188 0.074219
0 0.074219 0.771484 0.084961 0.069336
0 0.324219 0.839844 0.075195 0.125
0 0.717773 0.224609 0.100586 0.072266
