0 0.69043 0.019531 0.088867 0.040039
0 0.498047 0.099609 0.075195 0.087891
0 0.618164 0.125977 0.089844 0.060547
0 0.458008 0.224609 0.070312 0.076172
0 0.561523 0.236328 0.104492 0.083008
0 0.824219 0.205078 0.115234 0.075195
0 0.959961 0.22168 0.070312 0.077148
0 0.762695 0.387695 0.097656 0.092773
0 0.96582 0.342773 0.068359 0.120117
0 0.427734 0.416016 0.142578 0.119141
0 0.483398 0.494141 0.09082 0.09375
0 0.639648 0.413086 0.0625 0.080078
0 0.711914 0.482422 0.086914 0.077148
0 0.952148 0.554688 0.084961 0.078125
0 0.727539 0.650391 0.079102 0.087891
0 0.81543 0.648438 0.083008 0.068359
0 0.951172 0.631836 0.095703 0.069336
0 0.977539 0.698242 0.044922 0.061523
0 0.97168 0.763672 0.056641 0.063477
0 0.509766 0.80957 0.088867 0.083984
0 0.623047 0.838867 0.092773 0.167969
0 0.386719 0.927734 0.089844 0.089844
0 0.442383 0.975586 0.078125 0.048828
0 0.916992 0.916016 0.087891 0.109375
0 0.091797 0.928711 0.12793 0.082031
0 0.28418 0.836914 0.080078 0.085938
0 0.135742 0.813477 0.109375 0.083984
0 0.058594 0.829102 0.057617 0.074219
0 0.177734 0.720703 0.098633 0.074219
0 0.231445 0.480469 0.074219 0.072266
0 0.286133 0.513672 0.071289 0.068359
0 0.228516 0.402344 0.080078 0.072266
0 0.121094 0.55957 0.085938 0.071289
0 0.386719 0.710938 0.142578 0.091797
0 0.451172 0.645508 0.083008 0.080078
0 0.274414 0.111328 0.09668 0.094727
0 0.152344 0.234375 0.113281 0.09375
0 0.133789 0.097656 0.092773 0.078125
0 0.317383 0.033203 0.064453 0.066406
0 0.080078 0.038086 0.100586 0.076172
0 0.800781 0.702148 0.094727 0.067383
0 0.171875 0.592773 0.085938 0.077148
0 0.015625 0.268555 0.032227 0.058594
0 0.390625 0.655273 0.0625 0.052734
0 0.879883 0.655273 0.053711 0.066406
