0 0.626953 0.22168 0.080078 0.084961
0 0.363281 0.083008 0.078125 0.12207
0 0.211914 0.079102 0.080078 0.09082
0 0.683594 0.421875 0.085938 0.083008
0 0.797852 0.472656 0.142578 0.077148
0 0.611328 0.780273 0.075195 0.077148
0 0.701172 0.972656 0.084961 0.036133
0 0.694336 0.601562 0.070312 0.055664
0 0.731445 0.15918 0.135742 0.075195
0 0.84668 0.257812 0.129883 0.077148
0 0.790039 0.791992 0.102539 0.060547
0 0.296875 0.293945 0.068359 0.074219
0 0.464844 0.413086 0.0625 0.067383
0 0.533203 0.21582 0.0625 0.049805
0 0.671875 0.708008 0.06543 0.054688
0 0.623047 0.5625 0.097656 0.102539
0 0.628906 0.092773 0.104492 0.092773
0 0.459961 0.730469 0.091797 0.052734
0 0.734375 0.686523 0.083984 0.046875
0 0.833984 0.220703 0.104492 0.057617
0 0.819336 0.861328 0.074219 0.058594
0 0.425781 0.352539 0.072266 0.073242
0 0.743164 0.896484 0.103516 0.032227
0 0.533203 0.347656 0.097656 0.067383
0 0.474609 0.302734 0.080078 0.102539
0 0.745117 0.342773 0.112305 0.051758
0 0.852539 0.151367 0.137695 0.084961
0 0.694336 0.037109 0.075195 0.074219
0 0.515625 0.668945 0.120117 0.050781
0 0.306641 0.742188 0.05957 0.064453
0 0.355469 0.649414 0.027344 0.054688
0 0.114258 0.929688 0.047852 0.049805
0 0.777344 0.029297 0.080078 0.056641
0 0.62207 0.030273 0.063477 0.061523
0 0.442383 0.392578 0.058594 0.057617
0 0.313477 0.227539 0.040039 0.049805
