0 0.875977 0.495117 0.081055 0.083984
0 0.589844 0.445312 0.063477 0.110352
0 0.697266 0.251953 0.083984 0.098633
0 0.663086 0.722656 0.092773 0.057617
0 0.267578 0.532227 0.060547 0.092773
0 0.147461 0.482422 0.074219 0.083984
0 0.410156 0.24707 0.09375 0.049805
0 0.540039 0.641602 0.068359 0.085938
0 0.53418 0.381836 0.058594 0.083984
0 0.058594 0.089844 0.104492 0.077148
0 0.710938 0.080078 0.046875 0.085938
0 0.06748 0.524609 0.072266 0.072266
0 0.889648 0.914062 0.075195 0.066406
0 0.928711 0.326172 0.052734 0.074219
0 0.366211 0.56543 0.086914 0.046875
0 0.802734 0.620117 0.070312 0.061523
0 0.353516 0.767578 0.092773 0.101562
0 0.219727 0.727539 0.111328 0.053711
0 0.115234 0.299805 0.117188 0.076172
0 0.496094 0.146484 0.102539 0.102539
0 0.771484 0.286133 0.036133 0.088867
0 0.97168 0.524414 0.052734 0.150391
0 0.672852 0.30957 0.06543 0.0625
0 0.97168 0.136719 0.056641 0.067383
0 0.369141 0.070312 0.077148 0.05957
0 0.53418 0.314453 0.05957 0.041992
0 0.924805 0.738281 0.095703 0.054688
0 0.405273 0.017578 0.063477 0.036133
0 0.285156 0.665039 0.158203 0.056641
0 0.967773 0.291016 0.064453 0.047852
0 0.572266 0.952148 0.067383 0.046875
0 0.841797 0.949219 0.063477 0.046875
0 0.212891 0.902344 0.089844 0.052734
0 0.084961 0.904297 0.052734 0.043945
0 0.536133 0.896484 0.09375 0.0625
0 0.837891 0.326172 0.100586 0.048828
0 0.223633 0.506836 0.058594 0.054688
0 0.234375 0.855469 0.080078 0.045898
0 0.229492 0.394531 0.058594 0.040039
0 0.490234 0.904297 0.041992 0.061523
0 0.755859 0.943359 0.089844 0.046875
0 0.886719 0.641602 0.05957 0.049805
0 0.756836 0.609375 0.058594 0.060547
0 0.322266 0.290039 0.050781 0.072266
0 0.569336 0.860352 0.083984 0.052734
0 0.774414 0.363281 0.072266 0.047852
0 0.504883 0.595703 0.061523 0.072266
0 0.099609 0.408203 0.074219 0.02832
0 0.015625 0.643555 0.03125 0.032227
0 0.457031 0.613281 0.075195 0.042969
0 0.367188 0.917969 0.045898 0.058594
0 0.823242 0.980469 0.100586 0.038086
0 0.207031 0.019531 0.073242 0.039062
0 0.432617 0.926758 0.099609 0.114258
0 0.668945 0.037109 0.037109 0.06543
0 0.030273 0.514746 0.060547 0.050781
0 0.708984 0.982422 0.03418 0.035156
0 0.580078 0.075195 0.084961 0.046875
0 0.874023 0.577148 0.071289 0.050781
0 0.407227 0.271484 0.058594 0.05957
0 0.942383 0.254883 0.066406 0.046875
0 0.757812 0.572266 0.067383 0.039062
0 0.899414 0.716797 0.078125 0.035156
0 0.359375 0.347656 0.133789 0.046875
0 0.074219 0.90625 0.049805 0.053711
0 0.265625 0.972656 0.0625 0.052734
0 0.606445 0.984375 0.084961 0.030273
0 0.928711 0.449219 0.052734 0.057617
0 0.591797 0.523438 0.038086 0.043945
0 0.774414 0.900391 0.101562 0.047852
0 0.198242 0.575195 0.194336 0.106445
0 0.926758 0.982422 0.047852 0.02832
0 0.708984 0.59668 0.045898 0.035156
0 0.722656 0.541016 0.078125 0.03418
0 0.506836 0.387695 0.036133 0.069336
0 0.47168 0.707031 0.063477 0.030273
0 0.441406 0.707031 0.029297 0.067383
0 0.864258 0.611328 0.041992 0.03125
0 0.984375 0.4375 0.030273 0.05957
0 0.985352 0.1875 0.02832 0.040039
0 0.575195 0.111328 0.086914 0.044922
0 0.115234 0.700195 0.076172 0.044922
0 0.023438 0.628906 0.046875 0.033203
