0 0.789062 0.049805 0.088867 0.081055
0 0.713867 0.069336 0.06543 0.077148
0 0.977539 0.854492 0.043945 0.063477
0 0.983398 0.933594 0.032227 0.05957
0 0.876953 0.785156 0.09082 0.066406
0 0.945312 0.792969 0.058594 0.041992
0 0.78418 0.77832 0.066406 0.075195
0 0.730469 0.823242 0.058594 0.054688
0 0.868164 0.536133 0.064453 0.073242
0 0.582031 0.540039 0.068359 0.09375
0 0.696289 0.587891 0.042969 0.042969
0 0.644531 0.661133 0.057617 0.053711
0 0.564453 0.737305 0.124023 0.044922
0 0.601562 0.830078 0.080078 0.048828
0 0.429688 0.745117 0.06543 0.053711
0 0.410156 0.798828 0.053711 0.051758
0 0.541016 0.962891 0.107422 0.074219
0 0.757812 0.967773 0.081055 0.063477
0 0.858398 0.916016 0.054688 0.047852
0 0.924805 0.847656 0.064453 0.0625
0 0.581055 0.912109 0.054688 0.064453
0 0.207031 0.853516 0.049805 0.072266
0 0.279297 0.879883 0.054688 0.047852
0 0.068359 0.865234 0.100586 0.061523
0 0.03125 0.90332 0.0625 0.054688
0 0.067383 0.762695 0.083984 0.066406
0 0.03418 0.678711 0.069336 0.061523
0 0.619141 0.265625 0.06543 0.063477
0 0.685547 0.219727 0.088867 0.083984
0 0.550781 0.243164 0.073242 0.066406
0 0.4375 0.196289 0.069336 0.063477
0 0.230469 0.077148 0.071289 0.050781
0 0.135742 0.248047 0.109375 0.09375
0 0.291016 0.191406 0.080078 0.098633
0 0.051758 0.019531 0.058594 0.039062
0 0.822266 0.28418 0.069336 0.056641
0 0.711914 0.368164 0.165039 0.069336
0 0.480469 0.446289 0.067383 0.055664
0 0.386719 0.06543 0.110352 0.070312
0 0.360352 0.150391 0.049805 0.077148
0 0.525391 0.675781 0.073242 0.047852
