0 0.267578 0.333008 0.087891 0.080078
0 0.915039 0.479492 0.0625 0.094727
0 0.655273 0.375977 0.080078 0.073242
0 0.577148 0.366211 0.080078 0.067383
0 0.063477 0.395508 0.109375 0.085938
0 0.87207 0.049805 0.073242 0.0625
0 0.55957 0.129883 0.080078 0.114258
0 0.289062 0.852539 0.085938 0.069336
0 0.389648 0.402344 0.106445 0.044922
0 0.267578 0.169922 0.112305 0.09082
0 0.452148 0.841797 0.112305 0.060547
0 0.955078 0.885742 0.088867 0.080078
0 0.969727 0.735352 0.05957 0.051758
0 0.711914 0.691406 0.050781 0.140625
0 0.323242 0.561523 0.09082 0.041992
0 0.818359 0.482422 0.067383 0.067383
0 0.160156 0.234375 0.112305 0.063477
0 0.388672 0.0625 0.09375 0.043945
0 0.050781 0.635742 0.102539 0.046875
0 0.545898 0.439453 0.101562 0.103516
0 0.560547 0.720703 0.131836 0.083008
0 0.483398 0.96582 0.082031 0.068359
0 0.770508 0.210938 0.118164 0.100586
0 0.490234 0.734375 0.119141 0.074219
0 0.103516 0.120117 0.106445 0.086914
0 0.431641 0.899414 0.108398 0.069336
0 0.095703 0.516602 0.114258 0.069336
0 0.100586 0.541992 0.108398 0.066406
0 0.260742 0.095703 0.098633 0.042969
0 0.542969 0.244141 0.083984 0.039062
0 0.869141 0.545898 0.138672 0.087891
0 0.107422 0.914062 0.144531 0.057617
0 0.620117 0.532227 0.069336 0.052734
0 0.193359 0.365234 0.128906 0.142578
0 0.519531 0.384766 0.060547 0.058594
0 0.28418 0.762695 0.134766 0.069336
0 0.563477 0.53418 0.098633 0.060547
0 0.790039 0.875977 0.081055 0.048828
0 0.099609 0.085938 0.158203 0.098633
0 0.201172 0.014648 0.081055 0.027344
0 0.771484 0.550781 0.140625 0.054688
0 0.624023 0.206055 0.064453 0.069336
0 0.205078 0.517578 0.138672 0.091797
0 0.822266 0.917969 0.083008 0.050781
0 0.668945 0.512695 0.141602 0.047852
0 0.039062 0.696289 0.079102 0.045898
0 0.050781 0.342773 0.102539 0.053711
0 0.920898 0.555664 0.158203 0.125
0 0.201172 0.198242 0.166016 0.066406
0 0.954102 0.317383 0.052734 0.068359
0 0.202148 0.764648 0.149414 0.072266
0 0.974609 0.44043 0.049805 0.040039
0 0.446289 0.679688 0.125 0.037109
0 0.459961 0.882812 0.09375 0.044922
0 0.620117 0.290039 0.094727 0.051758
0 0.456055 0.022461 0.054688 0.045898
0 0.120117 0.780273 0.107422 0.05957
0 0.102539 0.791016 0.092773 0.099609
0 0.039062 0.821289 0.079102 0.043945
0 0.853516 0.301758 0.107422 0.044922
0 0.873047 0.958008 0.075195 0.043945
0 0.051758 0.910156 0.050781 0.061523
0 0.019531 0.273438 0.039062 0.040039
0 0.046875 0.530273 0.09375 0.074219
0 0.986328 0.866211 0.027344 0.051758
0 0.425781 0.661133 0.109375 0.037109
0 0.453125 0.785156 0.083008 0.038086
0 0.158203 0.152344 0.060547 0.056641
0 0.591797 0.288086 0.088867 0.039062
0 0.505859 0.49707 0.098633 0.052734
0 0.370117 0.030273 0.085938 0.060547
0 0.026367 0.856445 0.052734 0.038086
0 0.541992 0.898438 0.05957 0.051758
0 0.588867 0.867188 0.0625 0.045898
0 0.574219 0.108398 0.046875 0.055664
0 0.175781 0.816406 0.101562 0.052734
0 0.433594 0.470703 0.104492 0.056641
0 0.818359 0.274414 0.067383 0.042969
