0 0.665039 0.495117 0.088867 0.123047
0 0.629883 0.235352 0.073242 0.141602
0 0.750977 0.193359 0.072266 0.087891
0 0.852539 0.229492 0.121094 0.102539
0 0.894531 0.173828 0.092773 0.083984
0 0.876953 0.064453 0.052734 0.0625
0 0.916016 0.945312 0.051758 0.108398
0 0.28125 0.037109 0.087891 0.075195
0 0.963867 0.938477 0.058594 0.069336
0 0.920898 0.87207 0.077148 0.073242
0 0.849609 0.701172 0.064453 0.097656
0 0.836914 0.603516 0.099609 0.103516
0 0.928711 0.643555 0.141602 0.151367
0 0.888672 0.496094 0.061523 0.064453
0 0.911133 0.383789 0.076172 0.046875
0 0.959961 0.24707 0.080078 0.054688
0 0.513672 0.753906 0.092773 0.147461
0 0.511719 0.873047 0.079102 0.177734
0 0.46582 0.860352 0.101562 0.080078
0 0.272461 0.804688 0.118164 0.091797
0 0.353516 0.821289 0.123047 0.117188
0 0.713867 0.708008 0.110352 0.124023
0 0.55957 0.651367 0.041992 0.047852
0 0.542969 0.473633 0.06543 0.049805
0 0.491211 0.414062 0.081055 0.047852
0 0.394531 0.53125 0.133789 0.058594
0 0.399414 0.636719 0.053711 0.094727
0 0.803711 0.929688 0.083984 0.079102
0 0.412109 0.233398 0.057617 0.116211
0 0.463867 0.248047 0.058594 0.061523
0 0.50293 0.131836 0.074219 0.069336
0 0.595703 0.082031 0.149414 0.060547
0 0.573242 0.012695 0.111328 0.025391
0 0.09668 0.133789 0.098633 0.0625
0 0.09082 0.056641 0.144531 0.0625
0 0.068359 0.317383 0.137695 0.06543
0 0.200195 0.327148 0.124023 0.109375
0 0.257812 0.263672 0.137695 0.106445
0 0.302734 0.464844 0.077148 0.0625
0 0.131836 0.595703 0.087891 0.088867
0 0.032227 0.683594 0.06543 0.056641
0 0.050781 0.77832 0.060547 0.147461
0 0.101562 0.84375 0.066406 0.067383
0 0.225586 0.848633 0.079102 0.099609
0 0.348633 0.966797 0.094727 0.066406
0 0.03418 0.907227 0.068359 0.099609
0 0.72168 0.948242 0.052734 0.06543
0 0.234375 0.682617 0.0625 0.083984
