0 0.928711 0.716797 0.05957 0.053711
0 0.942383 0.763672 0.053711 0.046875
0 0.782227 0.470703 0.088867 0.069336
0 0.625977 0.635742 0.0625 0.049805
0 0.561523 0.716797 0.079102 0.061523
0 0.759766 0.831055 0.075195 0.074219
0 0.71582 0.917969 0.076172 0.081055
0 0.386719 0.834961 0.081055 0.072266
0 0.31543 0.738281 0.069336 0.048828
0 0.50293 0.679688 0.151367 0.068359
0 0.461914 0.578125 0.069336 0.073242
0 0.444336 0.642578 0.080078 0.069336
0 0.391602 0.588867 0.069336 0.061523
0 0.423828 0.520508 0.109375 0.076172
0 0.500977 0.486328 0.077148 0.068359
0 0.414062 0.431641 0.085938 0.067383
0 0.291016 0.550781 0.073242 0.078125
0 0.408203 0.258789 0.09668 0.06543
0 0.448242 0.1875 0.073242 0.055664
0 0.207031 0.206055 0.152344 0.077148
0 0.145508 0.041016 0.087891 0.083008
0 0.96875 0.030273 0.0625 0.060547
0 0.985352 0.139648 0.029297 0.071289
0 0.9375 0.137695 0.086914 0.072266
0 0.94043 0.199219 0.067383 0.06543
0 0.961914 0.270508 0.075195 0.0625
0 0.823242 0.181641 0.050781 0.06543
0 0.857422 0.162109 0.058594 0.063477
0 0.834961 0.083008 0.058594 0.081055
0 0.762695 0.020508 0.072266 0.041992
0 0.255859 0.962891 0.09082 0.072266
0 0.111328 0.94043 0.148438 0.092773
0 0.021484 0.936523 0.042969 0.058594
0 0.055664 0.71582 0.079102 0.068359
0 0.134766 0.698242 0.094727 0.061523
0 0.056641 0.568359 0.068359 0.052734
0 0.114258 0.625977 0.089844 0.051758
0 0.172852 0.494141 0.060547 0.063477
0 0.074219 0.456055 0.102539 0.129883
0 0.101562 0.363281 0.118164 0.070312
0 0.183594 0.535156 0.052734 0.048828
0 0.267578 0.65332 0.0625 0.063477
0 0.487305 0.963867 0.040039 0.029297
0 0.290039 0.595703 0.042969 0.030273
0 0.87793 0.05957 0.047852 0.068359
0 0.932617 0.087891 0.072266 0.056641
