0 0.740234 0.398438 0.125 0.117188
0 0.862305 0.527344 0.115234 0.100586
0 0.041992 0.646484 0.084961 0.129883
0 0.431641 0.176758 0.123047 0.125
0 0.754883 0.751953 0.133789 0.085938
0 0.53125 0.243164 0.089844 0.115234
0 0.499023 0.802734 0.133789 0.125977
0 0.053711 0.442383 0.094727 0.099609
0 0.296875 0.158203 0.097656 0.077148
0 0.84668 0.192383 0.219727 0.214844
0 0.899414 0.87207 0.150391 0.155273
0 0.490234 0.672852 0.160156 0.112305
0 0.351562 0.042969 0.1875 0.084961
0 0.954102 0.688477 0.084961 0.117188
0 0.948242 0.548828 0.095703 0.072266
0 0.728516 0.041016 0.162109 0.078125
0 0.518555 0.037109 0.162109 0.070312
0 0.935547 0.03418 0.12207 0.06543
0 0.050781 0.780273 0.091797 0.075195
