0 0.244141 0.017578 0.063477 0.036133
0 0.356445 0.054688 0.048828 0.06543
0 0.932617 0.094727 0.047852 0.109375
0 0.97168 0.091797 0.056641 0.126953
0 0.22168 0.164062 0.136719 0.101562
0 0.204102 0.272461 0.098633 0.115234
0 0.474609 0.261719 0.086914 0.079102
0 0.56543 0.241211 0.067383 0.081055
0 0.589844 0.369141 0.069336 0.063477
0 0.31543 0.480469 0.105469 0.071289
0 0.176758 0.542969 0.095703 0.105469
0 0.052734 0.571289 0.09375 0.118164
0 0.768555 0.335938 0.088867 0.138672
0 0.834961 0.261719 0.048828 0.075195
0 0.899414 0.385742 0.064453 0.095703
0 0.936523 0.932617 0.102539 0.103516
0 0.779297 0.905273 0.082031 0.099609
0 0.524414 0.891602 0.158203 0.100586
0 0.652344 0.930664 0.098633 0.138672
0 0.116211 0.885742 0.088867 0.06543
0 0.18457 0.936523 0.098633 0.083008
0 0.043945 0.953125 0.087891 0.057617
0 0.649414 0.119141 0.126953 0.084961
