0 0.043945 0.089844 0.087891 0.150391
0 0.241211 0.116211 0.084961 0.097656
0 0.112305 0.208984 0.081055 0.06543
0 0.211914 0.275391 0.061523 0.066406
0 0.25293 0.425781 0.104492 0.101562
0 0.386719 0.538086 0.166992 0.130859
0 0.083984 0.543945 0.115234 0.071289
0 0.017578 0.672852 0.036133 0.063477
0 0.058594 0.867188 0.118164 0.155273
0 0.012695 0.732422 0.026367 0.071289
0 0.241211 0.737305 0.077148 0.088867
0 0.500977 0.679688 0.261719 0.105469
0 0.642578 0.557617 0.082031 0.103516
0 0.467773 0.401367 0.101562 0.176758
0 0.545898 0.134766 0.075195 0.083008
0 0.383789 0.180664 0.081055 0.094727
0 0.455078 0.056641 0.069336 0.113281
0 0.666016 0.169922 0.06543 0.09668
0 0.801758 0.324219 0.119141 0.238281
0 0.852539 0.588867 0.132812 0.113281
0 0.794922 0.649414 0.085938 0.103516
0 0.716797 0.744141 0.172852 0.09082
0 0.574219 0.805664 0.073242 0.063477
0 0.428711 0.864258 0.071289 0.117188
0 0.300781 0.948242 0.09375 0.089844
0 0.210938 0.979492 0.107422 0.041016
0 0.769531 0.869141 0.125 0.131836
0 0.90625 0.983398 0.073242 0.033203
0 0.978516 0.852539 0.042969 0.109375
0 0.966797 0.720703 0.066406 0.119141
0 0.925781 0.231445 0.084961 0.082031
0 0.956055 0.063477 0.086914 0.094727
