0 0.209961 0.030273 0.058594 0.061523
0 0.114258 0.547852 0.077148 0.082031
0 0.178711 0.456055 0.061523 0.06543
0 0.056641 0.387695 0.055664 0.075195
0 0.30957 0.34375 0.12793 0.089844
0 0.240234 0.28418 0.081055 0.0625
0 0.219727 0.225586 0.055664 0.066406
0 0.371094 0.500977 0.138672 0.104492
0 0.40625 0.442383 0.082031 0.066406
0 0.447266 0.37793 0.0625 0.068359
0 0.50293 0.34082 0.064453 0.061523
0 0.243164 0.706055 0.080078 0.103516
0 0.060547 0.946289 0.049805 0.052734
0 0.057617 0.888672 0.092773 0.06543
0 0.469727 0.091797 0.064453 0.070312
0 0.74707 0.02832 0.075195 0.057617
0 0.859375 0.027344 0.061523 0.055664
0 0.692383 0.347656 0.068359 0.061523
0 0.59082 0.426758 0.075195 0.0625
0 0.696289 0.513672 0.077148 0.05957
0 0.595703 0.625977 0.098633 0.114258
0 0.761719 0.639648 0.064453 0.091797
0 0.897461 0.504883 0.070312 0.05957
0 0.591797 0.956055 0.083984 0.080078
0 0.84082 0.90625 0.142578 0.082031
0 0.80957 0.969727 0.09668 0.060547
0 0.868164 0.966797 0.073242 0.048828
0 0.966797 0.946289 0.066406 0.061523
0 0.977539 0.370117 0.041992 0.073242
0 0.966797 0.509766 0.05957 0.0625
0 0.03418 0.524414 0.068359 0.058594
0 0.988281 0.549805 0.022461 0.060547
