0 0.475586 0.944336 0.109375 0.105469
0 0.294922 0.9375 0.077148 0.125
0 0.106445 0.822266 0.092773 0.172852
0 0.310547 0.790039 0.069336 0.119141
0 0.15918 0.654297 0.068359 0.078125
0 0.157227 0.191406 0.130859 0.092773
0 0.026367 0.144531 0.052734 0.066406
0 0.073242 0.049805 0.121094 0.095703
0 0.274414 0.055664 0.068359 0.067383
0 0.322266 0.265625 0.06543 0.082031
0 0.546875 0.318359 0.077148 0.077148
0 0.614258 0.323242 0.069336 0.067383
0 0.670898 0.298828 0.067383 0.049805
0 0.761719 0.386719 0.128906 0.083008
0 0.707031 0.520508 0.130859 0.076172
0 0.568359 0.646484 0.103516 0.175781
0 0.514648 0.729492 0.081055 0.109375
0 0.303711 0.532227 0.174805 0.080078
0 0.336914 0.431641 0.070312 0.088867
0 0.847656 0.688477 0.142578 0.075195
0 0.861328 0.634766 0.102539 0.05957
0 0.861328 0.794922 0.138672 0.128906
0 0.883789 0.506836 0.103516 0.049805
0 0.84375 0.543945 0.091797 0.047852
0 0.792969 0.124023 0.092773 0.161133
0 0.887695 0.128906 0.077148 0.12793
0 0.917969 0.235352 0.100586 0.06543
