0 0.979492 0.12207 0.040039 0.044922
0 0.699219 0.09082 0.072266 0.064453
0 0.411133 0.048828 0.056641 0.043945
0 0.297852 0.110352 0.06543 0.05957
0 0.107422 0.102539 0.041992 0.050781
0 0.506836 0.152344 0.0625 0.045898
0 0.076172 0.293945 0.06543 0.041992
0 0.142578 0.197266 0.079102 0.06543
0 0.196289 0.318359 0.049805 0.049805
0 0.130859 0.336914 0.05957 0.027344
0 0.280273 0.235352 0.101562 0.061523
0 0.425781 0.246094 0.077148 0.051758
0 0.458008 0.244141 0.064453 0.041992
0 0.482422 0.293945 0.036133 0.043945
0 0.426758 0.321289 0.061523 0.035156
0 0.431641 0.339844 0.073242 0.047852
0 0.492188 0.364258 0.088867 0.067383
0 0.373047 0.429688 0.085938 0.0625
0 0.59668 0.263672 0.079102 0.053711
0 0.667969 0.249023 0.071289 0.098633
0 0.78418 0.296875 0.098633 0.064453
0 0.78125 0.296875 0.039062 0.057617
0 0.805664 0.383789 0.064453 0.050781
0 0.74707 0.364258 0.049805 0.058594
0 0.708008 0.349609 0.046875 0.094727
0 0.766602 0.460938 0.054688 0.12793
0 0.954102 0.520508 0.041016 0.085938
0 0.960938 0.399414 0.045898 0.09375
0 0.963867 0.328125 0.063477 0.087891
0 0.973633 0.583984 0.051758 0.077148
0 0.864258 0.818359 0.057617 0.05957
0 0.868164 0.861328 0.064453 0.056641
0 0.652344 0.857422 0.058594 0.060547
0 0.599609 0.869141 0.05957 0.051758
0 0.567383 0.773438 0.070312 0.070312
0 0.411133 0.748047 0.060547 0.05957
0 0.250977 0.673828 0.066406 0.061523
0 0.145508 0.724609 0.073242 0.079102
0 0.186523 0.959961 0.054688 0.079102
0 0.148438 0.941406 0.084961 0.0625
