0 0.15918 0.233398 0.120117 0.132812
0 0.620117 0.894531 0.086914 0.054688
0 0.245117 0.426758 0.086914 0.080078
0 0.574219 0.951172 0.139648 0.075195
0 0.289062 0.5 0.05957 0.077148
0 0.652344 0.666992 0.125 0.070312
0 0.632812 0.554688 0.102539 0.070312
0 0.094727 0.976562 0.089844 0.045898
0 0.672852 0.262695 0.118164 0.131836
0 0.71582 0.119141 0.087891 0.080078
0 0.708008 0.489258 0.083008 0.05957
0 0.267578 0.570312 0.102539 0.067383
0 0.150391 0.820312 0.147461 0.12207
0 0.836914 0.698242 0.089844 0.091797
0 0.282227 0.6875 0.105469 0.067383
0 0.350586 0.620117 0.132812 0.083008
0 0.401367 0.731445 0.094727 0.069336
0 0.566406 0.082031 0.145508 0.099609
0 0.02832 0.253906 0.056641 0.05957
0 0.02832 0.960938 0.056641 0.078125
0 0.015625 0.517578 0.032227 0.083008
0 0.941406 0.583008 0.069336 0.072266
0 0.011719 0.899414 0.024414 0.095703
0 0.941406 0.74707 0.104492 0.105469
0 0.248047 0.142578 0.072266 0.083008
0 0.348633 0.099609 0.0625 0.095703
0 0.543945 0.191406 0.084961 0.075195
0 0.755859 0.757812 0.136719 0.0625
0 0.12793 0.046875 0.192383 0.094727
0 0.086914 0.739258 0.060547 0.049805
0 0.449219 0.381836 0.080078 0.070312
0 0.644531 0.797852 0.054688 0.057617
0 0.251953 0.076172 0.140625 0.084961
0 0.022461 0.608398 0.045898 0.073242
0 0.873047 0.957031 0.107422 0.085938
0 0.269531 0.742188 0.064453 0.070312
0 0.461914 0.560547 0.075195 0.087891
0 0.94043 0.480469 0.118164 0.077148
0 0.77832 0.400391 0.113281 0.0625
0 0.863281 0.03418 0.191406 0.06543
0 0.300781 0.363281 0.052734 0.068359
0 0.943359 0.887695 0.107422 0.067383
0 0.670898 0.017578 0.082031 0.032227
0 0.710938 0.382812 0.123047 0.077148
0 0.943359 0.384766 0.107422 0.105469
0 0.111328 0.885742 0.120117 0.082031
0 0.802734 0.945312 0.086914 0.047852
0 0.12207 0.80957 0.064453 0.070312
0 0.28418 0.611328 0.055664 0.104492
0 0.925781 0.349609 0.052734 0.070312
0 0.239258 0.363281 0.084961 0.072266
0 0.200195 0.356445 0.032227 0.030273
0 0.526367 0.051758 0.149414 0.05957
0 0.978516 0.043945 0.042969 0.030273
0 0.941406 0.027344 0.117188 0.054688
