0 0.661133 0.932617 0.109375 0.058594
0 0.460938 0.229492 0.09668 0.076172
0 0.512695 0.556641 0.072266 0.064453
0 0.106445 0.084961 0.117188 0.052734
0 0.041016 0.297852 0.081055 0.0625
0 0.177734 0.251953 0.083984 0.054688
0 0.172852 0.651367 0.078125 0.094727
0 0.361328 0.791992 0.086914 0.057617
0 0.431641 0.260742 0.103516 0.046875
0 0.149414 0.141602 0.131836 0.054688
0 0.141602 0.025391 0.099609 0.046875
0 0.729785 0.161133 0.078125 0.051758
0 0.549805 0.388672 0.110352 0.045898
0 0.636719 0.146484 0.060547 0.107422
0 0.692383 0.856445 0.082031 0.053711
0 0.792969 0.045898 0.103516 0.060547
0 0.264648 0.053711 0.106445 0.044922
0 0.714844 0.279297 0.075195 0.066406
0 0.495117 0.603516 0.084961 0.042969
0 0.304688 0.290039 0.085938 0.035156
0 0.828125 0.767578 0.107422 0.043945
0 0.22168 0.603516 0.121094 0.052734
0 0.084961 0.875977 0.082031 0.041016
0 0.371094 0.652344 0.126953 0.053711
0 0.254883 0.566406 0.104492 0.054688
0 0.90918 0.556641 0.042969 0.083008
0 0.053711 0.947266 0.091797 0.040039
0 0.910156 0.083984 0.104492 0.068359
0 0.549805 0.300781 0.084961 0.064453
0 0.8125 0.423828 0.0625 0.038086
0 0.449219 0.110352 0.117188 0.102539
0 0.6875 0.327148 0.064453 0.068359
0 0.380859 0.708008 0.081055 0.054688
0 0.904297 0.397461 0.053711 0.039062
0 0.888672 0.551758 0.043945 0.079102
0 0.048828 0.696289 0.080078 0.03125
0 0.435547 0.706055 0.086914 0.045898
0 0.256836 0.396484 0.078125 0.029297
0 0.038086 0.984375 0.077148 0.030273
0 0.626953 0.429688 0.076172 0.038086
0 0.050781 0.666016 0.09082 0.029297
0 0.666016 0.538086 0.052734 0.051758
0 0.691406 0.011719 0.066406 0.024414
0 0.549805 0.735352 0.079102 0.044922
0 0.126953 0.708008 0.053711 0.040039
0 0.227539 0.066406 0.056641 0.051758
0 0.925781 0.788086 0.147461 0.115234
0 0.306641 0.011719 0.086914 0.023438
0 0.03125 0.723633 0.0625 0.036133
0 0.733398 0.411133 0.101562 0.046875
0 0.948242 0.243164 0.097656 0.032227
0 0.189453 0.84375 0.073242 0.025391
0 0.332031 0.444336 0.094727 0.039062
0 0.867188 0.871094 0.032227 0.053711
0 0.96875 0.950195 0.061523 0.043945
0 0.30957 0.801758 0.083008 0.045898
0 0.1875 0.976562 0.102539 0.042969
0 0.375977 0.839844 0.110352 0.038086
0 0.026367 0.032227 0.053711 0.048828
0 0.017578 0.594727 0.03418 0.032227
0 0.289062 0.700195 0.0625 0.035156
0 0.022461 0.060547 0.044922 0.033203
0 0.759766 0.503906 0.082031 0.0625
0 0.619141 0.753906 0.047852 0.027344
0 0.6875 0.637695 0.056641 0.039062
0 0.944336 0.21582 0.083984 0.033203
0 0.15918 0.167969 0.09668 0.049805
0 0.798828 0.307617 0.083984 0.047852
0 0.900391 0.055664 0.106445 0.041992
0 0.759766 0.474609 0.130859 0.098633
0 0.236328 0.893555 0.033203 0.047852
0 0.945312 0.963867 0.09668 0.02832
0 0.533203 0.652344 0.128906 0.050781
0 0.016602 0.15918 0.033203 0.033203
0 0.023438 0.382812 0.044922 0.025391
0 0.290039 0.606445 0.095703 0.06543
0 0.805664 0.579102 0.142578 0.051758
0 0.65918 0.183594 0.055664 0.029297
0 0.876953 0.023438 0.058594 0.047852
0 0.140625 0.408203 0.126953 0.043945
0 0.152344 0.96875 0.088867 0.042969
0 0.130859 0.673828 0.058594 0.046875
0 0.717773 0.308594 0.072266 0.035156
0 0.78125 0.584961 0.163086 0.063477
