0 0.041992 0.280273 0.074219 0.12207
0 0.083984 0.764648 0.120117 0.115234
0 0.032227 0.90918 0.064453 0.06543
0 0.12793 0.552734 0.092773 0.073242
0 0.052734 0.969727 0.077148 0.054688
0 0.126953 0.47168 0.144531 0.069336
0 0.023438 0.037109 0.046875 0.064453
0 0.03418 0.624023 0.067383 0.067383
0 0.03125 0.819336 0.0625 0.060547
0 0.085938 0.535156 0.097656 0.083008
0 0.96875 0.912109 0.0625 0.070312
0 0.729492 0.682617 0.050781 0.041992
0 0.948242 0.725586 0.102539 0.077148
0 0.959961 0.599609 0.080078 0.044922
0 0.946289 0.268555 0.070312 0.036133
