0 0.415039 0.335938 0.250977 0.073242
0 0.889648 0.125977 0.142578 0.117188
0 0.032227 0.411133 0.064453 0.106445
0 0.634766 0.166016 0.254883 0.125977
0 0.553711 0.388672 0.191406 0.091797
0 0.183594 0.520508 0.134766 0.081055
0 0.72168 0.087891 0.085938 0.073242
0 0.133789 0.957031 0.120117 0.084961
0 0.089844 0.833008 0.166992 0.092773
0 0.974609 0.43457 0.050781 0.077148
0 0.132812 0.294922 0.091797 0.135742
0 0.525391 0.603516 0.072266 0.083008
0 0.927734 0.083008 0.130859 0.110352
0 0.818359 0.067383 0.138672 0.073242
0 0.730469 0.333008 0.106445 0.157227
0 0.117188 0.732422 0.234375 0.05957
0 0.670898 0.557617 0.228516 0.137695
0 0.245117 0.40918 0.06543 0.120117
0 0.72168 0.432617 0.067383 0.074219
0 0.493164 0.15918 0.150391 0.060547
0 0.62207 0.069336 0.092773 0.115234
0 0.511719 0.049805 0.098633 0.100586
