0 0.045898 0.032227 0.092773 0.06543
0 0.155273 0.066406 0.094727 0.099609
0 0.658203 0.025391 0.091797 0.051758
0 0.922852 0.045898 0.119141 0.083984
0 0.87793 0.275391 0.124023 0.102539
0 0.952148 0.30957 0.073242 0.066406
0 0.859375 0.384766 0.086914 0.048828
0 0.486328 0.186523 0.079102 0.092773
0 0.605469 0.165039 0.074219 0.09082
0 0.586914 0.109375 0.058594 0.066406
0 0.420898 0.137695 0.099609 0.06543
0 0.293945 0.09668 0.081055 0.06543
0 0.124023 0.352539 0.085938 0.116211
0 0.375 0.341797 0.09375 0.087891
0 0.03125 0.324219 0.049805 0.05957
0 0.035156 0.96582 0.071289 0.067383
0 0.19043 0.942383 0.09082 0.114258
0 0.349609 0.794922 0.085938 0.102539
0 0.411133 0.69043 0.09668 0.126953
0 0.457031 0.524414 0.083984 0.083984
0 0.506836 0.568359 0.072266 0.075195
0 0.570312 0.620117 0.100586 0.073242
0 0.583008 0.473633 0.101562 0.06543
0 0.621094 0.518555 0.071289 0.084961
0 0.891602 0.572266 0.121094 0.078125
0 0.960938 0.628906 0.078125 0.071289
0 0.574219 0.897461 0.083984 0.080078
0 0.860352 0.970703 0.114258 0.057617
0 0.791016 0.839844 0.066406 0.055664
0 0.612305 0.734375 0.058594 0.040039
0 0.073242 0.882812 0.080078 0.069336
0 0.490234 0.733398 0.069336 0.06543
0 0.676758 0.530273 0.054688 0.069336
0 0.383789 0.070312 0.070312 0.068359
