0 0.351562 0.519531 0.100586 0.074219
0 0.076172 0.303711 0.125 0.111328
0 0.302734 0.956055 0.083008 0.072266
0 0.50293 0.71582 0.056641 0.0625
0 0.99707 0.164062 0.005859 0.094727
0 0.404297 0.783203 0.080078 0.078125
0 0.426758 0.713867 0.080078 0.05957
0 0.902344 0.84668 0.089844 0.084961
0 0.362305 0.413086 0.084961 0.069336
0 0.25293 0.84082 0.083008 0.053711
0 0.251953 0.342773 0.069336 0.067383
0 0.425781 0.319336 0.068359 0.070312
0 0.961914 0.736328 0.070312 0.055664
0 0.960938 0.280273 0.077148 0.083008
0 0.958008 0.088867 0.083008 0.094727
0 0.512695 0.444336 0.056641 0.060547
0 0.460938 0.249023 0.082031 0.079102
0 0.407227 0.182617 0.05957 0.09668
0 0.494141 0.605469 0.069336 0.064453
0 0.886719 0.59082 0.075195 0.056641
0 0.442383 0.647461 0.047852 0.039062
0 0.876953 0.157227 0.066406 0.056641
0 0.379883 0.625977 0.058594 0.055664
0 0.310547 0.75 0.082031 0.067383
0 0.220703 0.654297 0.067383 0.070312
0 0.165039 0.430664 0.092773 0.072266
0 0.351562 0.703125 0.069336 0.057617
0 0.216797 0.452148 0.080078 0.064453
0 0.342773 0.110352 0.05957 0.053711
0 0.606445 0.283203 0.068359 0.049805
0 0.324219 0.037109 0.075195 0.070312
