0 0.609375 0.545898 0.061523 0.095703
0 0.286133 0.045898 0.058594 0.092773
0 0.249023 0.475586 0.071289 0.086914
0 0.091797 0.871094 0.076172 0.061523
0 0.301758 0.285156 0.083008 0.057617
0 0.025391 0.800781 0.051758 0.06543
0 0.570312 0.962891 0.038086 0.069336
0 0.441406 0.078125 0.09082 0.132812
0 0.512695 0.735352 0.081055 0.080078
0 0.615234 0.669922 0.069336 0.061523
0 0.321289 0.237305 0.081055 0.083984
0 0.385742 0.158203 0.100586 0.071289
0 0.070312 0.274414 0.103516 0.074219
0 0.543945 0.382812 0.039062 0.103516
0 0.009766 0.597656 0.019531 0.054688
0 0.237305 0.072266 0.03418 0.095703
0 0.415039 0.949219 0.099609 0.067383
0 0.326172 0.524414 0.027344 0.070312
0 0.34082 0.833008 0.082031 0.069336
0 0.010742 0.717773 0.022461 0.087891
0 0.769531 0.856445 0.078125 0.09668
0 0.915039 0.09082 0.047852 0.070312
0 0.479492 0.033203 0.064453 0.05957
0 0.154297 0.485352 0.100586 0.078125
0 0.387695 0.240234 0.024414 0.098633
0 0.662109 0.447266 0.050781 0.080078
0 0.875 0.253906 0.049805 0.043945
0 0.84668 0.923828 0.02832 0.06543
0 0.498047 0.642578 0.029297 0.076172
0 0.595703 0.271484 0.03418 0.056641
0 0.97168 0.256836 0.049805 0.042969
0 0.404297 0.540039 0.055664 0.051758
0 0.933594 0.888672 0.046875 0.061523
0 0.009766 0.55957 0.020508 0.032227
0 0.898438 0.546973 0.095801 0.047559
0 0.157227 0.707031 0.069336 0.042969
0 0.547852 0.53125 0.083984 0.051758
0 0.958984 0.025391 0.049805 0.051758
0 0.723633 0.098633 0.045898 0.068359
0 0.984375 0.591797 0.03125 0.09082
0 0.694336 0.634766 0.047852 0.09668
0 0.576172 0.935547 0.060547 0.049805
0 0.34082 0.953125 0.053711 0.039062
0 0.43457 0.291016 0.054688 0.061523
0 0.920898 0.044922 0.044922 0.079102
0 0.5 0.341797 0.077148 0.091797
0 0.048828 0.166992 0.074219 0.081055
0 0.040039 0.196289 0.070312 0.098633
0 0.024414 0.271484 0.049805 0.048828
0 0.87793 0.727539 0.049805 0.041016
0 0.210938 0.356445 0.055664 0.03418
0 0.795898 0.538086 0.046875 0.047852
0 0.601562 0.353516 0.056641 0.041016
0 0.014648 0.991211 0.030273 0.016602
0 0.487305 0.415039 0.044922 0.063477
0 0.447266 0.640625 0.032227 0.064453
0 0.474609 0.986328 0.036133 0.026367
0 0.987305 0.740234 0.024414 0.052734
0 0.405273 0.698242 0.040039 0.048828
0 0.25293 0.923828 0.05957 0.046875
0 0.488281 0.285156 0.039062 0.0625
0 0.645508 0.173828 0.083984 0.091797
0 0.821289 0.063477 0.045898 0.049805
0 0.555664 0.373047 0.056641 0.072266
0 0.15625 0.751953 0.061523 0.053711
0 0.297852 0.666992 0.052734 0.048828
0 0.664062 0.186523 0.085938 0.061523
0 0.432617 0.886719 0.070312 0.073242
0 0.447266 0.938477 0.055664 0.041016
0 0.582031 0.577148 0.040039 0.036133
