0 0.179688 0.157227 0.123047 0.079102
0 0.101562 0.171875 0.118164 0.138672
0 0.03125 0.058594 0.0625 0.103516
0 0.375977 0.129883 0.075195 0.057617
0 0.289062 0.25293 0.089844 0.054688
0 0.389648 0.310547 0.063477 0.115234
0 0.452148 0.359375 0.06543 0.079102
0 0.538086 0.168945 0.069336 0.060547
0 0.217773 0.50293 0.235352 0.166016
0 0.231445 0.474609 0.079102 0.166016
0 0.043945 0.586914 0.087891 0.077148
0 0.268555 0.664062 0.067383 0.088867
0 0.526367 0.524414 0.101562 0.103516
0 0.402344 0.655273 0.133789 0.185547
0 0.416016 0.71582 0.071289 0.082031
0 0.084961 0.800781 0.170898 0.094727
0 0.060547 0.868164 0.121094 0.09082
0 0.413086 0.879883 0.204102 0.124023
0 0.972656 0.856445 0.054688 0.100586
0 0.913086 0.342773 0.074219 0.109375
0 0.972656 0.458008 0.054688 0.12793
0 0.734375 0.373047 0.075195 0.15625
0 0.652344 0.348633 0.072266 0.199219
0 0.619141 0.271484 0.064453 0.112305
0 0.770508 0.203125 0.057617 0.057617
0 0.582031 0.082031 0.097656 0.05957
0 0.706055 0.110352 0.088867 0.063477
0 0.273438 0.538086 0.050781 0.152344
0 0.662109 0.0625 0.136719 0.119141
0 0.736328 0.178711 0.086914 0.109375
0 0.027344 0.175781 0.054688 0.063477
0 0.633789 0.225586 0.083008 0.076172
0 0.6875 0.050781 0.072266 0.100586
0 0.987305 0.401367 0.025391 0.081055
0 0.649414 0.974609 0.057617 0.050781
0 0.011719 0.654297 0.023438 0.051758
0 0.037109 0.621094 0.074219 0.043945
0 0.086914 0.758789 0.151367 0.063477
