0 0.90918 0.111328 0.095703 0.055664
0 0.828125 0.46875 0.082031 0.110352
0 0.269531 0.776367 0.138672 0.135742
0 0.439453 0.101562 0.125 0.075195
0 0.023438 0.458984 0.046875 0.101562
0 0.058594 0.288086 0.117188 0.082031
0 0.197266 0.080078 0.179688 0.077148
0 0.228516 0.354492 0.117188 0.064453
0 0.083008 0.165039 0.077148 0.067383
0 0.216797 0.25293 0.134766 0.057617
0 0.460938 0.486328 0.117188 0.145508
0 0.788086 0.226562 0.070312 0.040039
0 0.128906 0.260742 0.086914 0.100586
0 0.251953 0.811523 0.089844 0.117188
0 0.30957 0.594727 0.099609 0.105469
0 0.157227 0.56543 0.070312 0.12207
0 0.941406 0.432617 0.104492 0.083008
0 0.873047 0.318359 0.082031 0.078125
0 0.970703 0.225586 0.057617 0.097656
