0 0.824219 0.979492 0.069336 0.035156
0 0.493164 0.917969 0.064453 0.040039
0 0.813477 0.650391 0.041992 0.048828
0 0.84375 0.689453 0.044922 0.041016
0 0.632812 0.618164 0.041016 0.040039
0 0.723633 0.50293 0.057617 0.061523
0 0.874023 0.498047 0.058594 0.049805
0 0.708984 0.407227 0.035156 0.03418
0 0.577148 0.496094 0.043945 0.050781
0 0.608398 0.481445 0.037109 0.036133
0 0.424805 0.439453 0.039062 0.049805
0 0.349609 0.364258 0.061523 0.094727
0 0.350586 0.482422 0.084961 0.050781
0 0.816406 0.333008 0.038086 0.095703
0 0.87207 0.200195 0.036133 0.050781
0 0.851562 0.070312 0.0625 0.066406
0 0.879883 0.094727 0.048828 0.061523
0 0.685547 0.0625 0.036133 0.036133
0 0.591797 0.115234 0.063477 0.055664
0 0.052734 0.112305 0.087891 0.053711
0 0.592773 0.908203 0.047852 0.039062
0 0.201172 0.327148 0.055664 0.057617
0 0.297852 0.027344 0.042969 0.03418
0 0.091797 0.957031 0.088867 0.084961
0 0.176758 0.925781 0.037109 0.039062
0 0.176758 0.837891 0.075195 0.038086
0 0.960938 0.907227 0.056641 0.042969
0 0.283203 0.90625 0.047852 0.041992
0 0.050781 0.845703 0.042969 0.036133
