0 0.600586 0.632812 0.126953 0.137695
0 0.960938 0.544922 0.078125 0.125
0 0.890625 0.494141 0.072266 0.094727
0 0.94043 0.160156 0.0625 0.092773
0 0.175781 0.740234 0.091797 0.102539
0 0.087891 0.232422 0.117188 0.095703
0 0.691406 0.181641 0.104492 0.084961
0 0.913086 0.320312 0.087891 0.051758
0 0.150391 0.429688 0.118164 0.115234
0 0.928711 0.395508 0.084961 0.072266
0 0.706055 0.041992 0.097656 0.083008
0 0.819336 0.895508 0.139648 0.12793
0 0.068359 0.517578 0.087891 0.077148
0 0.163086 0.125 0.107422 0.092773
0 0.607422 0.261719 0.089844 0.084961
0 0.802734 0.631836 0.077148 0.094727
0 0.24707 0.825195 0.09668 0.083008
0 0.802734 0.347656 0.083008 0.086914
0 0.633789 0.958008 0.103516 0.083008
0 0.744141 0.764648 0.084961 0.080078
0 0.060547 0.087891 0.092773 0.086914
0 0.054688 0.945312 0.09668 0.087891
0 0.788086 0.462891 0.077148 0.073242
0 0.117188 0.560547 0.105469 0.097656
0 0.775391 0.688477 0.067383 0.052734
0 0.899414 0.234375 0.070312 0.064453
0 0.864258 0.168945 0.055664 0.076172
