0 0.014648 0.455078 0.030273 0.080078
0 0.075195 0.405273 0.080078 0.071289
0 0.229492 0.326172 0.092773 0.091797
0 0.214844 0.522461 0.080078 0.064453
0 0.311523 0.554688 0.067383 0.055664
0 0.144531 0.647461 0.076172 0.064453
0 0.039062 0.619141 0.070312 0.071289
0 0.150391 0.749023 0.102539 0.083008
0 0.323242 0.688477 0.070312 0.09082
0 0.327148 0.835938 0.087891 0.06543
0 0.270508 0.900391 0.071289 0.069336
0 0.349609 0.929688 0.06543 0.075195
0 0.094727 0.908203 0.116211 0.082031
0 0.727539 0.963867 0.081055 0.072266
0 0.65918 0.935547 0.058594 0.066406
0 0.478516 0.891602 0.064453 0.076172
0 0.404297 0.698242 0.068359 0.064453
0 0.84082 0.6875 0.073242 0.0625
0 0.922852 0.587891 0.072266 0.074219
0 0.975586 0.743164 0.048828 0.076172
0 0.93457 0.495117 0.076172 0.078125
0 0.975586 0.588867 0.048828 0.061523
0 0.897461 0.310547 0.083984 0.107422
0 0.880859 0.222656 0.121094 0.118164
0 0.713867 0.216797 0.071289 0.058594
0 0.646484 0.389648 0.092773 0.134766
0 0.561523 0.320312 0.082031 0.088867
0 0.400391 0.295898 0.092773 0.091797
0 0.482422 0.217773 0.069336 0.100586
0 0.428711 0.141602 0.09082 0.09668
0 0.492188 0.086914 0.069336 0.083008
0 0.993164 0.249023 0.012695 0.077148
0 0.858398 0.100586 0.084961 0.083008
0 0.632812 0.024414 0.075195 0.049805
0 0.825195 0.210938 0.095703 0.069336
0 0.730469 0.282227 0.09375 0.086914
0 0.087891 0.34668 0.085938 0.076172
0 0.137695 0.303711 0.099609 0.053711
