0 0.618164 0.203125 0.137695 0.072266
0 0.023438 0.118164 0.046875 0.107422
0 0.111328 0.633789 0.094727 0.084961
0 0.556641 0.584961 0.075195 0.057617
0 0.100586 0.276367 0.117188 0.06543
0 0.668945 0.664062 0.139648 0.055664
0 0.449219 0.733398 0.100586 0.052734
0 0.833008 0.060547 0.152344 0.0625
0 0.248047 0.765625 0.112305 0.0625
0 0.350586 0.238281 0.157227 0.072266
0 0.713867 0.594727 0.209961 0.070312
0 0.646484 0.279297 0.100586 0.06543
0 0.918945 0.602539 0.120117 0.157227
0 0.793945 0.139648 0.165039 0.070312
0 0.839844 0.490234 0.169922 0.073242
0 0.516602 0.149414 0.094727 0.054688
0 0.693359 0.47168 0.152344 0.055664
0 0.657227 0.855469 0.125 0.107422
0 0.667969 0.773438 0.083008 0.0625
0 0.225586 0.179688 0.097656 0.089844
0 0.913086 0.358398 0.167969 0.267578
0 0.788086 0.540039 0.162109 0.047852
0 0.758789 0.269531 0.110352 0.070312
0 0.789062 0.37793 0.170898 0.067383
0 0.770508 0.228516 0.102539 0.072266
0 0.699219 0.416992 0.115234 0.064453
0 0.191406 0.057617 0.129883 0.092773
0 0.243164 0.044922 0.067383 0.057617
0 0.344727 0.066406 0.080078 0.069336
0 0.270508 0.12793 0.102539 0.077148
0 0.373047 0.194336 0.12207 0.040039
0 0.02832 0.813477 0.056641 0.09668
0 0.425781 0.566406 0.181641 0.030273
0 0.394531 0.585938 0.105469 0.027344
0 0.244141 0.62793 0.094727 0.072266
0 0.246094 0.582031 0.097656 0.080078
0 0.28418 0.541992 0.115234 0.070312
0 0.138672 0.547852 0.049805 0.073242
0 0.244141 0.50293 0.194336 0.072266
0 0.329102 0.444336 0.155273 0.049805
0 0.239258 0.398438 0.125 0.046875
0 0.270508 0.341797 0.117188 0.05957
0 0.34668 0.379883 0.149414 0.102539
0 0.425781 0.416992 0.117188 0.044922
0 0.43457 0.492188 0.115234 0.080078
0 0.628906 0.900391 0.069336 0.198242
0 0.569336 0.512695 0.094727 0.038086
0 0.624023 0.516602 0.09082 0.05957
0 0.681641 0.327148 0.084961 0.054688
0 0.806641 0.436523 0.120117 0.03418
0 0.925781 0.421875 0.142578 0.094727
0 0.405273 0.057617 0.166992 0.102539
0 0.754883 0.135742 0.057617 0.107422
