0 0.539062 0.84375 0.114258 0.084961
0 0.689453 0.939453 0.154297 0.115234
0 0.702148 0.610352 0.150391 0.086914
0 0.036133 0.638672 0.071289 0.109375
0 0.475586 0.705078 0.112305 0.067383
0 0.725586 0.435547 0.167969 0.12793
0 0.658203 0.199219 0.152344 0.104492
0 0.78125 0.836914 0.129883 0.070312
0 0.578125 0.524414 0.117188 0.099609
0 0.854492 0.625977 0.189453 0.126953
0 0.897461 0.720703 0.205078 0.107422
0 0.904297 0.953125 0.164062 0.080078
0 0.75293 0.333984 0.12793 0.09082
0 0.869141 0.306641 0.145508 0.069336
0 0.858398 0.404297 0.162109 0.094727
0 0.795898 0.046875 0.132812 0.075195
0 0.572266 0.270508 0.097656 0.109375
0 0.561523 0.949219 0.109375 0.070312
0 0.94043 0.876953 0.118164 0.064453
0 0.926758 0.511719 0.125 0.089844
0 0.855469 0.491211 0.147461 0.0625
0 0.898438 0.356445 0.132812 0.094727
0 0.87793 0.244141 0.163086 0.084961
0 0.665039 0.162109 0.12793 0.109375
0 0.610352 0.038086 0.086914 0.052734
0 0.520508 0.033203 0.097656 0.0625
0 0.885742 0.09668 0.147461 0.120117
0 0.926758 0.124023 0.134766 0.100586
0 0.71582 0.238281 0.113281 0.072266
