0 0.600586 0.55957 0.087891 0.057617
0 0.955078 0.102539 0.067383 0.083984
0 0.84375 0.799805 0.081055 0.05957
0 0.952148 0.550781 0.077148 0.078125
0 0.138672 0.135742 0.099609 0.094727
0 0.474609 0.318359 0.109375 0.063477
0 0.651367 0.161133 0.081055 0.071289
0 0.601562 0.673828 0.082031 0.0625
0 0.268555 0.81543 0.119141 0.070312
0 0.984375 0.529297 0.03125 0.076172
0 0.292969 0.487305 0.067383 0.072266
0 0.722656 0.508789 0.086914 0.049805
0 0.297852 0.25 0.112305 0.060547
0 0.061523 0.168945 0.12207 0.083008
0 0.169922 0.334961 0.089844 0.083008
0 0.276367 0.575195 0.121094 0.049805
0 0.070312 0.254883 0.095703 0.046875
0 0.201172 0.487305 0.086914 0.066406
0 0.992188 0.669922 0.015625 0.044922
0 0.463867 0.074219 0.083984 0.052734
0 0.033203 0.699219 0.067383 0.063477
0 0.737305 0.763672 0.09375 0.064453
0 0.323242 0.205078 0.083008 0.067383
0 0.335938 0.555664 0.115332 0.049414
0 0.826172 0.422852 0.072266 0.0625
0 0.820312 0.866211 0.076172 0.050781
0 0.137695 0.648438 0.107422 0.03418
0 0.976562 0.905273 0.045898 0.054688
0 0.960938 0.448242 0.051758 0.098633
0 0.654297 0.904297 0.081055 0.03418
0 0.245117 0.229492 0.094727 0.057617
0 0.432617 0.194336 0.087891 0.074219
0 0.036133 0.398438 0.070312 0.051758
0 0.72168 0.37207 0.09082 0.055664
0 0.898438 0.726562 0.081055 0.041016
0 0.466797 0.944336 0.114258 0.0625
0 0.042969 0.549805 0.082031 0.040039
0 0.55957 0.229492 0.088867 0.032227
0 0.930664 0.307617 0.102539 0.162109
0 0.347656 0.162109 0.101562 0.051758
0 0.507812 0.738281 0.063477 0.052734
0 0.232422 0.905273 0.080078 0.029297
0 0.714844 0.157227 0.06543 0.068359
0 0.612305 0.044922 0.094727 0.049805
0 0.841797 0.56543 0.167969 0.048828
0 0.359375 0.669922 0.095703 0.055664
0 0.96582 0.286133 0.067383 0.048828
0 0.424805 0.992188 0.108398 0.015625
0 0.15918 0.976562 0.128906 0.046875
0 0.53125 0.020508 0.054688 0.040039
0 0.597656 0.078125 0.099609 0.037109
0 0.102539 0.327148 0.104492 0.049805
0 0.061523 0.010742 0.063477 0.018555
0 0.761719 0.370117 0.071289 0.043945
0 0.043945 0.988281 0.087891 0.023438
0 0.856445 0.020508 0.039062 0.041992
0 0.730469 0.323242 0.071289 0.066406
0 0.186523 0.569336 0.080078 0.048828
0 0.984375 0.085938 0.03125 0.042969
0 0.404297 0.90625 0.112305 0.051758
0 0.476562 0.416016 0.167969 0.060547
0 0.113281 0.753906 0.09082 0.064453
0 0.256836 0.47168 0.057617 0.071289
0 0.475586 0.688477 0.080078 0.069336
0 0.852539 0.397461 0.069336 0.048828
0 0.241211 0.019531 0.076172 0.019531
0 0.307617 0.918945 0.049805 0.027344
0 0.992188 0.759766 0.015625 0.022461
0 0.473633 0.050781 0.045898 0.027344
0 0.65332 0.890625 0.069336 0.030273
0 0.94043 0.704102 0.047852 0.032227
0 0.802734 0.485352 0.068359 0.082031
0 0.873047 0.618164 0.052734 0.037109
0 0.568359 0.375977 0.056641 0.099609
0 0.509766 0.352539 0.091797 0.053711
0 0.223633 0.181641 0.074219 0.095703
