0 0.770508 0.351562 0.092773 0.06543
0 0.922852 0.701172 0.137695 0.120117
0 0.787109 0.432617 0.125 0.092773
0 0.195312 0.600586 0.077148 0.092773
0 0.448242 0.435547 0.117188 0.057617
0 0.770508 0.958008 0.092773 0.083008
0 0.31543 0.453125 0.117188 0.087891
0 0.797852 0.854492 0.092773 0.080078
0 0.469727 0.489258 0.144531 0.075195
0 0.930664 0.40332 0.137695 0.107422
0 0.631836 0.34668 0.075195 0.075195
0 0.057617 0.541992 0.086914 0.087891
0 0.62793 0.520508 0.086914 0.077148
0 0.036133 0.699219 0.072266 0.094727
0 0.099609 0.37207 0.064453 0.074219
0 0.654297 0.03125 0.0625 0.0625
0 0.168945 0.734375 0.05957 0.060547
0 0.726562 0.050781 0.084961 0.097656
0 0.036133 0.368164 0.072266 0.147461
0 0.637695 0.731445 0.130859 0.087891
0 0.18457 0.874023 0.080078 0.084961
0 0.633789 0.422852 0.094727 0.083008
0 0.707031 0.154297 0.095703 0.070312
0 0.188477 0.677734 0.142578 0.073242
0 0.410156 0.109375 0.103516 0.097656
0 0.962891 0.25 0.073242 0.078125
0 0.239258 0.039062 0.05957 0.075195
0 0.696289 0.256836 0.165039 0.075195
0 0.670898 0.092773 0.0625 0.073242
