0 0.05957 0.691406 0.077148 0.092773
0 0.477539 0.788086 0.112305 0.087891
0 0.952148 0.037109 0.095703 0.075195
0 0.97168 0.952148 0.056641 0.094727
0 0.708008 0.380859 0.166992 0.107422
0 0.52832 0.103516 0.091797 0.142578
0 0.71582 0.723633 0.072266 0.120117
0 0.613281 0.782227 0.082031 0.105469
0 0.083984 0.066406 0.137695 0.075195
0 0.604492 0.02832 0.189453 0.056641
0 0.694336 0.902344 0.235352 0.089844
0 0.725586 0.793945 0.116211 0.148438
0 0.549805 0.935547 0.070312 0.12207
0 0.650391 0.550781 0.176758 0.078125
0 0.422852 0.604492 0.073242 0.140625
0 0.120117 0.146484 0.157227 0.084961
0 0.100586 0.227539 0.087891 0.112305
0 0.613281 0.703125 0.0625 0.0625
0 0.902344 0.858398 0.195312 0.087891
0 0.556641 0.408203 0.114258 0.067383
0 0.691406 0.213867 0.209961 0.084961
0 0.323242 0.639648 0.117188 0.224609
0 0.680664 0.479492 0.067383 0.125
0 0.537109 0.672852 0.070312 0.102539
0 0.541992 0.603516 0.080078 0.072266
0 0.714844 0.605469 0.227539 0.092773
0 0.168945 0.810547 0.102539 0.072266
0 0.776367 0.487305 0.05957 0.115234
0 0.395508 0.865234 0.087891 0.057617
0 0.564453 0.237305 0.134766 0.070312
0 0.052734 0.505859 0.102539 0.125
0 0.166992 0.181641 0.070312 0.114258
0 0.638672 0.326172 0.107422 0.152344
0 0.203125 0.382812 0.097656 0.108398
0 0.047852 0.022461 0.094727 0.044922
0 0.654297 0.191406 0.05957 0.075195
0 0.074219 0.301758 0.054688 0.120117
0 0.691406 0.691406 0.06543 0.084961
0 0.649414 0.46582 0.115234 0.113281
