0 0.146484 0.24707 0.104492 0.109375
0 0.724609 0.44043 0.105469 0.072266
0 0.527344 0.286133 0.080078 0.084961
0 0.5625 0.860352 0.067383 0.0625
0 0.791016 0.916992 0.088867 0.075195
0 0.90332 0.736328 0.072266 0.084961
0 0.314453 0.833984 0.070312 0.055664
0 0.400391 0.411133 0.083008 0.095703
0 0.421875 0.935547 0.067383 0.080078
0 0.645508 0.499023 0.083008 0.05957
0 0.432617 0.216797 0.083008 0.05957
0 0.25293 0.769531 0.072266 0.060547
0 0.337891 0.741211 0.083008 0.084961
0 0.905273 0.173828 0.057617 0.073242
0 0.160156 0.495117 0.077148 0.057617
0 0.422852 0.830078 0.067383 0.057617
0 0.46582 0.490234 0.0625 0.057617
0 0.231445 0.264648 0.075195 0.070312
0 0.291016 0.126953 0.087891 0.115234
0 0.938477 0.317383 0.079102 0.081055
0 0.355469 0.357422 0.097656 0.112305
0 0.358398 0.979492 0.087891 0.040039
0 0.849609 0.663086 0.064453 0.072266
0 0.228516 0.418945 0.087891 0.06543
0 0.12207 0.422852 0.060547 0.0625
0 0.453125 0.604492 0.087891 0.109375
0 0.201172 0.717773 0.075195 0.073242
0 0.915039 0.898438 0.057617 0.078125
0 0.647461 0.708008 0.057617 0.047852
0 0.048828 0.163086 0.098633 0.086914
0 0.463867 0.696289 0.067383 0.087891
0 0.62207 0.0625 0.086914 0.089844
0 0.224609 0.484375 0.060547 0.054688
0 0.136719 0.041992 0.094727 0.064453
0 0.044922 0.583984 0.089844 0.068359
0 0.552734 0.087891 0.077148 0.097656
0 0.494141 0.574219 0.075195 0.056641
0 0.87793 0.625 0.067383 0.057617
0 0.957031 0.366211 0.079102 0.048828
0 0.979492 0.483398 0.040039 0.066406
0 0.333008 0.068359 0.067383 0.0625
0 0.15332 0.020508 0.105469 0.041016
0 0.198242 0.200195 0.056641 0.051758
0 0.253906 0.02832 0.05957 0.052734
0 0.255859 0.161133 0.0625 0.084961
0 0.49707 0.283203 0.044922 0.087891
0 0.394531 0.314453 0.064453 0.074219
0 0.15918 0.803711 0.084961 0.049805
0 0.039062 0.542969 0.079102 0.055664
0 0.833984 0.726562 0.055664 0.069336
