0 0.296875 0.015625 0.101562 0.03125
0 0.911133 0.530273 0.119141 0.078125
0 0.336914 0.625977 0.145508 0.139648
0 0.429688 0.78125 0.110352 0.108398
0 0.766602 0.717773 0.083008 0.111328
0 0.025391 0.644531 0.051758 0.12207
0 0.942383 0.131836 0.114258 0.091797
0 0.475586 0.407227 0.081055 0.098633
0 0.058594 0.916992 0.117188 0.110352
0 0.779297 0.873047 0.106445 0.129883
0 0.382812 0.361328 0.057617 0.139648
0 0.095703 0.447266 0.095703 0.101562
0 0.018555 0.391602 0.037109 0.100586
0 0.101562 0.238281 0.079102 0.088867
0 0.158203 0.59082 0.064453 0.074219
0 0.085938 0.605469 0.066406 0.0625
0 0.138672 0.724609 0.075195 0.069336
0 0.516602 0.62793 0.070312 0.070312
0 0.724609 0.407227 0.06543 0.061523
0 0.34668 0.958984 0.063477 0.082031
0 0.44043 0.950195 0.084961 0.09082
0 0.485352 0.867188 0.067383 0.089844
0 0.914062 0.628906 0.088867 0.075195
0 0.96875 0.708008 0.061523 0.063477
0 0.524414 0.091797 0.072266 0.066406
0 0.62793 0.061523 0.068359 0.117188
0 0.542969 0.026367 0.063477 0.053711
0 0.713867 0.055664 0.073242 0.112305
0 0.827148 0.069336 0.110352 0.074219
0 0.803711 0.248047 0.082031 0.072266
0 0.920898 0.207031 0.157227 0.142578
0 0.994141 0.972656 0.011719 0.053711
0 0.962891 0.073242 0.073242 0.041992
0 0.797852 0.740234 0.085938 0.130859
