0 0.046875 0.21875 0.09375 0.094727
0 0.076172 0.102539 0.088867 0.081055
0 0.232422 0.193359 0.085938 0.177734
0 0.327148 0.071289 0.186523 0.080078
0 0.035156 0.768555 0.071289 0.104492
0 0.209961 0.822266 0.081055 0.069336
0 0.121094 0.974609 0.045898 0.049805
0 0.310547 0.953125 0.116211 0.082031
0 0.375977 0.805664 0.144531 0.152344
0 0.055664 0.586914 0.112305 0.09375
0 0.176758 0.368164 0.067383 0.048828
0 0.273438 0.548828 0.06543 0.212891
0 0.462891 0.577148 0.097656 0.115234
0 0.525391 0.478516 0.088867 0.043945
0 0.630859 0.341797 0.116211 0.076172
0 0.723633 0.683594 0.102539 0.162109
0 0.724609 0.802734 0.12207 0.158203
0 0.723633 0.9375 0.070312 0.125
0 0.912109 0.595703 0.105469 0.105469
0 0.882812 0.771484 0.095703 0.099609
0 0.813477 0.931641 0.12207 0.099609
0 0.935547 0.470703 0.128906 0.15918
0 0.993164 0.40625 0.013672 0.066406
0 0.772461 0.311523 0.080078 0.05957
0 0.586914 0.96875 0.09082 0.0625
0 0.477539 0.974609 0.0625 0.049805
