0 0.694336 0.102539 0.117188 0.057617
0 0.563477 0.492188 0.101562 0.063477
0 0.211914 0.056641 0.105469 0.094727
0 0.424805 0.821289 0.120117 0.054688
0 0.814453 0.772461 0.086914 0.058594
0 0.355469 0.462891 0.094727 0.053711
0 0.853516 0.083984 0.128906 0.077148
0 0.664062 0.125 0.094727 0.045898
0 0.597656 0.28125 0.118164 0.050781
0 0.695312 0.916992 0.130859 0.049805
0 0.466797 0.543945 0.142578 0.063477
0 0.650391 0.443359 0.129883 0.051758
0 0.884766 0.137695 0.137695 0.066406
0 0.135742 0.750977 0.142578 0.077148
0 0.708008 0.517578 0.081055 0.039062
0 0.520508 0.916016 0.101562 0.051758
0 0.123047 0.469727 0.18457 0.086914
0 0.876953 0.488281 0.186523 0.079102
0 0.396484 0.884766 0.149414 0.043945
0 0.270508 0.560547 0.138672 0.061523
0 0.666992 0.189453 0.107422 0.054688
0 0.084961 0.139648 0.125 0.051758
0 0.978516 0.583008 0.042969 0.05957
0 0.551758 0.858398 0.126953 0.03418
0 0.775391 0.551758 0.069336 0.057617
0 0.901367 0.522461 0.15332 0.056641
0 0.374023 0.5 0.141602 0.041992
0 0.582031 0.839844 0.115234 0.041992
0 0.897461 0.25293 0.0625 0.03125
0 0.041992 0.253906 0.083984 0.069336
0 0.333984 0.136719 0.185547 0.068359
0 0.046875 0.839844 0.09375 0.038086
0 0.513672 0.325195 0.074219 0.036133
0 0.145508 0.831055 0.098633 0.030273
0 0.452148 0.181641 0.149414 0.035156
0 0.360352 0.670898 0.133789 0.029297
0 0.261719 0.208008 0.099609 0.046875
0 0.634766 0.589844 0.111328 0.042969
0 0.236328 0.90625 0.128906 0.038086
0 0.136719 0.250977 0.098633 0.03418
0 0.166992 0.630859 0.110352 0.039062
0 0.087891 0.305664 0.161133 0.048828
0 0.735352 0.618164 0.125 0.038086
0 0.095703 0.222656 0.172852 0.025391
0 0.768555 0.891602 0.108398 0.046875
0 0.957031 0.211914 0.070312 0.029297
0 0.275391 0.638672 0.102539 0.02832
0 0.051758 0.989258 0.094727 0.020508
0 0.912109 0.572266 0.129883 0.039062
0 0.303711 0.958008 0.166992 0.061523
0 0.123047 0.700195 0.132812 0.02832
0 0.325195 0.717773 0.144531 0.045898
0 0.088867 0.976562 0.124023 0.030273
0 0.043945 0.326172 0.086914 0.02832
0 0.889648 0.873047 0.151367 0.03418
0 0.796875 0.859375 0.080078 0.036133
0 0.076172 0.923828 0.125977 0.038086
0 0.089844 0.175781 0.170898 0.079102
0 0.864258 0.523438 0.12207 0.02832
0 0.868164 0.901367 0.114258 0.029297
0 0.054688 0.876953 0.107422 0.036133
0 0.061523 0.639648 0.124023 0.105469
0 0.739258 0.837891 0.066406 0.045898
0 0.333984 0.149414 0.149414 0.053711
0 0.290039 0.790039 0.162109 0.046875
0 0.580078 0.181641 0.115234 0.060547
0 0.133789 0.955078 0.197266 0.038086
0 0.067383 0.400391 0.117188 0.048828
0 0.410156 0.860352 0.141602 0.033203
0 0.296875 0.011719 0.054688 0.022461
0 0.486328 0.925781 0.092773 0.039062
0 0.12207 0.746094 0.157227 0.185547
0 0.470703 0.18457 0.084961 0.072266
0 0.65625 0.59082 0.081055 0.053711
0 0.918945 0.857422 0.09375 0.044922
