0 0.71582 0.852539 0.070312 0.063477
0 0.179688 0.362305 0.053711 0.109375
0 0.513672 0.838867 0.057617 0.043945
0 0.487305 0.802734 0.123047 0.033203
0 0.147461 0.702148 0.109375 0.068359
0 0.243164 0.076172 0.089844 0.079102
0 0.557617 0.081055 0.09668 0.0625
0 0.013672 0.408203 0.027344 0.035156
0 0.936523 0.09668 0.09668 0.069336
0 0.05957 0.130859 0.09668 0.079102
0 0.286133 0.34668 0.115234 0.078125
0 0.827148 0.488281 0.086914 0.039062
0 0.165039 0.533203 0.110352 0.055664
0 0.449219 0.12793 0.055664 0.05957
0 0.229492 0.416016 0.070312 0.044922
0 0.866211 0.795898 0.071289 0.054688
0 0.561523 0.819336 0.061523 0.045898
0 0.834961 0.755859 0.056641 0.036133
0 0.692383 0.099609 0.133789 0.083984
0 0.577148 0.066406 0.071289 0.069336
0 0.232422 0.023438 0.112305 0.044922
0 0.699219 0.410156 0.075195 0.053711
0 0.459961 0.484375 0.052734 0.040039
0 0.676758 0.412109 0.09668 0.054688
0 0.457031 0.710938 0.089844 0.092773
0 0.62207 0.283203 0.053711 0.050781
0 0.416992 0.304688 0.113281 0.085938
0 0.856445 0.103516 0.077148 0.064453
0 0.549805 0.132812 0.052734 0.029297
0 0.328125 0.426758 0.058594 0.074219
0 0.958984 0.318359 0.055664 0.0625
0 0.798828 0.429688 0.072266 0.047852
0 0.825195 0.892578 0.086914 0.046875
0 0.754883 0.654297 0.103516 0.085938
0 0.496094 0.09082 0.121094 0.056641
0 0.783203 0.464844 0.123047 0.043945
0 0.130859 0.026367 0.060547 0.051758
0 0.014648 0.666992 0.030273 0.036133
0 0.080078 0.055664 0.073242 0.071289
0 0.743164 0.410156 0.052734 0.041016
0 0.74707 0.838867 0.067383 0.053711
0 0.022461 0.37793 0.044922 0.043945
0 0.793945 0.345703 0.081055 0.06543
0 0.517578 0.396484 0.087891 0.067383
0 0.964844 0.404297 0.069336 0.052734
0 0.936523 0.766602 0.064453 0.077148
0 0.270508 0.693359 0.09668 0.083008
0 0.412109 0.733398 0.097656 0.084961
0 0.646484 0.916992 0.105469 0.102539
0 0.80957 0.841797 0.081055 0.037109
0 0.282227 0.395508 0.051758 0.030273
0 0.878906 0.371094 0.113281 0.055664
0 0.592773 0.013672 0.080078 0.026367
0 0.775391 0.609375 0.045898 0.039062
0 0.086914 0.37207 0.094727 0.058594
0 0.040039 0.299805 0.081055 0.048828
0 0.669922 0.760742 0.069336 0.061523
0 0.023438 0.024414 0.047852 0.047852
0 0.676758 0.689453 0.091797 0.074219
0 0.707031 0.977539 0.075195 0.044922
0 0.510742 0.646484 0.092773 0.05957
0 0.578125 0.248047 0.094727 0.100586
0 0.708984 0.685547 0.052734 0.054688
0 0.037109 0.779297 0.073242 0.057617
0 0.02832 0.828125 0.056641 0.03418
0 0.054688 0.881836 0.110352 0.075195
0 0.162109 0.867188 0.084961 0.056641
0 0.083008 0.982422 0.056641 0.032227
0 0.341797 0.864258 0.056641 0.044922
0 0.166992 0.751953 0.100586 0.03125
0 0.262695 0.766602 0.115234 0.037109
0 0.238281 0.794922 0.057617 0.039062
0 0.283203 0.804688 0.045898 0.035156
0 0.376953 0.836914 0.145508 0.098633
0 0.921875 0.032227 0.049805 0.054688
