0 0.050781 0.93457 0.067383 0.088867
0 0.292969 0.766602 0.071289 0.239258
0 0.144531 0.521484 0.063477 0.152344
0 0.272461 0.482422 0.103516 0.213867
0 0.049805 0.233398 0.100586 0.233398
0 0.041016 0.324219 0.058594 0.123047
0 0.030273 0.424805 0.053711 0.128906
0 0.124023 0.087891 0.094727 0.173828
0 0.179688 0.166992 0.054688 0.113281
0 0.183594 0.375977 0.054688 0.188477
0 0.15625 0.314453 0.087891 0.216797
0 0.126953 0.228516 0.060547 0.1875
0 0.349609 0.280273 0.067383 0.064453
0 0.416992 0.124023 0.094727 0.092773
0 0.442383 0.170898 0.116211 0.124023
0 0.305664 0.329102 0.148438 0.075195
0 0.411133 0.257812 0.109375 0.074219
0 0.455078 0.327148 0.055664 0.129883
0 0.384766 0.355469 0.075195 0.09082
0 0.40918 0.477539 0.1875 0.287109
0 0.47168 0.516602 0.074219 0.120117
0 0.509766 0.46875 0.069336 0.112305
0 0.551758 0.458984 0.0625 0.116211
0 0.600586 0.438477 0.071289 0.114258
0 0.532227 0.611328 0.071289 0.124023
0 0.410156 0.591797 0.053711 0.067383
0 0.546875 0.158203 0.064453 0.260742
0 0.608398 0.231445 0.070312 0.139648
0 0.598633 0.332031 0.0625 0.084961
0 0.667969 0.329102 0.083984 0.09082
0 0.65332 0.538086 0.071289 0.209961
0 0.649414 0.674805 0.134766 0.084961
0 0.71875 0.511719 0.085938 0.066406
0 0.772461 0.526367 0.063477 0.094727
0 0.771484 0.291992 0.124023 0.242188
0 0.732422 0.290039 0.051758 0.084961
0 0.861328 0.235352 0.098633 0.166016
0 0.94043 0.27832 0.113281 0.074219
0 0.850586 0.37207 0.105469 0.105469
0 0.860352 0.460938 0.046875 0.134766
0 0.818359 0.571289 0.268555 0.267578
0 0.630859 0.861328 0.081055 0.163086
0 0.736328 0.797852 0.105469 0.172852
0 0.710938 0.975586 0.071289 0.048828
0 0.960938 0.564453 0.078125 0.166992
0 0.907227 0.728516 0.142578 0.179688
0 0.475586 0.438477 0.054688 0.092773
0 0.439453 0.608398 0.05957 0.106445
0 0.328125 0.253906 0.053711 0.041992
0 0.780273 0.432617 0.058594 0.088867
0 0.644531 0.25293 0.041016 0.082031
0 0.203125 0.263672 0.040039 0.086914
0 0.21582 0.183594 0.051758 0.056641
0 0.017578 0.316406 0.035156 0.076172
0 0.079102 0.555664 0.084961 0.176758
0 0.118164 0.285156 0.071289 0.272461
0 0.644531 0.977539 0.041016 0.043945
0 0.240234 0.433594 0.068359 0.067383
0 0.053711 0.522461 0.107422 0.140625
0 0.019531 0.662109 0.039062 0.073242
0 0.143555 0.804688 0.167969 0.289062
0 0.632812 0.382812 0.048828 0.044922
