0 0.030273 0.107422 0.061523 0.0625
0 0.084961 0.18457 0.058594 0.073242
0 0.102539 0.166016 0.142578 0.076172
0 0.204102 0.135742 0.0625 0.108398
0 0.025391 0.299805 0.050781 0.098633
0 0.019531 0.384766 0.039062 0.064453
0 0.044922 0.439453 0.084961 0.06543
0 0.008789 0.492188 0.018555 0.051758
0 0.051758 0.574219 0.104492 0.084961
0 0.044922 0.726562 0.09082 0.080078
0 0.15625 0.71582 0.079102 0.086914
0 0.06543 0.820312 0.131836 0.068359
0 0.220703 0.833008 0.083984 0.091797
0 0.65625 0.890625 0.077148 0.126953
0 0.677734 0.892578 0.138672 0.12793
0 0.617188 0.733398 0.080078 0.108398
0 0.441406 0.733398 0.086914 0.105469
0 0.294922 0.782227 0.118164 0.092773
0 0.34375 0.805664 0.057617 0.0625
0 0.362305 0.907227 0.079102 0.104492
0 0.27832 0.852539 0.09082 0.052734
0 0.469727 0.545898 0.130859 0.066406
0 0.561523 0.443359 0.098633 0.104492
0 0.913086 0.512695 0.104492 0.097656
0 0.572266 0.34375 0.143555 0.083008
0 0.273438 0.15918 0.072266 0.077148
0 0.365234 0.166992 0.09668 0.073242
0 0.277344 0.084961 0.081055 0.06543
0 0.342773 0.087891 0.086914 0.057617
0 0.286133 0.025391 0.121094 0.050781
0 0.519531 0.053711 0.113281 0.066406
0 0.467773 0.020508 0.078125 0.041992
0 0.831055 0.041992 0.083008 0.079102
0 0.960938 0.09668 0.077148 0.082031
