0 0.547852 0.546875 0.071289 0.107422
0 0.5 0.689453 0.067383 0.064453
0 0.092773 0.375977 0.120117 0.063477
0 0.490234 0.801758 0.086914 0.103516
0 0.740234 0.392578 0.080078 0.083984
0 0.239258 0.740234 0.150391 0.15918
0 0.189453 0.636719 0.110352 0.083984
0 0.671875 0.614258 0.070312 0.119141
0 0.000977 0.255859 0.001953 0.117188
0 0.283203 0.90625 0.166016 0.123047
0 0.116211 0.439453 0.124023 0.09082
0 0.289062 0.308594 0.118164 0.078125
0 0.355469 0.038086 0.086914 0.077148
0 0.430664 0.290039 0.120117 0.100586
0 0.737305 0.071289 0.087891 0.142578
0 0.929688 0.984375 0.098633 0.030273
0 0.699219 0.954102 0.085938 0.061523
0 0.519531 0.907227 0.080078 0.063477
0 0.972656 0.797852 0.054688 0.092773
0 0.727539 0.452148 0.088867 0.077148
0 0.393555 0.138672 0.05957 0.068359
0 0.424805 0.333008 0.085938 0.104492
0 0.361328 0.895508 0.115234 0.058594
0 0.089844 0.611328 0.064453 0.05957
0 0.037109 0.578125 0.053711 0.072266
