0 0.047852 0.667969 0.066406 0.106445
0 0.078125 0.231445 0.063477 0.073242
0 0.046875 0.058594 0.073242 0.089844
0 0.22168 0.056641 0.073242 0.09668
0 0.289062 0.086914 0.076172 0.083008
0 0.28125 0.224609 0.072266 0.060547
0 0.280273 0.325195 0.078125 0.081055
0 0.224609 0.364258 0.079102 0.0625
0 0.442383 0.34375 0.103516 0.092773
0 0.408203 0.520508 0.082031 0.089844
0 0.852539 0.271484 0.125977 0.088867
0 0.959961 0.30957 0.075195 0.104492
0 0.771484 0.520508 0.088867 0.085938
0 0.648438 0.762695 0.070312 0.088867
0 0.298828 0.587891 0.083984 0.080078
0 0.046875 0.476562 0.052734 0.063477
0 0.234375 0.708008 0.077148 0.09668
0 0.21582 0.791016 0.088867 0.066406
0 0.270508 0.673828 0.100586 0.097656
0 0.388672 0.716797 0.066406 0.071289
0 0.544922 0.834961 0.083984 0.064453
0 0.489258 0.890625 0.09082 0.077148
0 0.37793 0.863281 0.070312 0.06543
0 0.369141 0.96582 0.105469 0.067383
0 0.219727 0.924805 0.075195 0.068359
0 0.023438 0.911133 0.046875 0.06543
0 0.039062 0.982422 0.050781 0.03418
0 0.207031 0.978516 0.05957 0.041992
0 0.669922 0.37793 0.066406 0.064453
0 0.898438 0.719727 0.101562 0.081055
0 0.415039 0.626953 0.09375 0.104492
0 0.341797 0.400391 0.081055 0.070312
