0 0.314453 0.972656 0.12793 0.051758
0 0.414062 0.979492 0.064453 0.041016
0 0.575195 0.319336 0.064453 0.070312
0 0.503906 0.301758 0.074219 0.097656
0 0.110352 0.96582 0.043945 0.066406
0 0.080078 0.384766 0.114258 0.05957
0 0.53418 0.500977 0.071289 0.09668
0 0.491211 0.980469 0.053711 0.039062
0 0.942383 0.082031 0.114258 0.058594
0 0.041016 0.492188 0.082031 0.054688
0 0.649414 0.236328 0.103516 0.132812
0 0.295898 0.220703 0.103516 0.051758
0 0.416992 0.160156 0.077148 0.068359
0 0.663086 0.324219 0.129883 0.09668
0 0.073242 0.448242 0.104492 0.085938
0 0.450195 0.280273 0.069336 0.119141
0 0.667969 0.636719 0.099609 0.044922
0 0.359375 0.564453 0.051758 0.056641
0 0.662109 0.789062 0.134766 0.09375
0 0.839844 0.260742 0.179688 0.063477
0 0.400391 0.751953 0.030273 0.063477
0 0.610352 0.508789 0.067383 0.087891
0 0.430664 0.701172 0.084961 0.095703
0 0.224609 0.476562 0.139648 0.048828
0 0.157227 0.027344 0.088867 0.055664
0 0.675781 0.09668 0.057617 0.046875
0 0.581055 0.104492 0.083008 0.055664
0 0.543945 0.164062 0.05957 0.089844
0 0.49707 0.114258 0.068359 0.118164
0 0.700195 0.044922 0.118164 0.05957
0 0.573242 0.039062 0.092773 0.072266
