0 0.369141 0.18457 0.129883 0.063477
0 0.43457 0.34082 0.110352 0.060547
0 0.235352 0.100586 0.086914 0.077148
0 0.345703 0.039062 0.104492 0.079102
0 0.455078 0.081055 0.09375 0.103516
0 0.558594 0.114258 0.074219 0.055664
0 0.629883 0.081055 0.063477 0.103516
0 0.748047 0.037109 0.061523 0.074219
0 0.657227 0.1875 0.054688 0.057617
0 0.615234 0.236328 0.076172 0.064453
0 0.735352 0.212891 0.077148 0.083984
0 0.836914 0.170898 0.064453 0.057617
0 0.874023 0.173828 0.075195 0.046875
0 0.990234 0.157227 0.019531 0.074219
0 0.930664 0.302734 0.072266 0.086914
0 0.912109 0.402344 0.070312 0.048828
0 0.795898 0.371094 0.131836 0.068359
0 0.648438 0.337891 0.083008 0.063477
0 0.541992 0.407227 0.05957 0.0625
0 0.522461 0.513672 0.086914 0.060547
0 0.839844 0.522461 0.084961 0.099609
0 0.981445 0.05957 0.037109 0.120117
0 0.90625 0.03418 0.097656 0.069336
0 0.181641 0.175781 0.074219 0.054688
0 0.097656 0.272461 0.074219 0.15332
0 0.05957 0.345703 0.120117 0.047852
0 0.068359 0.515625 0.108398 0.084961
0 0.046875 0.583008 0.09375 0.080078
0 0.34082 0.719727 0.164062 0.075195
0 0.580078 0.740234 0.061523 0.077148
0 0.554688 0.860352 0.072266 0.129883
0 0.799805 0.833008 0.12207 0.074219
0 0.666016 0.849609 0.068359 0.056641
0 0.432617 0.816406 0.077148 0.068359
0 0.301758 0.874023 0.068359 0.06543
0 0.088867 0.785156 0.097656 0.068359
0 0.125977 0.760742 0.118164 0.086914
0 0.456055 0.915039 0.069336 0.077148
0 0.289062 0.93457 0.076172 0.055664
0 0.359375 0.959961 0.078125 0.056641
0 0.22168 0.939453 0.050781 0.0625
0 0.126953 0.991211 0.069336 0.016602
0 0.125977 0.921875 0.097656 0.054688
0 0.883789 0.984375 0.109375 0.030273
0 0.787109 0.990234 0.075195 0.018555
0 0.053711 0.043945 0.081055 0.087891
0 0.793945 0.192383 0.110352 0.095703
