0 0.260742 0.503906 0.073242 0.079102
0 0.449219 0.157227 0.057617 0.087891
0 0.050781 0.262695 0.056641 0.086914
0 0.035156 0.887695 0.070312 0.066406
0 0.236328 0.056641 0.092773 0.069336
0 0.604492 0.333984 0.03418 0.077148
0 0.532227 0.577148 0.111328 0.060547
0 0.291016 0.561523 0.084961 0.046875
0 0.75293 0.336914 0.06543 0.072266
0 0.246094 0.266602 0.079102 0.051758
0 0.874023 0.301758 0.066406 0.076172
0 0.792969 0.321289 0.067383 0.06543
0 0.242188 0.665039 0.089844 0.044922
0 0.041992 0.349609 0.077148 0.047852
0 0.512695 0.31543 0.082031 0.052734
0 0.550781 0.625 0.073242 0.052734
0 0.608398 0.276367 0.075195 0.060547
0 0.722656 0.249023 0.083984 0.072266
0 0.630859 0.066406 0.0625 0.045898
0 0.011719 0.683594 0.024414 0.049805
0 0.769531 0.720703 0.083984 0.042969
0 0.366211 0.044922 0.072266 0.056641
0 0.135742 0.598633 0.088867 0.033203
0 0.037109 0.55957 0.058594 0.047852
0 0.027344 0.587891 0.055664 0.0625
0 0.916992 0.633789 0.079102 0.039062
0 0.010742 0.352539 0.022461 0.033203
0 0.074219 0.092773 0.05957 0.036133
0 0.267578 0.624023 0.067383 0.040039
0 0.09668 0.670898 0.082031 0.033203
0 0.27832 0.385742 0.066406 0.049805
0 0.912109 0.447266 0.076172 0.080078
0 0.226562 0.969727 0.100586 0.048828
0 0.866211 0.902344 0.05957 0.02832
0 0.185547 0.208008 0.054688 0.047852
0 0.980469 0.898438 0.039062 0.06543
0 0.864258 0.585938 0.063477 0.036133
0 0.739258 0.367188 0.047852 0.055664
0 0.208008 0.393555 0.094727 0.038086
0 0.728516 0.636719 0.092773 0.042969
0 0.932617 0.125 0.050781 0.049805
0 0.582031 0.951172 0.073242 0.050781
0 0.654297 0.771484 0.050781 0.058594
0 0.980469 0.264648 0.038086 0.058594
0 0.513672 0.686523 0.078125 0.032227
0 0.557617 0.356445 0.047852 0.025391
0 0.354492 0.483398 0.057617 0.02832
0 0.5 0.650391 0.077148 0.029297
0 0.683594 0.025391 0.060547 0.048828
0 0.851562 0.408203 0.078125 0.056641
0 0.674805 0.950195 0.071289 0.042969
0 0.750977 0.236328 0.088867 0.03125
0 0.881836 0.148438 0.078125 0.038086
0 0.039062 0.972656 0.078125 0.03125
0 0.376953 0.014648 0.068359 0.029297
0 0.330078 0.348633 0.072266 0.035156
0 0.328125 0.990234 0.046875 0.019531
0 0.155273 0.931641 0.123047 0.037109
0 0.328125 0.65918 0.077148 0.037109
0 0.880859 0.657227 0.048828 0.025391
0 0.277344 0.429688 0.09668 0.045898
0 0.822266 0.96875 0.057617 0.029297
0 0.303711 0.78125 0.0625 0.03125
0 0.97168 0.744141 0.051758 0.024414
0 0.212891 0.493164 0.057617 0.022461
0 0.942383 0.327148 0.043945 0.040039
0 0.477539 0.714844 0.070312 0.018555
0 0.833008 0.623047 0.052734 0.03418
0 0.540039 0.737305 0.050781 0.041992
0 0.314453 0.748047 0.083008 0.035156
0 0.717773 0.02832 0.050781 0.038086
0 0.900391 0.709961 0.103516 0.042969
0 0.706055 0.026367 0.064453 0.044922
0 0.985352 0.013672 0.025391 0.027344
0 0.661133 0.989258 0.036133 0.020508
0 0.419922 0.364258 0.072266 0.03125
0 0.706055 0.099609 0.040039 0.03125
0 0.610352 0.774414 0.041992 0.039062
0 0.391602 0.375977 0.075879 0.036133
0 0.353516 0.836914 0.035156 0.049805
0 0.431641 0.573242 0.063477 0.03418
0 0.587891 0.664062 0.049805 0.032227
0 0.338867 0.728516 0.088867 0.045898
0 0.821289 0.317383 0.061523 0.037109
0 0.628906 0.701172 0.09668 0.043945
