0 0.740234 0.064453 0.09668 0.097656
0 0.921875 0.610352 0.15625 0.081055
0 0.967773 0.061523 0.064453 0.12207
0 0.256836 0.331055 0.152344 0.071289
0 0.962891 0.722656 0.074219 0.05957
0 0.128906 0.304688 0.101562 0.06543
0 0.412109 0.045898 0.135742 0.091797
0 0.573242 0.765625 0.118164 0.047852
0 0.594727 0.37207 0.113281 0.141602
0 0.132812 0.142578 0.199219 0.0625
0 0.741211 0.113281 0.144531 0.107422
0 0.915039 0.331055 0.101562 0.084961
0 0.543945 0.618164 0.178711 0.077148
0 0.12207 0.865234 0.145508 0.047852
0 0.583984 0.079102 0.179688 0.104492
0 0.964844 0.902344 0.069336 0.074219
0 0.931641 0.163086 0.136719 0.069238
0 0.149414 0.538086 0.205078 0.037109
0 0.404297 0.50293 0.125977 0.048828
0 0.588867 0.984375 0.064453 0.030273
0 0.154297 0.198242 0.206055 0.051758
0 0.030273 0.485352 0.05957 0.046875
0 0.241211 0.03125 0.151367 0.061523
0 0.860352 0.074219 0.078125 0.140625
0 0.430664 0.349609 0.141602 0.054688
0 0.785156 0.979492 0.083984 0.040039
0 0.107422 0.96875 0.131836 0.061523
0 0.604492 0.727539 0.142578 0.095703
0 0.245117 0.415039 0.109375 0.107422
0 0.947266 0.442383 0.105469 0.036133
0 0.912109 0.396484 0.068359 0.080078
0 0.038086 0.729492 0.076172 0.047852
0 0.079102 0.649414 0.148438 0.032227
0 0.413086 0.467773 0.067383 0.06543
0 0.737305 0.43457 0.077148 0.091797
0 0.466797 0.22168 0.170898 0.041016
0 0.504883 0.52832 0.148438 0.046875
0 0.150391 0.055664 0.103516 0.101562
0 0.341797 0.587891 0.230469 0.066406
0 0.053711 0.912109 0.107422 0.091797
0 0.400391 0.135742 0.069336 0.036133
0 0.018555 0.850586 0.038086 0.086914
0 0.816406 0.458008 0.092773 0.042969
0 0.387695 0.212891 0.076172 0.217773
0 0.477539 0.017578 0.046875 0.033203
0 0.682617 0.982422 0.058594 0.03418
0 0.770508 0.246094 0.1875 0.079102
0 0.137695 0.025391 0.168945 0.050781
0 0.674805 0.18457 0.092773 0.061523
0 0.889648 0.06543 0.094727 0.047852
