0 0.007812 0.952148 0.015625 0.066406
0 0.123047 0.69043 0.078125 0.070312
0 0.142578 0.553711 0.110352 0.082031
0 0.199219 0.969727 0.235352 0.05957
0 0.357422 0.892578 0.074219 0.063477
0 0.417969 0.768555 0.072266 0.057617
0 0.557617 0.838867 0.088867 0.078125
0 0.442383 0.900391 0.075195 0.050781
0 0.493164 0.966797 0.084961 0.06543
0 0.688477 0.90332 0.107422 0.09082
0 0.774414 0.613281 0.098633 0.12793
0 0.895508 0.618164 0.104492 0.106445
0 0.960938 0.671875 0.077148 0.09375
0 0.876953 0.520508 0.061523 0.089844
0 0.463867 0.546875 0.084961 0.101562
0 0.472656 0.643555 0.137695 0.099609
0 0.532227 0.43457 0.06543 0.091797
0 0.134766 0.433594 0.126953 0.078125
0 0.108398 0.451172 0.099609 0.0625
0 0.194336 0.392578 0.168945 0.070312
0 0.258789 0.271484 0.083984 0.069336
0 0.353516 0.256836 0.106445 0.081055
0 0.03418 0.053711 0.068359 0.069336
0 0.1875 0.018555 0.217773 0.037109
0 0.079102 0.259766 0.130859 0.092773
0 0.173828 0.255859 0.05957 0.088867
0 0.294922 0.142578 0.110352 0.104492
0 0.583984 0.164062 0.120117 0.070312
0 0.726562 0.15625 0.078125 0.089844
0 0.693359 0.270508 0.131836 0.081055
0 0.941406 0.294922 0.113281 0.079102
0 0.858398 0.03418 0.070312 0.068359
0 0.947266 0.056641 0.080078 0.081055
0 0.521484 0.041992 0.076172 0.084961
0 0.614258 0.032227 0.134766 0.06543
0 0.291992 0.055664 0.058594 0.075195
