0 0.098633 0.194336 0.072266 0.119141
0 0.239258 0.266602 0.058594 0.09375
0 0.391602 0.330078 0.070312 0.083984
0 0.347656 0.427734 0.105469 0.069336
0 0.352539 0.496094 0.0625 0.06543
0 0.163086 0.490234 0.067383 0.076172
0 0.223633 0.485352 0.0625 0.080078
0 0.024414 0.374023 0.049805 0.119141
0 0.024414 0.458984 0.049805 0.063477
0 0.046875 0.738281 0.058594 0.099609
0 0.018555 0.911133 0.037109 0.087891
0 0.058594 0.881836 0.066406 0.071289
0 0.204102 0.765625 0.086914 0.104492
0 0.387695 0.876953 0.105469 0.09082
0 0.293945 0.956055 0.102539 0.086914
0 0.120117 0.973633 0.073242 0.051758
0 0.44043 0.769531 0.109375 0.115234
0 0.638672 0.723633 0.112305 0.105469
0 0.585938 0.791992 0.087891 0.074219
0 0.5625 0.845703 0.075195 0.079102
0 0.740234 0.956055 0.125977 0.087891
0 0.830078 0.991211 0.098633 0.017578
0 0.810547 0.893555 0.063477 0.078125
0 0.908203 0.868164 0.071289 0.05957
0 0.948242 0.803711 0.067383 0.097656
0 0.878906 0.740234 0.078125 0.095703
0 0.72168 0.481445 0.075195 0.080078
0 0.62793 0.488281 0.069336 0.066406
0 0.478516 0.248047 0.09082 0.174805
0 0.389648 0.237305 0.06543 0.094727
0 0.695312 0.238281 0.083984 0.099609
0 0.674805 0.314453 0.081055 0.084961
0 0.802734 0.380859 0.066406 0.092773
0 0.857422 0.240234 0.098633 0.198242
0 0.681641 0.116211 0.09375 0.125
0 0.458008 0.006836 0.068359 0.014648
0 0.418945 0.02832 0.044922 0.056641
0 0.467773 0.109375 0.063477 0.074219
0 0.332031 0.012695 0.069336 0.026367
0 0.165039 0.05957 0.0625 0.060547
0 0.101562 0.036133 0.050781 0.051758
0 0.040039 0.016602 0.044922 0.033203
0 0.832031 0.040039 0.069336 0.080078
0 0.496094 0.630859 0.09375 0.119141
0 0.214844 0.019531 0.050781 0.033203
0 0.512695 0.902344 0.074219 0.042969
0 0.702148 0.90625 0.110352 0.072266
0 0.720703 0.821289 0.053711 0.042969
0 0.463867 0.483398 0.052734 0.044922
0 0.93457 0.009766 0.055664 0.020508
0 0.048828 0.175781 0.073242 0.107422
0 0.110352 0.328125 0.055664 0.055664
0 0.168945 0.401367 0.0625 0.047852
0 0.079102 0.609375 0.045898 0.045898
0 0.150391 0.196289 0.051758 0.109375
