0 0.173828 0.945312 0.083008 0.06543
0 0.71582 0.442383 0.079102 0.09668
0 0.697266 0.960938 0.084961 0.05957
0 0.165039 0.693359 0.081055 0.101562
0 0.795898 0.074219 0.046875 0.095703
0 0.838867 0.105469 0.068359 0.082031
0 0.046875 0.15625 0.09375 0.066406
0 0.662109 0.183594 0.109375 0.060547
0 0.345703 0.088867 0.047852 0.117188
0 0.077148 0.699219 0.079102 0.072266
0 0.881836 0.69043 0.084961 0.066406
0 0.891602 0.722656 0.094727 0.089844
0 0.858398 0.813477 0.054688 0.064453
0 0.047852 0.745117 0.087891 0.06543
0 0.039062 0.852539 0.076172 0.076172
0 0.416016 0.232422 0.072266 0.061523
0 0.447266 0.722656 0.06543 0.046875
0 0.192383 0.443359 0.105469 0.067383
0 0.264648 0.169922 0.147461 0.0625
0 0.489258 0.623047 0.036133 0.075195
0 0.911133 0.515625 0.041016 0.067383
0 0.806641 0.476562 0.077148 0.03418
0 0.333984 0.787109 0.113281 0.056641
0 0.041016 0.475586 0.082031 0.042969
0 0.192383 0.671875 0.098633 0.067383
0 0.788086 0.9375 0.094727 0.070312
0 0.110352 0.932617 0.088867 0.0625
0 0.069336 0.134766 0.098633 0.048828
0 0.069336 0.452148 0.138672 0.050781
0 0.890625 0.567383 0.092773 0.054688
0 0.029297 0.05957 0.058594 0.064453
0 0.844727 0.914062 0.058594 0.044922
0 0.957031 0.171875 0.042969 0.058594
0 0.876953 0.989258 0.071289 0.020508
0 0.848633 0.015625 0.067383 0.03125
0 0.276367 0.518555 0.107422 0.040039
0 0.120117 0.511719 0.069336 0.043945
0 0.975586 0.52832 0.048828 0.056641
0 0.882812 0.481445 0.099609 0.052734
0 0.707031 0.736328 0.041992 0.067383
0 0.223633 0.765625 0.116211 0.044922
0 0.260742 0.738281 0.050781 0.066406
0 0.563477 0.225586 0.048828 0.046875
0 0.922852 0.601562 0.047852 0.03418
0 0.561523 0.438477 0.050781 0.075195
0 0.748047 0.775391 0.06543 0.042969
0 0.628906 0.386719 0.092773 0.069336
0 0.111328 0.675781 0.047852 0.033203
0 0.097656 0.520508 0.067383 0.025391
0 0.969727 0.84668 0.038086 0.063477
0 0.584961 0.15918 0.052734 0.046875
0 0.727539 0.804688 0.048828 0.066406
0 0.985352 0.251953 0.02832 0.042969
0 0.758789 0.404297 0.09375 0.055664
0 0.28125 0.919922 0.09668 0.041016
0 0.041992 0.25293 0.081055 0.045898
0 0.364258 0.314453 0.070312 0.043945
0 0.544922 0.792969 0.108398 0.043945
0 0.27832 0.81543 0.125977 0.056641
0 0.239258 0.537109 0.095703 0.055664
0 0.027344 0.989258 0.053711 0.021484
0 0.891602 0.192383 0.044922 0.054688
0 0.625 0.983398 0.05957 0.032227
0 0.612305 0.481445 0.066406 0.063477
0 0.450195 0.458984 0.073242 0.0625
0 0.438477 0.521484 0.091797 0.041992
0 0.982422 0.297852 0.035156 0.038086
0 0.240234 0.195312 0.054688 0.044922
0 0.073242 0.592773 0.048828 0.021484
0 0.994141 0.852539 0.010742 0.018555
0 0.050781 0.570312 0.101562 0.037109
0 0.586914 0.496094 0.057617 0.051758
0 0.119141 0.307617 0.078125 0.036133
0 0.012695 0.099609 0.026367 0.056641
0 0.030273 0.308594 0.060547 0.040039
0 0.216797 0.500977 0.075195 0.041016
0 0.092773 0.876953 0.043945 0.043945
0 0.112305 0.96875 0.076172 0.02832
0 0.382812 0.182617 0.069336 0.040039
0 0.943359 0.84668 0.035156 0.049805
