0 0.4375 0.024414 0.077148 0.048828
0 0.021484 0.089844 0.043945 0.0625
0 0.020508 0.144531 0.041992 0.073242
0 0.40625 0.977539 0.066406 0.044922
0 0.322266 0.016602 0.098633 0.03418
0 0.241211 0.109375 0.107422 0.064453
0 0.280273 0.203125 0.102539 0.073242
0 0.490234 0.177734 0.099609 0.057617
0 0.504883 0.120117 0.083984 0.056641
0 0.706055 0.105469 0.079102 0.064453
0 0.599609 0.22168 0.097656 0.070312
0 0.957031 0.21582 0.084961 0.075195
0 0.908203 0.128906 0.080078 0.087891
0 0.168945 0.462891 0.079102 0.070312
0 0.462891 0.405273 0.106445 0.081055
0 0.572266 0.448242 0.101562 0.0625
0 0.396484 0.546875 0.110352 0.068359
0 0.811523 0.580078 0.119141 0.073242
0 0.666992 0.62207 0.091797 0.064453
0 0.505859 0.543945 0.058594 0.0625
0 0.508789 0.669922 0.125 0.081055
0 0.813477 0.828125 0.084961 0.114258
0 0.87207 0.900391 0.083008 0.066406
0 0.646484 0.887695 0.094727 0.045898
0 0.62207 0.918945 0.109375 0.041992
0 0.553711 0.891602 0.079102 0.053711
0 0.589844 0.979492 0.080078 0.041016
0 0.40625 0.851562 0.121094 0.060547
0 0.181641 0.72168 0.088867 0.081055
0 0.124023 0.865234 0.101562 0.055664
0 0.260742 0.96875 0.132812 0.061523
0 0.037109 0.984375 0.074219 0.030273
0 0.253906 0.867188 0.064453 0.073242
0 0.910156 0.808594 0.077148 0.038086
0 0.579102 0.516602 0.064453 0.038086
0 0.697266 0.169922 0.080078 0.043945
0 0.885742 0.970703 0.075195 0.046875
0 0.224609 0.966797 0.072266 0.044922
0 0.030273 0.210938 0.060547 0.042969
