0 0.095703 0.859375 0.078125 0.085938
0 0.844727 0.43457 0.103516 0.051758
0 0.81543 0.756836 0.05957 0.069336
0 0.270508 0.037109 0.06543 0.072266
0 0.887695 0.354492 0.146484 0.054688
0 0.880859 0.729492 0.067383 0.091797
0 0.829102 0.217773 0.094727 0.060547
0 0.544922 0.03125 0.048828 0.0625
0 0.398438 0.688477 0.073242 0.067383
0 0.974609 0.557617 0.050781 0.061523
0 0.4375 0.126953 0.047852 0.083984
0 0.171875 0.672852 0.092773 0.081055
0 0.433594 0.304688 0.157227 0.082031
0 0.21875 0.519531 0.094727 0.043945
0 0.135742 0.074219 0.152344 0.068359
0 0.061523 0.72168 0.123047 0.063477
0 0.382812 0.926758 0.12793 0.132812
0 0.791016 0.055664 0.041992 0.073242
0 0.626953 0.083008 0.104492 0.038086
0 0.464844 0.536133 0.094727 0.082031
0 0.473633 0.030273 0.046875 0.060547
0 0.338867 0.977539 0.069336 0.044922
0 0.292969 0.80957 0.110352 0.051758
0 0.532227 0.941406 0.069336 0.099609
0 0.225586 0.844727 0.113281 0.042969
0 0.916992 0.359375 0.083984 0.154297
0 0.573242 0.397461 0.101562 0.073242
0 0.704102 0.115234 0.107422 0.041992
0 0.96582 0.867188 0.063477 0.041992
0 0.582031 0.415039 0.095703 0.073242
0 0.584961 0.321289 0.054688 0.061523
0 0.307617 0.635742 0.121094 0.060547
0 0.795898 0.012695 0.041016 0.026367
0 0.428711 0.592773 0.094727 0.03418
0 0.487305 0.168945 0.066406 0.055664
0 0.647461 0.362305 0.098633 0.047852
0 0.333008 0.216797 0.09668 0.054688
0 0.030273 0.386719 0.060547 0.077148
0 0.587891 0.930664 0.056641 0.049805
0 0.969727 0.69043 0.056641 0.053711
0 0.079102 0.462891 0.158203 0.05957
0 0.915039 0.858398 0.110352 0.042969
0 0.975586 0.40625 0.048828 0.045898
0 0.420898 0.800781 0.160156 0.049805
0 0.448242 0.984375 0.071289 0.030273
0 0.481445 0.84375 0.069336 0.040039
0 0.015625 0.484375 0.032227 0.03418
0 0.831055 0.421875 0.05957 0.084961
0 0.038086 0.425781 0.077148 0.041016
0 0.025391 0.924805 0.050781 0.048828
0 0.650391 0.810547 0.05957 0.03418
0 0.702148 0.774414 0.044922 0.041016
