0 0.03125 0.969727 0.0625 0.05957
0 0.258789 0.96875 0.101562 0.061523
0 0.357422 0.960938 0.046875 0.077148
0 0.219727 0.849609 0.092773 0.079102
0 0.525391 0.880859 0.078125 0.067383
0 0.448242 0.835938 0.071289 0.143555
0 0.481445 0.713867 0.094727 0.073242
0 0.602539 0.712891 0.091797 0.089844
0 0.631836 0.635742 0.108398 0.087891
0 0.561523 0.579102 0.087891 0.125977
0 0.476562 0.5625 0.092773 0.06543
0 0.28418 0.576172 0.066406 0.123047
0 0.033203 0.267578 0.067383 0.054688
0 0.041016 0.225586 0.049805 0.044922
0 0.354492 0.242188 0.107422 0.075195
0 0.322266 0.396484 0.081055 0.060547
0 0.342773 0.530273 0.075195 0.181641
0 0.498047 0.451172 0.112305 0.09082
0 0.609375 0.507812 0.104492 0.088867
0 0.608398 0.444336 0.101562 0.077148
0 0.53418 0.307617 0.117188 0.070312
0 0.719727 0.3125 0.088867 0.079102
0 0.853516 0.452148 0.076172 0.129883
0 0.654297 0.354492 0.104492 0.075195
0 0.577148 0.375977 0.103516 0.061523
0 0.699219 0.410156 0.113281 0.063477
0 0.626953 0.254883 0.087891 0.09668
0 0.035156 0.089844 0.070312 0.055664
0 0.12207 0.042969 0.125977 0.056641
0 0.298828 0.169922 0.052734 0.041016
0 0.246094 0.133789 0.073242 0.068359
0 0.34668 0.110352 0.086914 0.071289
0 0.310547 0.036133 0.054688 0.072266
0 0.40332 0.03125 0.098633 0.0625
0 0.588867 0.064453 0.074219 0.094727
0 0.575195 0.014648 0.063477 0.029297
0 0.806641 0.231445 0.060547 0.085938
0 0.878906 0.189453 0.115234 0.0625
0 0.964844 0.227539 0.069336 0.0625
0 0.736328 0.793945 0.189453 0.125977
0 0.80957 0.837891 0.050781 0.073242
0 0.911133 0.888672 0.118164 0.082031
0 0.907227 0.856445 0.171875 0.070312
0 0.296875 0.09668 0.042969 0.088867
