0 0.957031 0.949219 0.05957 0.060547
0 0.84375 0.90625 0.074219 0.056641
0 0.688477 0.945312 0.057617 0.05957
0 0.359375 0.797852 0.06543 0.071289
0 0.544922 0.835938 0.056641 0.072266
0 0.694336 0.764648 0.080078 0.068359
0 0.546875 0.712891 0.068359 0.077148
0 0.75 0.683594 0.064453 0.073242
0 0.808594 0.78125 0.079102 0.089844
0 0.850586 0.688477 0.056641 0.084961
0 0.902344 0.754883 0.09375 0.088867
0 0.879883 0.327148 0.109375 0.075195
0 0.928711 0.056641 0.072266 0.076172
0 0.649414 0.168945 0.071289 0.068359
0 0.645508 0.249023 0.06543 0.087891
0 0.529297 0.226562 0.077148 0.087891
0 0.46875 0.592773 0.061523 0.076172
0 0.228516 0.810547 0.09082 0.068359
0 0.264648 0.889648 0.086914 0.0625
0 0.274414 0.833008 0.066406 0.071289
0 0.138672 0.678711 0.068359 0.089844
0 0.074219 0.786133 0.074219 0.071289
0 0.125977 0.848633 0.071289 0.068359
0 0.049805 0.691406 0.078125 0.068359
0 0.535156 0.34375 0.061523 0.067383
0 0.25293 0.206055 0.066406 0.087891
0 0.390625 0.209961 0.077148 0.089844
0 0.28125 0.287109 0.097656 0.079102
0 0.123047 0.378906 0.066406 0.116211
0 0.384766 0.40918 0.069336 0.060547
0 0.047852 0.307617 0.050781 0.053711
0 0.195312 0.023438 0.086914 0.046875
0 0.295898 0.775391 0.077148 0.079102
0 0.425781 0.375977 0.060547 0.047852
0 0.628906 0.920898 0.071289 0.073242
0 0.577148 0.321289 0.048828 0.046875
0 0.985352 0.329102 0.025391 0.054688
0 0.654297 0.980469 0.051758 0.038086
0 0.010742 0.669922 0.021484 0.049805
0 0.299805 0.254883 0.048828 0.045898
0 0.591797 0.744141 0.05957 0.052734
0 0.783203 0.664062 0.041016 0.055664
