0 0.303711 0.387695 0.129883 0.12793
0 0.879883 0.859375 0.125 0.128906
0 0.457031 0.93457 0.125 0.117188
0 0.526367 0.383789 0.110352 0.129883
0 0.664062 0.583984 0.160156 0.274414
0 0.298828 0.728516 0.152344 0.139648
0 0.578125 0.124023 0.149414 0.163086
0 0.943359 0.774414 0.087891 0.070312
0 0.802734 0.328125 0.155273 0.1875
0 0.72168 0.111328 0.089844 0.092773
0 0.061523 0.919922 0.123047 0.160156
0 0.829102 0.154297 0.09082 0.099609
0 0.06543 0.027344 0.079102 0.054688
0 0.526367 0.045898 0.100586 0.087891
