0 0.010742 0.037109 0.021484 0.055664
0 0.222656 0.166992 0.045898 0.029297
0 0.364258 0.231445 0.101562 0.043945
0 0.360352 0.175781 0.080078 0.056641
0 0.416016 0.077148 0.088867 0.060547
0 0.408203 0.099609 0.097656 0.069336
0 0.363281 0.103516 0.095703 0.068359
0 0.525391 0.239258 0.051758 0.060547
0 0.558594 0.22168 0.099609 0.03418
0 0.645508 0.265625 0.080078 0.072266
0 0.750977 0.160156 0.064453 0.064453
0 0.679688 0.134766 0.081055 0.029297
0 0.810547 0.125 0.064453 0.039062
0 0.833008 0.042969 0.075195 0.085938
0 0.976562 0.138672 0.045898 0.064453
0 0.991211 0.21875 0.017578 0.040039
0 0.776367 0.495117 0.071289 0.052734
0 0.900391 0.62207 0.076172 0.041016
0 0.871094 0.624023 0.054688 0.094727
0 0.875977 0.78418 0.042969 0.072266
0 0.803711 0.84375 0.049805 0.046875
0 0.958984 0.927734 0.056641 0.054688
0 0.68457 0.865234 0.070312 0.049805
0 0.801758 0.700195 0.067383 0.057617
0 0.675781 0.613281 0.077148 0.043945
0 0.705078 0.665039 0.098633 0.077148
0 0.573242 0.552734 0.061523 0.027344
0 0.805664 0.545898 0.046875 0.026367
0 0.519531 0.463867 0.081055 0.048828
0 0.405273 0.475586 0.057617 0.029297
0 0.501953 0.608398 0.094727 0.037109
0 0.600586 0.712891 0.105469 0.038086
0 0.549805 0.761719 0.081055 0.041016
0 0.379883 0.741211 0.092773 0.045898
0 0.40625 0.777344 0.102539 0.041016
0 0.495117 0.666016 0.063477 0.036133
0 0.513672 0.695312 0.09082 0.036133
0 0.929688 0.066406 0.042969 0.038086
0 0.083008 0.355469 0.129883 0.106445
0 0.030273 0.532227 0.060547 0.039062
0 0.088867 0.572266 0.086914 0.035156
0 0.097656 0.666992 0.058594 0.024414
0 0.05957 0.702148 0.060547 0.046875
0 0.373047 0.526367 0.091797 0.049805
0 0.334961 0.567383 0.104492 0.053711
0 0.279297 0.536133 0.114258 0.025391
0 0.735352 0.59375 0.030273 0.026367
0 0.538086 0.952148 0.051758 0.033203
0 0.842773 0.969727 0.047852 0.02832
0 0.201172 0.731445 0.108398 0.033203
0 0.026367 0.800781 0.053711 0.042969
0 0.140625 0.918945 0.054688 0.036133
