0 0.847656 0.695312 0.079102 0.074219
0 0.229492 0.058594 0.082031 0.083984
0 0.070312 0.508789 0.072266 0.064453
0 0.745117 0.055664 0.116211 0.081055
0 0.066406 0.375 0.074219 0.078125
0 0.073242 0.572266 0.086914 0.047852
0 0.116211 0.829102 0.119141 0.070312
0 0.681641 0.606445 0.100586 0.073242
0 0.255859 0.419922 0.074219 0.083008
0 0.567383 0.910156 0.09668 0.069336
0 0.117188 0.130859 0.091797 0.046875
0 0.71875 0.257812 0.091797 0.055664
0 0.405273 0.039062 0.091797 0.078125
0 0.974609 0.772461 0.049805 0.087891
0 0.599609 0.123047 0.056641 0.121094
0 0.304688 0.34668 0.080078 0.048828
0 0.541016 0.826172 0.067383 0.06543
0 0.37793 0.749023 0.083984 0.052734
0 0.376953 0.426758 0.073242 0.055664
0 0.506836 0.719727 0.092773 0.064453
0 0.695312 0.662109 0.083008 0.069336
0 0.264648 0.602539 0.099609 0.044922
0 0.041016 0.611328 0.082031 0.061523
0 0.194336 0.835938 0.076172 0.046875
0 0.953125 0.025391 0.092773 0.048828
0 0.307617 0.1875 0.057617 0.075195
0 0.69043 0.170898 0.073242 0.047852
0 0.379883 0.895508 0.099609 0.071289
0 0.884766 0.061523 0.085938 0.069336
0 0.275391 0.814453 0.086914 0.045898
0 0.454102 0.354492 0.03125 0.079102
0 0.138672 0.459961 0.120117 0.105469
0 0.033203 0.261719 0.066406 0.068359
0 0.679688 0.959961 0.063477 0.080078
0 0.338867 0.691406 0.075195 0.094727
0 0.663086 0.775391 0.09668 0.085938
0 0.913086 0.839844 0.116211 0.080078
0 0.897461 0.673828 0.073242 0.040039
0 0.795898 0.464844 0.098633 0.054688
0 0.914062 0.972656 0.069336 0.048828
0 0.65625 0.262695 0.068359 0.051758
0 0.890625 0.166992 0.070312 0.041016
0 0.552734 0.612305 0.061523 0.053711
0 0.953125 0.107422 0.063477 0.056641
0 0.335938 0.783203 0.0625 0.052734
0 0.700195 0.586914 0.064453 0.048828
0 0.652344 0.895508 0.125977 0.079102
0 0.370117 0.235352 0.101562 0.040039
0 0.62793 0.21582 0.070312 0.041992
0 0.661133 0.300781 0.067383 0.045898
0 0.521484 0.515625 0.09668 0.049805
0 0.022461 0.013672 0.045898 0.026367
0 0.354492 0.304688 0.051758 0.026367
0 0.361328 0.942383 0.105469 0.051758
0 0.97168 0.837891 0.055664 0.039062
0 0.670898 0.382812 0.076172 0.043945
0 0.092773 0.207031 0.080078 0.03418
0 0.055664 0.839844 0.071289 0.048828
0 0.391602 0.063477 0.101562 0.05957
0 0.110352 0.053711 0.081055 0.060547
0 0.612305 0.780273 0.082031 0.048828
0 0.985352 0.459961 0.02832 0.030273
0 0.261719 0.358398 0.054688 0.035156
0 0.178711 0.091797 0.06543 0.036133
0 0.380859 0.042969 0.089844 0.055664
0 0.166016 0.731445 0.146484 0.043945
0 0.546875 0.310547 0.083984 0.073242
0 0.924805 0.213867 0.057617 0.069336
0 0.095703 0.985352 0.094727 0.02832
0 0.242188 0.481445 0.071289 0.036133
0 0.268555 0.750977 0.069336 0.045898
0 0.256836 0.194336 0.038086 0.052734
0 0.941406 0.541992 0.117188 0.060547
0 0.192383 0.379883 0.077148 0.049805
0 0.192383 0.617188 0.091797 0.041016
0 0.949219 0.783203 0.0625 0.045898
0 0.049805 0.72168 0.095703 0.068359
0 0.858398 0.964844 0.049805 0.037109
0 0.631836 0.537109 0.087891 0.044922
0 0.092773 0.321289 0.102539 0.037109
0 0.025391 0.207031 0.051758 0.03418
0 0.053711 0.448438 0.108984 0.038477
0 0.164062 0.635742 0.046875 0.05957
0 0.022461 0.509766 0.044922 0.053711
0 0.016602 0.042969 0.03418 0.048828
0 0.671875 0.862305 0.109375 0.043945
0 0.875977 0.84668 0.073242 0.043945
0 0.879883 0.185547 0.070312 0.038086
0 0.240234 0.989258 0.033203 0.020508
0 0.541992 0.827148 0.110352 0.054688
0 0.131836 0.791016 0.076172 0.025391
0 0.166992 0.263672 0.083984 0.05957
0 0.31543 0.507812 0.154297 0.09082
0 0.610352 0.363281 0.136719 0.075195
