0 0.621094 0.891602 0.132812 0.114258
0 0.389648 0.892578 0.160156 0.137695
0 0.123047 0.349609 0.112305 0.105469
0 0.755859 0.100586 0.152344 0.123047
0 0.922852 0.547852 0.15332 0.118164
0 0.047852 0.907227 0.09668 0.144531
0 0.743164 0.591797 0.167969 0.120117
0 0.28125 0.525391 0.155273 0.107422
0 0.041992 0.318359 0.084961 0.136719
0 0.881836 0.094727 0.160156 0.089844
0 0.249023 0.216797 0.145508 0.084961
0 0.271484 0.037109 0.200195 0.074219
0 0.067383 0.037109 0.134766 0.072266
0 0.689453 0.74707 0.134766 0.109375
0 0.349609 0.154297 0.144531 0.165039
0 0.233398 0.165039 0.123047 0.12793
0 0.426758 0.078125 0.115234 0.094727
0 0.225586 0.636719 0.142578 0.101562
