0 0.748047 0.355469 0.092773 0.142578
0 0.522461 0.324219 0.054688 0.092773
0 0.239258 0.082031 0.120117 0.119141
0 0.644531 0.568359 0.115234 0.126953
0 0.512695 0.924805 0.112305 0.125
0 0.588867 0.782227 0.104492 0.09082
0 0.368164 0.329102 0.079102 0.088867
0 0.224609 0.591797 0.105469 0.089844
0 0.474609 0.297852 0.051758 0.064453
0 0.623047 0.634766 0.077148 0.070312
0 0.970703 0.237305 0.058594 0.160156
0 0.089844 0.671875 0.089844 0.105469
0 0.052734 0.557617 0.102539 0.157227
0 0.03125 0.919922 0.0625 0.058594
0 0.542969 0.433594 0.092773 0.072266
0 0.561523 0.352539 0.056641 0.068359
