0 0.198242 0.072266 0.104492 0.068359
0 0.34668 0.273438 0.067383 0.078125
0 0.318359 0.027344 0.103516 0.054688
0 0.830078 0.039062 0.082031 0.075195
0 0.919922 0.050781 0.105469 0.055664
0 0.371094 0.392578 0.087891 0.040039
0 0.314453 0.060547 0.114258 0.052734
0 0.199219 0.936523 0.095703 0.0625
0 0.228516 0.479492 0.092773 0.060547
0 0.117188 0.129883 0.066406 0.098633
0 0.918945 0.799805 0.071289 0.057617
0 0.098633 0.893555 0.083984 0.083008
0 0.982422 0.94043 0.03418 0.038086
0 0.601562 0.352539 0.084961 0.077148
0 0.490234 0.055664 0.089844 0.056641
0 0.151367 0.681641 0.09375 0.040039
0 0.458008 0.319336 0.09082 0.058594
0 0.928711 0.558594 0.069336 0.042969
0 0.357422 0.621094 0.120117 0.070312
0 0.24707 0.194336 0.124023 0.047852
0 0.238281 0.609375 0.091797 0.050781
0 0.661133 0.025391 0.05957 0.048828
0 0.12793 0.19043 0.083984 0.05957
0 0.825195 0.989258 0.066406 0.021484
0 0.652344 0.116211 0.088867 0.063477
0 0.97168 0.282227 0.051758 0.06543
0 0.418945 0.599609 0.056641 0.042969
0 0.063477 0.621094 0.110352 0.045898
0 0.737305 0.325195 0.076172 0.037109
0 0.802734 0.52832 0.069336 0.038086
0 0.071289 0.673828 0.086914 0.050781
0 0.325195 0.740234 0.099609 0.041992
0 0.991211 0.535156 0.017578 0.050781
0 0.398438 0.879883 0.145508 0.046875
0 0.047852 0.916992 0.076172 0.036133
0 0.642578 0.306641 0.05957 0.060547
0 0.836914 0.283203 0.09668 0.077148
0 0.287109 0.28125 0.083008 0.040039
0 0.302734 0.989258 0.078125 0.017578
0 0.379883 0.508789 0.158203 0.091797
0 0.453125 0.9375 0.06543 0.044922
0 0.84082 0.735352 0.095703 0.055664
0 0.201172 0.894531 0.079102 0.042969
0 0.75 0.099609 0.078125 0.070312
0 0.796875 0.561523 0.035156 0.082031
0 0.543945 0.240234 0.160156 0.046875
0 0.789062 0.955078 0.074219 0.018555
0 0.264648 0.348633 0.077148 0.036133
0 0.400391 0.950195 0.070312 0.022461
0 0.910156 0.078125 0.069336 0.035156
0 0.522461 0.69043 0.077148 0.041016
0 0.032227 0.535156 0.060547 0.047852
0 0.209961 0.432617 0.083008 0.036133
0 0.766602 0.270508 0.069336 0.051758
0 0.75293 0.922852 0.057617 0.032227
0 0.024414 0.324219 0.046875 0.039062
0 0.810547 0.638672 0.091797 0.03125
0 0.154297 0.660156 0.095703 0.039062
0 0.119141 0.982422 0.083008 0.022461
0 0.566406 0.972656 0.064453 0.021484
0 0.59082 0.116211 0.071289 0.048828
0 0.02832 0.580078 0.053711 0.041016
0 0.708008 0.645508 0.061523 0.048828
0 0.525391 0.94043 0.051758 0.026367
0 0.28418 0.700195 0.071289 0.052734
0 0.897461 0.628906 0.098633 0.091797
0 0.712891 0.335938 0.05957 0.02832
0 0.477539 0.725586 0.047852 0.025391
0 0.993164 0.097656 0.013672 0.041992
0 0.335938 0.655273 0.053711 0.047852
0 0.519531 0.703125 0.070312 0.041016
0 0.970703 0.683594 0.057617 0.035156
0 0.158203 0.87793 0.078125 0.049805
0 0.463867 0.652344 0.042969 0.042969
0 0.732422 0.365234 0.086914 0.047852
