0 0.02832 0.587891 0.056641 0.066406
0 0.03125 0.674805 0.063477 0.071289
0 0.119141 0.625 0.054688 0.094727
0 0.0625 0.660156 0.0625 0.071289
0 0.154297 0.711914 0.080078 0.053711
0 0.19043 0.762695 0.066406 0.078125
0 0.298828 0.675781 0.079102 0.069336
0 0.222656 0.810547 0.068359 0.074219
0 0.100586 0.833008 0.075195 0.083008
0 0.260742 0.803711 0.05957 0.061523
0 0.3125 0.765625 0.108398 0.077148
0 0.405273 0.748047 0.072266 0.055664
0 0.328125 0.8125 0.072266 0.05957
0 0.344727 0.860352 0.068359 0.058594
0 0.388672 0.892578 0.086914 0.083008
0 0.521484 0.852539 0.077148 0.063477
0 0.566406 0.833984 0.05957 0.050781
0 0.041016 0.073242 0.077148 0.094727
0 0.014648 0.228516 0.030273 0.088867
0 0.152344 0.088867 0.109375 0.083008
0 0.15332 0.166992 0.074219 0.073242
0 0.125977 0.231445 0.061523 0.063477
0 0.229492 0.208008 0.074219 0.095703
0 0.178711 0.237305 0.047852 0.071289
0 0.154297 0.298828 0.070312 0.079102
0 0.204102 0.299805 0.053711 0.068359
0 0.138672 0.376953 0.074219 0.06543
0 0.352539 0.084961 0.078125 0.073242
0 0.597656 0.110352 0.071289 0.079102
0 0.571289 0.188477 0.071289 0.058594
0 0.701172 0.078125 0.080078 0.106445
0 0.760742 0.128906 0.078125 0.077148
0 0.787109 0.177734 0.051758 0.081055
0 0.767578 0.229492 0.064453 0.079102
0 0.817383 0.264648 0.070312 0.076172
0 0.708984 0.293945 0.0625 0.061523
0 0.857422 0.393555 0.067383 0.094727
0 0.952148 0.395508 0.05957 0.071289
0 0.74707 0.499023 0.078125 0.070312
0 0.677734 0.580078 0.06543 0.068359
0 0.612305 0.741211 0.063477 0.058594
0 0.670898 0.709961 0.070312 0.074219
0 0.754883 0.662109 0.071289 0.074219
0 0.703125 0.838867 0.063477 0.060547
0 0.738281 0.87207 0.050781 0.053711
0 0.874023 0.791992 0.06543 0.06543
0 0.90332 0.732422 0.077148 0.063477
0 0.908203 0.669922 0.066406 0.060547
0 0.804688 0.092773 0.039062 0.075195
0 0.911133 0.010742 0.040039 0.022461
0 0.992188 0.104492 0.014648 0.064453
0 0.989258 0.15918 0.021484 0.058594
0 0.876953 0.648438 0.046875 0.068359
0 0.022461 0.037109 0.045898 0.074219
0 0.009766 0.12793 0.017578 0.038086
0 0.15332 0.103516 0.088867 0.103516
0 0.107422 0.109375 0.035156 0.036133
