0 0.209961 0.125 0.080078 0.077148
0 0.082031 0.359375 0.087891 0.086914
0 0.137695 0.574219 0.077148 0.094727
0 0.214844 0.058594 0.070312 0.0625
0 0.350586 0.229492 0.087891 0.084961
0 0.305664 0.384766 0.123047 0.099609
0 0.969727 0.24707 0.05957 0.0625
0 0.269531 0.105469 0.064453 0.067383
0 0.033203 0.477539 0.066406 0.083984
0 0.024414 0.271484 0.049805 0.079102
0 0.21875 0.245117 0.064453 0.046875
0 0.163086 0.368164 0.087891 0.097656
0 0.269531 0.651367 0.097656 0.094727
0 0.241211 0.581055 0.069336 0.078125
0 0.051758 0.680664 0.084961 0.112305
0 0.155273 0.740234 0.057617 0.086914
0 0.353516 0.647461 0.080078 0.078125
0 0.373047 0.455078 0.0625 0.067383
0 0.270508 0.170898 0.067383 0.078125
0 0.321289 0.549805 0.092773 0.103516
0 0.027344 0.382812 0.047852 0.072266
