0 0.19043 0.316406 0.128906 0.05957
0 0.148438 0.243164 0.045898 0.072266
0 0.072266 0.160156 0.045898 0.086914
0 0.03418 0.083008 0.068359 0.081055
0 0.020508 0.18457 0.041992 0.053711
0 0.027344 0.349609 0.054688 0.118164
0 0.114258 0.422852 0.099609 0.072266
0 0.370117 0.413086 0.082031 0.112305
0 0.46582 0.516602 0.079102 0.105469
0 0.384766 0.629883 0.134766 0.105469
0 0.508789 0.716797 0.085938 0.085938
0 0.257812 0.685547 0.108398 0.071289
0 0.212891 0.610352 0.048828 0.064453
0 0.133789 0.592773 0.067383 0.106445
0 0.154297 0.717773 0.076172 0.067383
0 0.0625 0.646484 0.050781 0.061523
0 0.030273 0.647461 0.060547 0.05957
0 0.09668 0.508789 0.044922 0.064453
0 0.688477 0.892578 0.0625 0.076172
0 0.647461 0.738281 0.070312 0.056641
0 0.703125 0.547852 0.058594 0.106445
0 0.629883 0.550781 0.053711 0.075195
0 0.834961 0.412109 0.05957 0.057617
0 0.96875 0.249023 0.060547 0.108398
0 0.922852 0.134766 0.071289 0.109375
0 0.733398 0.073242 0.132812 0.147461
0 0.884766 0.548828 0.078125 0.091797
0 0.946289 0.518555 0.052734 0.076172
0 0.97168 0.643555 0.056641 0.106445
0 0.972656 0.732422 0.046875 0.069336
0 0.78125 0.768555 0.094727 0.080078
0 0.862305 0.845703 0.099609 0.083984
0 0.848633 0.708984 0.12793 0.082031
0 0.720703 0.671875 0.06543 0.063477
0 0.751953 0.608398 0.080078 0.05957
0 0.102539 0.841797 0.060547 0.064453
0 0.223633 0.037109 0.09082 0.075195
0 0.263672 0.070312 0.089844 0.099609
0 0.335938 0.113281 0.071289 0.118164
0 0.310547 0.243164 0.078125 0.081055
0 0.404297 0.22168 0.05957 0.072266
0 0.416016 0.306641 0.102539 0.064453
0 0.510742 0.404297 0.081055 0.09375
0 0.598633 0.271484 0.083984 0.074219
0 0.680664 0.182617 0.0625 0.094727
0 0.577148 0.170898 0.077148 0.067383
0 0.541016 0.219727 0.091797 0.069336
0 0.397461 0.045898 0.075195 0.089844
0 0.258789 0.458984 0.066406 0.079102
0 0.266602 0.775391 0.055664 0.027344
0 0.112305 0.666016 0.066406 0.06543
0 0.797852 0.795898 0.094727 0.053711
0 0.618164 0.089844 0.101562 0.103516
0 0.067383 0.532227 0.0625 0.077148
0 0.024414 0.532227 0.049805 0.053711
0 0.302734 0.185547 0.087891 0.073242
