0 0.174805 0.128906 0.071289 0.125
0 0.049805 0.219727 0.098633 0.107422
0 0.273438 0.15918 0.078125 0.083008
0 0.319336 0.041992 0.083984 0.078125
0 0.387695 0.173828 0.125 0.068359
0 0.639648 0.077148 0.165039 0.082031
0 0.608398 0.303711 0.077148 0.077148
0 0.785156 0.041016 0.042969 0.057617
0 0.764648 0.165039 0.051758 0.050781
0 0.765625 0.349609 0.111328 0.134766
0 0.925781 0.111328 0.053711 0.057617
0 0.904297 0.416016 0.060547 0.082031
0 0.644531 0.516602 0.124023 0.084961
0 0.481445 0.52832 0.074219 0.101562
0 0.369141 0.530273 0.057617 0.058594
0 0.261719 0.526367 0.078125 0.073242
0 0.242188 0.609375 0.152344 0.136719
0 0.092773 0.516602 0.070312 0.053711
0 0.241211 0.802734 0.055664 0.084961
0 0.431641 0.727539 0.081055 0.066406
0 0.49707 0.625 0.104492 0.05957
0 0.527344 0.769531 0.055664 0.099609
0 0.460938 0.770508 0.086914 0.087891
0 0.546875 0.868164 0.05957 0.068359
0 0.389648 0.911133 0.088867 0.071289
0 0.244141 0.941406 0.201172 0.117188
0 0.051758 0.865234 0.09375 0.213867
0 0.948242 0.951172 0.103516 0.075195
0 0.830078 0.854492 0.095703 0.092773
0 0.713867 0.78125 0.142578 0.115234
0 0.704102 0.680664 0.084961 0.080078
0 0.808594 0.714844 0.092773 0.070312
0 0.87207 0.723633 0.057617 0.05957
0 0.828125 0.640625 0.067383 0.09375
0 0.719727 0.609375 0.112305 0.073242
0 0.978516 0.46582 0.041992 0.053711
0 0.882812 0.391602 0.06543 0.068359
0 0.083008 0.987305 0.055664 0.025391
0 0.224609 0.980469 0.074219 0.038086
