0 0.643555 0.061523 0.058594 0.103516
0 0.711914 0.679688 0.054688 0.09668
0 0.735352 0.204102 0.102539 0.076172
0 0.408203 0.058594 0.070312 0.116211
0 0.563477 0.172852 0.073242 0.095703
0 0.816406 0.518555 0.0625 0.094727
0 0.59375 0.84082 0.126953 0.103516
0 0.614258 0.734375 0.044922 0.100586
0 0.959961 0.125977 0.051758 0.115234
0 0.960938 0.069336 0.057617 0.081055
0 0.492188 0.824219 0.061523 0.085938
0 0.288086 0.223633 0.078125 0.101562
0 0.423828 0.670898 0.058594 0.133789
0 0.380859 0.725586 0.111328 0.099609
0 0.303711 0.469727 0.083984 0.053711
0 0.71582 0.46875 0.080078 0.069336
0 0.708984 0.267578 0.056641 0.082031
0 0.130859 0.496094 0.078125 0.126953
0 0.862305 0.331055 0.030273 0.106445
0 0.530273 0.510742 0.058594 0.121094
0 0.930664 0.709961 0.036133 0.083984
0 0.96875 0.811523 0.044922 0.085938
0 0.930664 0.820312 0.045898 0.12207
0 0.030273 0.083984 0.060547 0.047852
0 0.785156 0.530273 0.058594 0.085938
0 0.935547 0.90332 0.089844 0.06543
0 0.480469 0.102539 0.041016 0.118164
0 0.670898 0.814453 0.112305 0.043945
0 0.892578 0.964844 0.131836 0.069336
0 0.09082 0.571289 0.068359 0.072266
0 0.467773 0.28125 0.05957 0.070312
0 0.647461 0.963867 0.027344 0.071289
0 0.891602 0.213867 0.042969 0.077148
0 0.780273 0.448242 0.040039 0.083984
0 0.37207 0.90918 0.032227 0.164062
0 0.628906 0.510742 0.069336 0.111328
0 0.405273 0.464844 0.079102 0.073242
0 0.660156 0.460938 0.103516 0.094727
0 0.751953 0.269531 0.039062 0.099609
0 0.202148 0.448242 0.035156 0.148438
0 0.352539 0.02832 0.086914 0.057617
0 0.599609 0.383789 0.103516 0.079102
0 0.508789 0.114258 0.029297 0.103516
0 0.358398 0.229492 0.126953 0.048828
0 0.415039 0.272461 0.070312 0.0625
0 0.974609 0.490234 0.050781 0.074219
0 0.173828 0.022461 0.041992 0.045898
0 0.911133 0.481445 0.039062 0.058594
0 0.511719 0.027344 0.045898 0.055664
0 0.579102 0.029297 0.053711 0.05957
0 0.014648 0.982422 0.029297 0.035156
0 0.763672 0.883789 0.073242 0.043945
0 0.505859 0.896484 0.03418 0.053711
0 0.638672 0.512695 0.027344 0.108398
0 0.125977 0.060547 0.042969 0.069336
0 0.026367 0.052734 0.053711 0.041016
0 0.341797 0.979492 0.038086 0.040039
0 0.333008 0.538086 0.037109 0.051758
0 0.954102 0.018555 0.037109 0.038086
0 0.154297 0.649414 0.080078 0.070312
0 0.798828 0.524414 0.0625 0.091797
0 0.641602 0.71875 0.055664 0.041016
0 0.874023 0.407227 0.040039 0.080078
0 0.691406 0.251953 0.097656 0.052734
0 0.884766 0.487305 0.049805 0.060547
0 0.201172 0.463867 0.148438 0.109375
0 0.175781 0.300781 0.141602 0.160156
0 0.166016 0.260742 0.088867 0.06543
0 0.051758 0.25293 0.073242 0.084961
0 0.049805 0.195312 0.091797 0.120117
0 0.085938 0.181641 0.136719 0.111328
0 0.379883 0.28418 0.035156 0.051758
0 0.344727 0.274414 0.033203 0.051758
0 0.785156 0.782227 0.072266 0.09668
0 0.803711 0.75293 0.080078 0.107422
0 0.831055 0.726562 0.09668 0.123047
0 0.838867 0.680664 0.104492 0.144531
