0 0.033203 0.085938 0.067383 0.114258
0 0.21582 0.040039 0.117188 0.080078
0 0.762695 0.039062 0.083008 0.058594
0 0.666016 0.09375 0.074219 0.115234
0 0.642578 0.189453 0.09668 0.149414
0 0.826172 0.214844 0.061523 0.073242
0 0.448242 0.172852 0.217773 0.15625
0 0.201172 0.139648 0.091797 0.141602
0 0.165039 0.28418 0.094727 0.103516
0 0.047852 0.544922 0.095703 0.160156
0 0.160156 0.567383 0.142578 0.131836
0 0.199219 0.428711 0.086914 0.107422
0 0.298828 0.40625 0.09668 0.081055
0 0.418945 0.287109 0.079102 0.144531
0 0.608398 0.387695 0.069336 0.111328
0 0.72168 0.336914 0.081055 0.09375
0 0.814453 0.383789 0.109375 0.067383
0 0.793945 0.536133 0.075195 0.206055
0 0.461914 0.59375 0.189453 0.166016
0 0.324219 0.742188 0.136719 0.277344
0 0.452148 0.858398 0.067383 0.085938
0 0.59375 0.861328 0.103516 0.095703
0 0.68457 0.701172 0.198242 0.145508
0 0.566406 0.642578 0.069336 0.094727
0 0.84082 0.771484 0.109375 0.163086
0 0.353516 0.969727 0.208008 0.060547
0 0.922852 0.490234 0.061523 0.100586
0 0.844727 0.608398 0.068359 0.083008
0 0.982422 0.538086 0.03418 0.195312
0 0.97168 0.375 0.056641 0.086914
0 0.905273 0.189453 0.091797 0.088867
0 0.90332 0.03125 0.070312 0.060547
0 0.969727 0.026367 0.060547 0.052734
0 0.769531 0.141602 0.076172 0.055664
