0 0.460938 0.833008 0.105469 0.087891
0 0.587891 0.619141 0.083008 0.114258
0 0.799805 0.589844 0.080078 0.089844
0 0.571289 0.969727 0.084961 0.060547
0 0.59082 0.135742 0.072266 0.117188
0 0.347656 0.15332 0.083984 0.124023
0 0.649414 0.942383 0.070312 0.080078
0 0.700195 0.551758 0.073242 0.094727
0 0.922852 0.862305 0.086914 0.115234
0 0.503906 0.126953 0.075195 0.125
0 0.880859 0.710938 0.082031 0.097656
0 0.600586 0.431641 0.082031 0.120117
0 0.875 0.515625 0.077148 0.078125
0 0.535156 0.447266 0.12207 0.150391
0 0.696289 0.21875 0.086914 0.149414
0 0.697266 0.835938 0.05957 0.113281
0 0.707031 0.460938 0.070312 0.082031
0 0.708008 0.735352 0.083008 0.073242
0 0.951172 0.365234 0.097656 0.077148
0 0.454102 0.525391 0.066406 0.078125
0 0.84668 0.77832 0.100586 0.097656
0 0.561523 0.041992 0.049805 0.080078
0 0.729492 0.074219 0.089844 0.145508
0 0.833008 0.507812 0.052734 0.092773
0 0.851562 0.393555 0.069336 0.117188
0 0.966797 0.911133 0.066406 0.05957
0 0.960938 0.049805 0.077148 0.094727
0 0.587891 0.847656 0.061523 0.088867
0 0.80957 0.026367 0.041992 0.053711
0 0.875977 0.074219 0.076172 0.110352
0 0.643555 0.835938 0.072266 0.089844
0 0.496094 0.036133 0.087891 0.070312
