0 0.873047 0.011719 0.086914 0.024414
0 0.939453 0.047852 0.099609 0.076172
0 0.652344 0.046875 0.072266 0.094727
0 0.732422 0.055664 0.083984 0.074219
0 0.651367 0.141602 0.086914 0.06543
0 0.09375 0.070312 0.070312 0.111328
0 0.208984 0.180664 0.111328 0.067383
0 0.088867 0.233398 0.085938 0.063477
0 0.357422 0.375 0.118164 0.103516
0 0.291016 0.461914 0.099609 0.075195
0 0.517578 0.492188 0.133789 0.103516
0 0.47168 0.615234 0.101562 0.087891
0 0.209961 0.673828 0.125 0.063477
0 0.053711 0.701172 0.108398 0.081055
0 0.329102 0.887695 0.124023 0.071289
0 0.489258 0.856445 0.149414 0.081055
0 0.665039 0.631836 0.150391 0.09375
0 0.832031 0.696289 0.084961 0.076172
0 0.953125 0.701172 0.092773 0.142578
0 0.871094 0.425781 0.086914 0.083984
0 0.760742 0.330078 0.075195 0.056641
0 0.631836 0.289062 0.100586 0.076172
0 0.523438 0.226562 0.091797 0.075195
0 0.551758 0.147461 0.089844 0.069336
0 0.927734 0.202148 0.09082 0.071289
0 0.838867 0.197266 0.074219 0.064453
0 0.821289 0.976562 0.150391 0.046875
0 0.206055 0.978516 0.136719 0.041992
0 0.208984 0.939453 0.089844 0.052734
0 0.420898 0.583008 0.110352 0.074219
