0 0.066406 0.418945 0.133789 0.070312
0 0.505859 0.418945 0.074219 0.082031
0 0.587891 0.478516 0.073242 0.079102
0 0.821289 0.504883 0.12793 0.067383
0 0.832031 0.43457 0.106445 0.083984
0 0.723633 0.425781 0.108398 0.0625
0 0.611328 0.382812 0.083984 0.076172
0 0.744141 0.311523 0.0625 0.0625
0 0.805664 0.189453 0.129883 0.085938
0 0.671875 0.131836 0.098633 0.072266
0 0.572266 0.121094 0.124023 0.082031
0 0.384766 0.22168 0.139648 0.108398
0 0.59082 0.245117 0.087891 0.064453
0 0.50293 0.208984 0.091797 0.083008
0 0.498047 0.292969 0.09082 0.083984
0 0.449219 0.376953 0.085938 0.064453
0 0.960938 0.040039 0.077148 0.080078
0 0.84668 0.02832 0.058594 0.056641
0 0.963867 0.878906 0.072266 0.072266
0 0.742188 0.841797 0.115234 0.066406
0 0.671875 0.967773 0.088867 0.063477
0 0.493164 0.912109 0.09082 0.079102
0 0.370117 0.928711 0.175781 0.142578
0 0.49707 0.65918 0.147461 0.141602
0 0.311523 0.743164 0.146484 0.040039
0 0.079102 0.723633 0.081055 0.072266
0 0.242188 0.819336 0.186523 0.116211
0 0.073242 0.849609 0.141602 0.055664
0 0.672852 0.331055 0.082031 0.056641
0 0.863281 0.676758 0.119141 0.117188
0 0.878906 0.94043 0.123047 0.119141
