0 0.578125 0.041992 0.058594 0.083984
0 0.97168 0.06543 0.037109 0.09082
0 0.042969 0.69043 0.085938 0.092773
0 0.504883 0.785156 0.095703 0.081055
0 0.777344 0.239258 0.039062 0.09375
0 0.013672 0.033203 0.027344 0.0625
0 0.263672 0.620117 0.104492 0.0625
0 0.638672 0.227539 0.040039 0.100586
0 0.347656 0.694336 0.087891 0.035156
0 0.65918 0.165039 0.066406 0.092773
0 0.953125 0.524414 0.088867 0.049805
0 0.316406 0.063477 0.092773 0.040039
0 0.210938 0.3125 0.085938 0.033203
0 0.155273 0.62207 0.061523 0.056641
0 0.583008 0.229492 0.060547 0.0625
0 0.130859 0.320312 0.083984 0.047852
0 0.336914 0.5625 0.078125 0.051758
0 0.373047 0.012695 0.081055 0.026367
0 0.961914 0.969727 0.040039 0.060547
0 0.524414 0.607422 0.0625 0.069336
0 0.47168 0.556641 0.056641 0.058594
0 0.145508 0.27832 0.060547 0.035156
0 0.410156 0.455078 0.035156 0.129883
0 0.910156 0.666016 0.064453 0.041992
0 0.060547 0.271484 0.041992 0.103516
0 0.177734 0.600586 0.118164 0.064453
0 0.449219 0.25293 0.058594 0.038086
0 0.948242 0.919922 0.083984 0.049805
0 0.652344 0.113281 0.041016 0.057617
0 0.458984 0.604492 0.063477 0.042969
0 0.742188 0.291992 0.043945 0.077148
0 0.671875 0.5 0.02832 0.054688
0 0.248047 0.544922 0.095703 0.056641
0 0.259766 0.984375 0.087891 0.026367
0 0.014648 0.162109 0.029297 0.018555
0 0.023438 0.993164 0.047852 0.012695
0 0.279297 0.989258 0.047852 0.021484
0 0.345703 0.74707 0.047852 0.041016
0 0.987305 0.606445 0.024414 0.0625
0 0.352539 0.681641 0.081055 0.02832
0 0.425781 0.014648 0.05957 0.029297
0 0.986328 0.766602 0.027344 0.068359
0 0.789062 0.56543 0.067383 0.088867
0 0.893555 0.600586 0.036133 0.057617
0 0.765625 0.608398 0.072266 0.046875
0 0.852539 0.605469 0.081055 0.03125
