0 0.368164 0.191406 0.080078 0.108398
0 0.378906 0.297852 0.085938 0.068359
0 0.501953 0.325195 0.074219 0.06543
0 0.424805 0.49707 0.077148 0.073242
0 0.522461 0.674805 0.052734 0.057617
0 0.513672 0.740234 0.071289 0.071289
0 0.452148 0.841797 0.080078 0.064453
0 0.431641 0.926758 0.112305 0.099609
0 0.579102 0.976562 0.084961 0.046875
0 0.782227 0.975586 0.066406 0.048828
0 0.955078 0.939453 0.05957 0.054688
0 0.775391 0.939453 0.058594 0.055664
0 0.786133 0.834961 0.080078 0.060547
0 0.77832 0.706055 0.085938 0.091797
0 0.918945 0.457031 0.15332 0.098633
0 0.833984 0.334961 0.076172 0.080078
0 0.913086 0.250977 0.085938 0.083008
0 0.695312 0.202148 0.100586 0.067383
