0 0.194336 0.030273 0.064453 0.060547
0 0.271484 0.044922 0.072266 0.067383
0 0.19043 0.09375 0.06543 0.074219
0 0.402344 0.071289 0.071289 0.086914
0 0.338867 0.21582 0.084961 0.082031
0 0.198242 0.350586 0.084961 0.055664
0 0.104492 0.298828 0.051758 0.068359
0 0.154297 0.30957 0.057617 0.060547
0 0.308594 0.422852 0.073242 0.075195
0 0.233398 0.446289 0.09375 0.085938
0 0.133789 0.50293 0.084961 0.067383
0 0.055664 0.678711 0.097656 0.075195
0 0.166016 0.674805 0.099609 0.070312
0 0.337891 0.650391 0.081055 0.083008
0 0.431641 0.538086 0.083008 0.077148
0 0.414062 0.472656 0.082031 0.068359
0 0.597656 0.445312 0.089844 0.070312
0 0.595703 0.505859 0.066406 0.069336
0 0.538086 0.569336 0.097656 0.072266
0 0.331055 0.90625 0.106445 0.103516
0 0.257812 0.839844 0.069336 0.072266
0 0.263672 0.90332 0.052734 0.060547
0 0.0625 0.881836 0.061523 0.080078
0 0.125 0.973633 0.067383 0.052734
0 0.824219 0.975586 0.054688 0.047852
0 0.875977 0.985352 0.079102 0.029297
0 0.729492 0.924805 0.0625 0.053711
0 0.533203 0.924805 0.073242 0.063477
0 0.573242 0.830078 0.084961 0.099609
0 0.790039 0.834961 0.075195 0.120117
0 0.679688 0.821289 0.048828 0.067383
0 0.46582 0.711914 0.071289 0.060547
0 0.688477 0.400391 0.061523 0.073242
0 0.776367 0.379883 0.083008 0.076172
0 0.680664 0.287109 0.091797 0.066406
0 0.575195 0.242188 0.083984 0.083008
0 0.40918 0.237305 0.075195 0.083984
0 0.442383 0.176758 0.086914 0.066406
0 0.539062 0.133789 0.075195 0.060547
0 0.553711 0.18457 0.09375 0.056641
0 0.668945 0.673828 0.057617 0.064453
0 0.693359 0.18457 0.082031 0.09668
0 0.46875 0.03418 0.055664 0.069336
0 0.858398 0.06543 0.117188 0.073242
0 0.892578 0.142578 0.105469 0.095703
0 0.925781 0.194336 0.049805 0.080078
0 0.97168 0.199219 0.056641 0.072266
0 0.919922 0.299805 0.063477 0.066406
0 0.982422 0.291992 0.03418 0.055664
0 0.169922 0.819336 0.085938 0.089844
0 0.827148 0.4375 0.076172 0.085938
0 0.770508 0.634766 0.069336 0.058594
0 0.285156 0.969727 0.078125 0.05957
0 0.59375 0.855469 0.155273 0.111328
0 0.05957 0.012695 0.076172 0.026367
0 0.946289 0.482422 0.068359 0.064453
0 0.014648 0.634766 0.029297 0.056641
0 0.013672 0.970703 0.02832 0.057617
0 0.986328 0.800781 0.022461 0.069336
