0 0.055664 0.373047 0.077148 0.078125
0 0.072266 0.310547 0.081055 0.069336
0 0.172852 0.329102 0.083984 0.092773
0 0.265625 0.381836 0.080078 0.118164
0 0.164062 0.146484 0.144531 0.084961
0 0.023438 0.241211 0.047852 0.069336
0 0.779297 0.109375 0.105469 0.077148
0 0.697266 0.198242 0.083008 0.077148
0 0.455078 0.103516 0.088867 0.070312
0 0.850586 0.263672 0.084961 0.067383
0 0.760742 0.269531 0.073242 0.044922
0 0.958984 0.306641 0.082031 0.072266
0 0.71582 0.487305 0.098633 0.070312
0 0.950195 0.441406 0.098633 0.066406
0 0.511719 0.334961 0.097656 0.063477
0 0.501953 0.505859 0.109375 0.094727
0 0.613281 0.495117 0.09082 0.057617
0 0.588867 0.598633 0.077148 0.073242
0 0.455078 0.623047 0.088867 0.09668
0 0.900391 0.708008 0.095703 0.080078
0 0.289062 0.584961 0.076172 0.063477
0 0.074219 0.59082 0.12207 0.080078
0 0.192383 0.642578 0.043945 0.050781
0 0.250977 0.6875 0.100586 0.082031
0 0.102539 0.731445 0.066406 0.061523
0 0.332031 0.84082 0.144531 0.09082
0 0.742188 0.891602 0.111328 0.09082
0 0.867188 0.921875 0.105469 0.05957
0 0.87793 0.857422 0.094727 0.058594
0 0.133789 0.866211 0.081055 0.083008
0 0.211914 0.883789 0.104492 0.109375
0 0.238281 0.964844 0.104492 0.070312
0 0.680664 0.730469 0.102539 0.083008
