0 0.977539 0.449219 0.041016 0.166992
0 0.87793 0.47168 0.105469 0.149414
0 0.81543 0.568359 0.069336 0.094727
0 0.77832 0.594727 0.084961 0.085938
0 0.96875 0.710938 0.0625 0.109375
0 0.942383 0.765625 0.039062 0.072266
0 0.894531 0.782227 0.069336 0.085938
0 0.858398 0.836914 0.098633 0.061523
0 0.966797 0.853516 0.057617 0.071289
0 0.873047 0.979492 0.069336 0.040039
0 0.474609 0.962891 0.101562 0.064453
0 0.395508 0.975586 0.084961 0.047852
0 0.095703 0.96582 0.09375 0.068359
0 0.030273 0.975586 0.061523 0.048828
0 0.25293 0.826172 0.100586 0.046875
0 0.379883 0.870117 0.09082 0.060547
0 0.443359 0.756836 0.069336 0.064453
0 0.37793 0.673828 0.108398 0.086914
0 0.314453 0.734375 0.063477 0.061523
0 0.358398 0.792969 0.088867 0.067383
0 0.171875 0.792969 0.069336 0.055664
0 0.145508 0.822266 0.060547 0.054688
0 0.80957 0.749023 0.089844 0.049805
0 0.828125 0.705078 0.069336 0.063477
0 0.804688 0.786133 0.094727 0.047852
0 0.688477 0.686523 0.108398 0.053711
0 0.706055 0.586914 0.055664 0.081055
0 0.663086 0.547852 0.094727 0.109375
0 0.639648 0.316406 0.060547 0.104492
0 0.75293 0.217773 0.095703 0.042969
0 0.869141 0.272461 0.143555 0.073242
0 0.928711 0.191406 0.051758 0.084961
0 0.469727 0.037109 0.064453 0.047852
0 0.191406 0.066406 0.097656 0.113281
0 0.098633 0.077148 0.064453 0.121094
0 0.109375 0.18457 0.115234 0.079102
0 0.1875 0.279297 0.134766 0.0625
0 0.138672 0.382812 0.09082 0.066406
0 0.373047 0.464844 0.121094 0.155273
0 0.298828 0.501953 0.050781 0.120117
0 0.234375 0.474609 0.070312 0.061523
0 0.073242 0.244141 0.075195 0.080078
0 0.02832 0.21582 0.057617 0.092773
0 0.306641 0.100586 0.053711 0.12793
0 0.369141 0.129883 0.070312 0.129883
0 0.520508 0.212891 0.072266 0.083008
0 0.387695 0.306641 0.097656 0.064453
0 0.299805 0.195312 0.114258 0.068359
0 0.210938 0.193359 0.058594 0.066406
0 0.429688 0.118164 0.076172 0.037109
0 0.75293 0.326172 0.050781 0.050781
0 0.87207 0.363281 0.041016 0.054688
0 0.983398 0.790039 0.032227 0.056641
