0 0.746094 0.558594 0.193359 0.107422
0 0.27832 0.579102 0.098633 0.09375
0 0.848633 0.083008 0.076172 0.12793
0 0.21875 0.914062 0.120117 0.125
0 0.907227 0.014648 0.150391 0.029297
0 0.120117 0.932617 0.12793 0.112305
0 0.332031 0.891602 0.135742 0.206055
0 0.400391 0.273438 0.327148 0.139648
0 0.797852 0.296875 0.092773 0.150391
0 0.879883 0.202148 0.131836 0.264648
0 0.762695 0.735352 0.12207 0.086914
0 0.545898 0.12793 0.293945 0.12207
0 0.368164 0.044922 0.117188 0.089844
0 0.287109 0.081055 0.105469 0.162109
0 0.087891 0.631836 0.078125 0.079102
0 0.12793 0.419922 0.112305 0.080078
0 0.182617 0.427734 0.092773 0.323242
0 0.418945 0.045898 0.05957 0.046875
