0 0.106445 0.013672 0.212891 0.02832
0 0.69043 0.417969 0.138672 0.139648
0 0.206055 0.397461 0.320312 0.160156
0 0.345703 0.048828 0.297852 0.098633
0 0.140625 0.328125 0.282227 0.102539
0 0.84668 0.155273 0.306641 0.131836
0 0.904297 0.631836 0.191406 0.166016
0 0.821289 0.026367 0.154297 0.052734
0 0.975586 0.833008 0.048828 0.15918
0 0.759766 0.789062 0.103516 0.112305
0 0.422852 0.681641 0.379883 0.113281
0 0.582031 0.086914 0.152344 0.140625
0 0.804688 0.800781 0.076172 0.12207
0 0.830078 0.813477 0.083008 0.120117
0 0.949219 0.851562 0.046875 0.244141
0 0.067383 0.136719 0.135742 0.080078
0 0.234375 0.03418 0.232422 0.068359
0 0.353516 0.053711 0.250977 0.108398
