0 0.898438 0.12793 0.138672 0.077148
0 0.736328 0.160156 0.092773 0.0625
0 0.442383 0.047852 0.067383 0.09668
0 0.412109 0.112305 0.081055 0.072266
0 0.498047 0.134766 0.09082 0.061523
0 0.594727 0.225586 0.054688 0.079102
0 0.582031 0.350586 0.080078 0.069336
0 0.899414 0.242188 0.081055 0.104492
0 0.932617 0.327148 0.070312 0.063477
0 0.693359 0.375977 0.079102 0.116211
0 0.696289 0.477539 0.09082 0.077148
0 0.588867 0.444336 0.094727 0.092773
0 0.907227 0.579102 0.067383 0.071289
0 0.972656 0.475586 0.053711 0.12793
0 0.74707 0.732422 0.085938 0.085938
0 0.597656 0.664062 0.201172 0.078125
0 0.432617 0.540039 0.080078 0.15332
0 0.417969 0.65625 0.095703 0.089844
0 0.362305 0.647461 0.077148 0.083984
0 0.300781 0.682617 0.084961 0.118164
0 0.425781 0.810547 0.081055 0.075195
0 0.363281 0.819336 0.078125 0.068359
0 0.356445 0.896484 0.058594 0.092773
0 0.445312 0.942383 0.086914 0.081055
0 0.615234 0.876953 0.091797 0.083008
0 0.686523 0.876953 0.064453 0.081055
0 0.824219 0.874023 0.142578 0.083008
0 0.681641 0.958008 0.116211 0.083008
0 0.495117 0.970703 0.133789 0.055664
0 0.876953 0.96875 0.074219 0.0625
0 0.136719 0.302734 0.165039 0.084961
0 0.036133 0.44043 0.073242 0.074219
0 0.072266 0.550781 0.058594 0.104492
0 0.310547 0.457031 0.12207 0.074219
0 0.282227 0.526367 0.086914 0.073242
0 0.419922 0.400391 0.080078 0.075195
0 0.268555 0.042969 0.134766 0.086914
0 0.304688 0.075195 0.064453 0.064453
0 0.138672 0.952148 0.079102 0.053711
0 0.225586 0.777344 0.066406 0.064453
0 0.103516 0.986328 0.083008 0.026367
