0 0.056641 0.688477 0.094727 0.084961
0 0.94043 0.734375 0.107422 0.094727
0 0.583008 0.794922 0.068359 0.075195
0 0.939453 0.878906 0.120117 0.069336
0 0.886719 0.399414 0.084961 0.109375
0 0.688477 0.783203 0.082031 0.082031
0 0.775391 0.271484 0.102539 0.104492
0 0.858398 0.114258 0.091797 0.110352
0 0.760742 0.693359 0.082031 0.087891
0 0.682617 0.490234 0.072266 0.09082
0 0.915039 0.94043 0.066406 0.0625
0 0.80957 0.046875 0.105469 0.089844
0 0.870117 0.157227 0.095703 0.112305
0 0.854492 0.259766 0.080078 0.099609
0 0.979492 0.217773 0.040039 0.078125
0 0.84668 0.956055 0.063477 0.070312
0 0.947266 0.481445 0.105469 0.076172
0 0.885742 0.791992 0.0625 0.064453
0 0.939453 0.796875 0.074219 0.094727
0 0.700195 0.858398 0.077148 0.0625
0 0.947266 0.145508 0.083008 0.148438
