0 0.250977 0.802734 0.087891 0.077148
0 0.833984 0.303711 0.084961 0.075195
0 0.240234 0.640625 0.092773 0.072266
0 0.644531 0.264648 0.119141 0.069336
0 0.927734 0.34082 0.09668 0.078125
0 0.936523 0.610352 0.111328 0.09668
0 0.283203 0.40625 0.072266 0.075195
0 0.969727 0.760742 0.060547 0.0625
0 0.077148 0.517578 0.124023 0.070312
0 0.724609 0.12207 0.050781 0.050781
0 0.90918 0.185547 0.080078 0.102539
0 0.342773 0.470703 0.108398 0.078125
0 0.203125 0.21582 0.087891 0.072266
0 0.651367 0.8125 0.088867 0.078125
0 0.311523 0.157227 0.069336 0.070312
0 0.813477 0.235352 0.082031 0.067383
0 0.116211 0.223633 0.094727 0.072266
0 0.148438 0.323242 0.082031 0.056641
0 0.639648 0.930664 0.079102 0.049805
0 0.661133 0.149414 0.0625 0.070312
0 0.638672 0.432617 0.097656 0.086914
0 0.743164 0.549805 0.067383 0.044922
0 0.672852 0.314453 0.0625 0.035156
0 0.796875 0.001953 0.060547 0.004883
0 0.744141 0.412109 0.084961 0.054688
0 0.757812 0.496094 0.0625 0.052734
0 0.78125 0.150391 0.049805 0.057617
0 0.731445 0.180664 0.055664 0.0625
0 0.420898 0.191406 0.046875 0.06543
