0 0.787109 0.181641 0.115234 0.104492
0 0.171875 0.757812 0.125 0.119141
0 0.02832 0.514648 0.057617 0.12207
0 0.302734 0.72168 0.140625 0.112305
0 0.773438 0.830078 0.097656 0.102539
0 0.390625 0.450195 0.092773 0.083008
0 0.878906 0.650391 0.104492 0.12793
0 0.039062 0.140625 0.079102 0.112305
0 0.600586 0.128906 0.091797 0.083008
0 0.455078 0.238281 0.176758 0.097656
0 0.820312 0.336914 0.107422 0.082031
0 0.738281 0.410156 0.102539 0.075195
0 0.125 0.324219 0.112305 0.115234
0 0.503906 0.838867 0.069336 0.075195
0 0.228516 0.158203 0.18457 0.155273
0 0.637695 0.918945 0.092773 0.091797
0 0.9375 0.181641 0.125 0.123047
0 0.770508 0.727539 0.092773 0.084961
0 0.276367 0.456055 0.072266 0.080078
0 0.77832 0.566406 0.098633 0.088867
0 0.105469 0.902344 0.077148 0.089844
0 0.447266 0.897461 0.097656 0.084961
0 0.707031 0.631836 0.112305 0.097656
0 0.145508 0.516602 0.092773 0.075195
0 0.306641 0.962891 0.102539 0.074219
0 0.351562 0.363281 0.089844 0.075195
0 0.363281 0.507812 0.084961 0.060547
0 0.195312 0.246094 0.102539 0.072266
0 0.079102 0.432617 0.097656 0.06543
0 0.619141 0.177734 0.089844 0.089844
