0 0.731445 0.134766 0.104492 0.080078
0 0.726562 0.329102 0.094727 0.069336
0 0.860352 0.844727 0.083008 0.099609
0 0.772461 0.404297 0.102539 0.094727
0 0.914062 0.15918 0.170898 0.070312
0 0.802734 0.957031 0.118164 0.074219
0 0.610352 0.460938 0.084961 0.09082
0 0.850586 0.360352 0.137695 0.0625
0 0.785156 0.038086 0.102539 0.077148
0 0.885742 0.43457 0.140625 0.072266
0 0.780273 0.860352 0.108398 0.092773
0 0.865234 0.59668 0.102539 0.084961
0 0.925781 0.551758 0.148438 0.06543
0 0.919922 0.294922 0.152344 0.0625
0 0.837891 0.130859 0.100586 0.064453
0 0.875977 0.058594 0.117188 0.052734
0 0.930664 0.045898 0.132812 0.072266
0 0.032227 0.780273 0.06543 0.058594
0 0.958008 0.459961 0.083008 0.053711
