0 0.384766 0.0625 0.05957 0.110352
0 0.811523 0.535156 0.072266 0.083984
0 0.466797 0.037109 0.072266 0.075195
0 0.677734 0.253906 0.083008 0.081055
0 0.407227 0.165039 0.089844 0.087891
0 0.62793 0.53418 0.086914 0.081055
0 0.540039 0.150391 0.073242 0.074219
0 0.201172 0.089844 0.067383 0.084961
0 0.490234 0.431641 0.073242 0.06543
0 0.599609 0.224609 0.05957 0.075195
0 0.974609 0.126953 0.049805 0.06543
0 0.660156 0.397461 0.0625 0.120117
0 0.213867 0.530273 0.076172 0.064453
0 0.058594 0.505859 0.102539 0.073242
0 0.179688 0.303711 0.081055 0.066406
0 0.5 0.578125 0.076172 0.081055
0 0.810547 0.262695 0.0625 0.076172
0 0.088867 0.193359 0.085938 0.064453
0 0.393555 0.325195 0.070312 0.049805
0 0.447266 0.454102 0.064453 0.072266
0 0.107422 0.568359 0.107422 0.055664
0 0.100586 0.717773 0.120117 0.075195
0 0.338867 0.46875 0.0625 0.043945
0 0.060547 0.412109 0.083984 0.055664
0 0.709961 0.182617 0.064453 0.072266
0 0.445312 0.082031 0.057617 0.075195
0 0.734375 0.272461 0.055664 0.074219
0 0.737305 0.150391 0.060547 0.066406
0 0.723633 0.822266 0.051758 0.066406
0 0.546875 0.678711 0.085938 0.057617
0 0.205078 0.129883 0.088867 0.068359
0 0.970703 0.413086 0.057617 0.030273
0 0.105469 0.371094 0.061523 0.084961
0 0.663086 0.900391 0.070312 0.054688
0 0.132812 0.46875 0.109375 0.056641
0 0.629883 0.010742 0.075195 0.019531
0 0.830078 0.584961 0.081055 0.041992
0 0.158301 0.530762 0.119727 0.081738
0 0.349609 0.849609 0.083984 0.066406
0 0.582031 0.458984 0.081055 0.066406
0 0.583984 0.907227 0.101562 0.047852
0 0.351562 0.084961 0.067383 0.049805
0 0.197266 0.936523 0.070312 0.053711
0 0.649414 0.46875 0.040039 0.056641
0 0.518555 0.018555 0.043945 0.037109
0 0.786133 0.957031 0.070312 0.063477
0 0.97168 0.344727 0.056641 0.029297
0 0.026367 0.411133 0.052734 0.114258
0 0.53418 0.09375 0.057617 0.041016
0 0.375977 0.28125 0.073242 0.054688
0 0.553711 0.960938 0.067383 0.078125
0 0.243164 0.981445 0.09082 0.037109
0 0.056641 0.863281 0.103516 0.040039
0 0.689453 0.585938 0.053711 0.064453
0 0.955078 0.143555 0.053711 0.075195
0 0.354492 0.117188 0.058594 0.078125
0 0.195312 0.720703 0.064453 0.027344
0 0.599609 0.451172 0.067383 0.046875
0 0.071289 0.964844 0.074219 0.043945
0 0.344727 0.730469 0.041992 0.041016
0 0.019531 0.040039 0.039062 0.06543
0 0.251953 0.318359 0.091797 0.051758
0 0.02832 0.666016 0.053711 0.032227
0 0.780273 0.671875 0.053711 0.055664
0 0.319336 0.229492 0.052734 0.061523
0 0.308594 0.299805 0.043945 0.042969
0 0.164062 0.831055 0.083984 0.047852
0 0.226562 0.922852 0.069336 0.053711
0 0.483398 0.302734 0.047852 0.053711
0 0.50293 0.542969 0.115234 0.056641
0 0.820312 0.623047 0.039062 0.063477
0 0.491211 0.451172 0.072266 0.053711
0 0.420898 0.945312 0.080078 0.035156
0 0.337891 0.482422 0.0625 0.043945
0 0.138672 0.886719 0.061523 0.041016
0 0.880859 0.974609 0.049805 0.033203
0 0.469727 0.970703 0.129883 0.058594
0 0.306641 0.256836 0.057617 0.019531
0 0.795898 0.830078 0.054688 0.055664
0 0.448242 0.78418 0.064453 0.058594
0 0.535156 0.323242 0.055664 0.052734
0 0.125977 0.339844 0.060547 0.048828
0 0.726562 0.69043 0.0625 0.046875
0 0.475586 0.620117 0.047852 0.039062
0 0.149414 0.537109 0.092773 0.083008
