0 0.505859 0.482422 0.061523 0.087891
0 0.862305 0.373047 0.067383 0.074219
0 0.239258 0.671875 0.064453 0.088867
0 0.385742 0.830078 0.097656 0.077148
0 0.025391 0.141602 0.051758 0.067383
0 0.290039 0.654297 0.072266 0.072266
0 0.367188 0.760742 0.053711 0.072266
0 0.455078 0.646484 0.029297 0.102539
0 0.710938 0.686523 0.052734 0.067383
0 0.349609 0.395508 0.048828 0.119141
0 0.40332 0.077148 0.047852 0.073242
0 0.907227 0.801758 0.061523 0.069336
0 0.945312 0.362305 0.054688 0.079102
0 0.185547 0.764648 0.085938 0.06543
0 0.585938 0.438477 0.101562 0.081055
0 0.912109 0.44043 0.061523 0.083984
0 0.123047 0.073242 0.045898 0.076172
0 0.857422 0.72168 0.026367 0.092773
0 0.71582 0.027344 0.058594 0.043945
0 0.501953 0.042969 0.047852 0.0625
0 0.327148 0.113281 0.066406 0.06543
0 0.341797 0.416992 0.041016 0.094727
0 0.429688 0.455078 0.071289 0.09668
0 0.50293 0.726562 0.071289 0.046875
0 0.754883 0.411133 0.027344 0.077148
0 0.071289 0.341797 0.054688 0.054688
0 0.054688 0.765625 0.057617 0.056641
0 0.134766 0.12793 0.083984 0.079102
0 0.158203 0.22168 0.052734 0.040039
0 0.073242 0.466797 0.0625 0.032227
0 0.208984 0.261719 0.073242 0.032227
0 0.583008 0.147461 0.041016 0.12793
0 0.980469 0.655273 0.032227 0.069336
0 0.195312 0.193359 0.053711 0.047852
0 0.81543 0.201172 0.056641 0.033203
0 0.658203 0.723633 0.030273 0.067383
0 0.864258 0.885742 0.072266 0.042969
0 0.154297 0.018555 0.042969 0.038086
0 0.776367 0.635742 0.048828 0.067383
0 0.024414 0.256836 0.048828 0.037109
0 0.263672 0.337891 0.037109 0.047852
0 0.25293 0.505859 0.056641 0.042969
0 0.936523 0.208984 0.058594 0.042969
0 0.942383 0.767578 0.050781 0.036133
0 0.630859 0.329102 0.03125 0.042969
0 0.660156 0.522461 0.068359 0.036133
0 0.482422 0.358398 0.038086 0.058594
0 0.384766 0.345703 0.052734 0.03418
0 0.051758 0.81543 0.064453 0.041016
0 0.082031 0.924805 0.120117 0.036133
0 0.030273 0.287109 0.060547 0.026367
0 0.021484 0.964844 0.043945 0.015625
0 0.636719 0.265625 0.044922 0.03418
0 0.139648 0.834961 0.057617 0.027344
0 0.334961 0.820312 0.055664 0.056641
0 0.651367 0.499023 0.052734 0.038086
0 0.160156 0.71875 0.046875 0.061523
0 0.03418 0.844727 0.068359 0.045898
0 0.445312 0.816406 0.043945 0.018555
0 0.71582 0.791016 0.038086 0.046875
0 0.255859 0.764648 0.056641 0.040039
0 0.1875 0.893555 0.056641 0.047852
0 0.243164 0.915039 0.041016 0.055664
0 0.045898 0.036133 0.060547 0.042969
0 0.984375 0.299805 0.03125 0.039062
0 0.974609 0.171875 0.050781 0.048828
0 0.90625 0.008789 0.048828 0.018555
