0 0.05957 0.148438 0.119141 0.074219
0 0.24707 0.15332 0.061523 0.139648
0 0.298828 0.167969 0.054688 0.064453
0 0.140625 0.285156 0.057617 0.044922
0 0.363281 0.22168 0.072266 0.083984
0 0.515625 0.230469 0.09375 0.099609
0 0.59082 0.213867 0.054688 0.075195
0 0.442383 0.023438 0.091797 0.047852
0 0.792969 0.139648 0.128906 0.110352
0 0.769531 0.265625 0.058594 0.05957
0 0.94043 0.165039 0.073242 0.104492
0 0.527344 0.53418 0.106445 0.134766
0 0.479492 0.558594 0.064453 0.055664
0 0.699219 0.486328 0.060547 0.077148
0 0.292969 0.803711 0.106445 0.053711
0 0.551758 0.720703 0.072266 0.079102
0 0.569336 0.624023 0.072266 0.076172
0 0.68457 0.59375 0.054688 0.061523
0 0.658203 0.640625 0.047852 0.058594
0 0.682617 0.701172 0.066406 0.050781
0 0.651367 0.745117 0.073242 0.078125
0 0.617188 0.78125 0.119141 0.061523
0 0.541016 0.882812 0.079102 0.075195
0 0.804688 0.829102 0.111328 0.077148
0 0.929688 0.765625 0.063477 0.066406
0 0.977539 0.753906 0.043945 0.067383
0 0.816406 0.521484 0.063477 0.069336
0 0.905273 0.5625 0.061523 0.071289
0 0.974609 0.548828 0.049805 0.069336
0 0.804688 0.623047 0.15918 0.063477
0 0.799805 0.697266 0.064453 0.048828
0 0.80957 0.737305 0.078125 0.051758
0 0.112305 0.148438 0.070312 0.049805
