0 0.369141 0.107422 0.174805 0.083008
0 0.782227 0.142578 0.118164 0.084961
0 0.955078 0.047852 0.088867 0.095703
0 0.699219 0.261719 0.087891 0.079102
0 0.137695 0.789062 0.111328 0.100586
0 0.116211 0.175781 0.084961 0.101562
0 0.432617 0.029297 0.148438 0.058594
0 0.304688 0.416016 0.080078 0.082031
0 0.719727 0.722656 0.09668 0.181641
0 0.438477 0.429688 0.086914 0.095703
0 0.394531 0.586914 0.115234 0.095703
0 0.824219 0.291992 0.070312 0.119141
0 0.769531 0.553711 0.095703 0.155273
0 0.573242 0.460938 0.088867 0.094727
0 0.948242 0.356445 0.100586 0.080078
0 0.783203 0.222656 0.067383 0.056641
0 0.685547 0.587891 0.103516 0.086914
0 0.97168 0.919922 0.055664 0.089844
0 0.274414 0.829102 0.089844 0.09082
0 0.913086 0.639648 0.072266 0.066406
0 0.927734 0.864258 0.083008 0.099609
0 0.866211 0.824219 0.200195 0.104492
0 0.821289 0.732422 0.060547 0.052734
0 0.757812 0.855469 0.118164 0.142578
0 0.043945 0.412109 0.087891 0.075195
0 0.055664 0.974609 0.089844 0.049805
