0 0.532227 0.958984 0.075195 0.078125
0 0.171875 0.22168 0.054688 0.099609
0 0.081055 0.450195 0.073242 0.071289
0 0.068359 0.162109 0.067383 0.078125
0 0.405273 0.914062 0.084961 0.111328
0 0.541992 0.288086 0.055664 0.09668
0 0.523438 0.150391 0.05957 0.075195
0 0.912109 0.603516 0.073242 0.083984
0 0.050781 0.31543 0.046875 0.082031
0 0.296875 0.551758 0.050781 0.107422
0 0.342773 0.546875 0.023438 0.083984
0 0.103516 0.228516 0.119141 0.104492
0 0.039062 0.956055 0.078125 0.078125
0 0.006836 0.329102 0.014648 0.058594
0 0.52832 0.402344 0.053711 0.066406
0 0.979492 0.345703 0.037109 0.075195
0 0.454102 0.804688 0.051758 0.064453
0 0.698242 0.283203 0.042969 0.109375
0 0.624023 0.879883 0.054688 0.069336
0 0.478516 0.538086 0.052734 0.099609
0 0.90918 0.882812 0.057617 0.070312
0 0.015625 0.898438 0.03125 0.086914
0 0.366211 0.269531 0.023438 0.075195
0 0.146484 0.633789 0.042969 0.071289
0 0.760742 0.643555 0.050781 0.111328
0 0.838867 0.863281 0.035156 0.095703
0 0.963867 0.556641 0.036133 0.072266
0 0.925781 0.280273 0.085938 0.086914
0 0.668945 0.269531 0.0625 0.12793
0 0.337891 0.057617 0.042969 0.107422
0 0.295898 0.439453 0.067383 0.06543
0 0.832031 0.401367 0.068359 0.052734
0 0.385742 0.037109 0.025391 0.073242
0 0.092773 0.262695 0.058594 0.070312
0 0.982422 0.954102 0.035156 0.052734
0 0.330078 0.643555 0.050781 0.081055
0 0.521484 0.022461 0.035156 0.044922
0 0.638672 0.259766 0.025391 0.081055
0 0.702148 0.944336 0.060547 0.074219
0 0.415039 0.768555 0.073242 0.074219
0 0.780273 0.932617 0.052734 0.073242
0 0.318359 0.212891 0.079102 0.188477
0 0.666992 0.544922 0.106445 0.06543
0 0.887695 0.817383 0.029297 0.0625
0 0.291992 0.853516 0.046875 0.068359
0 0.711914 0.578125 0.041016 0.112305
0 0.37207 0.444336 0.047852 0.069336
0 0.412109 0.020508 0.039062 0.041992
0 0.208984 0.974609 0.044922 0.049805
0 0.080078 0.97168 0.041016 0.050781
0 0.017578 0.444336 0.035156 0.050781
0 0.282227 0.225586 0.042969 0.084961
0 0.194336 0.021484 0.02832 0.043945
0 0.296875 0.797852 0.051758 0.076172
0 0.191406 0.686523 0.044922 0.051758
0 0.02832 0.018555 0.054688 0.038086
0 0.025391 0.274414 0.051758 0.038086
0 0.408203 0.482422 0.032227 0.066406
0 0.859375 0.023438 0.043945 0.047852
0 0.788086 0.879883 0.036133 0.0625
0 0.013672 0.649414 0.02832 0.100586
0 0.166016 0.560547 0.029297 0.047852
0 0.348633 0.935547 0.044922 0.064453
0 0.1875 0.895508 0.037109 0.044922
0 0.823242 0.02832 0.024414 0.056641
0 0.263672 0.770508 0.041992 0.043945
0 0.142578 0.220703 0.051758 0.051758
0 0.401367 0.811523 0.076172 0.043945
0 0.612305 0.017578 0.043945 0.035156
0 0.03125 0.688477 0.050781 0.029297
0 0.214844 0.943359 0.071289 0.058594
0 0.802734 0.80957 0.032227 0.053711
0 0.109375 0.859375 0.078125 0.103516
0 0.09082 0.564453 0.03418 0.055664
0 0.801758 0.34082 0.040039 0.040039
0 0.339844 0.978516 0.045898 0.041992
0 0.642578 0.96875 0.046875 0.050781
0 0.691406 0.850586 0.047852 0.067383
0 0.044922 0.788086 0.058594 0.050781
