0 0.425781 0.578125 0.091797 0.082031
0 0.714844 0.125977 0.134766 0.126953
0 0.086914 0.605469 0.134766 0.117188
0 0.479492 0.375 0.119141 0.125
0 0.044922 0.162109 0.089844 0.113281
0 0.474609 0.766602 0.064453 0.069336
0 0.938477 0.75293 0.123047 0.118164
0 0.757812 0.744141 0.112305 0.069336
0 0.443359 0.202148 0.091797 0.099609
0 0.755859 0.65332 0.097656 0.052734
0 0.345703 0.646484 0.087891 0.09082
0 0.889648 0.560547 0.189453 0.092773
0 0.041016 0.404297 0.082031 0.160156
0 0.535156 0.96875 0.092773 0.0625
0 0.503906 0.636719 0.075195 0.054688
0 0.726562 0.330078 0.149414 0.102539
0 0.943359 0.376953 0.112305 0.106445
0 0.863281 0.166992 0.162109 0.084961
0 0.922852 0.038086 0.144531 0.072266
0 0.916992 0.821289 0.099609 0.05957
0 0.455078 0.052734 0.077148 0.102539
0 0.527344 0.029297 0.080078 0.054688
0 0.250977 0.177734 0.067383 0.080078
