0 0.216797 0.146484 0.053711 0.054688
0 0.109375 0.210938 0.079102 0.046875
0 0.099609 0.260742 0.09375 0.040039
0 0.181641 0.27832 0.103516 0.038086
0 0.054688 0.375 0.110352 0.078125
0 0.240234 0.345703 0.112305 0.044922
0 0.310547 0.366211 0.054688 0.042969
0 0.375 0.299805 0.102539 0.051758
0 0.425781 0.243164 0.095703 0.039062
0 0.289062 0.182617 0.094727 0.066406
0 0.400391 0.124023 0.113281 0.043945
0 0.507812 0.15332 0.038086 0.02832
0 0.564453 0.242188 0.134766 0.041016
0 0.625 0.261719 0.041016 0.042969
0 0.445312 0.404297 0.067383 0.064453
0 0.650391 0.341797 0.129883 0.079102
0 0.706055 0.333984 0.107422 0.042969
0 0.852539 0.332031 0.082031 0.064453
0 0.870117 0.456055 0.073242 0.042969
0 0.760742 0.270508 0.072266 0.030273
0 0.742188 0.237305 0.151367 0.042969
0 0.78418 0.175781 0.041992 0.082031
0 0.828125 0.15332 0.083984 0.084961
0 0.758789 0.113281 0.067383 0.056641
0 0.621094 0.094727 0.12793 0.073242
0 0.975586 0.133789 0.048828 0.044922
0 0.979492 0.280273 0.041016 0.041992
0 0.850586 0.704102 0.067383 0.054688
0 0.754883 0.791016 0.105469 0.078125
0 0.671875 0.695312 0.101562 0.051758
0 0.592773 0.632812 0.056641 0.039062
0 0.581055 0.601562 0.052734 0.03418
0 0.408203 0.670898 0.046875 0.032227
0 0.561523 0.835938 0.043945 0.069336
0 0.524414 0.958008 0.136719 0.083984
0 0.463867 0.819336 0.088867 0.058594
0 0.44043 0.828125 0.046875 0.066406
0 0.324219 0.80957 0.054688 0.091797
0 0.269531 0.839844 0.097656 0.055664
0 0.193359 0.84668 0.09082 0.037109
0 0.19043 0.706055 0.130859 0.036133
0 0.049805 0.743164 0.100586 0.063477
0 0.526367 0.064453 0.098633 0.088867
