0 0.713867 0.96582 0.084961 0.067383
0 0.831055 0.744141 0.09375 0.069336
0 0.749023 0.647461 0.137695 0.09668
0 0.628906 0.705078 0.071289 0.0625
0 0.556641 0.735352 0.074219 0.082031
0 0.477539 0.705078 0.094727 0.063477
0 0.429688 0.749023 0.088867 0.081055
0 0.617188 0.568359 0.078125 0.074219
0 0.686523 0.586914 0.066406 0.0625
0 0.334961 0.570312 0.098633 0.060547
0 0.397461 0.376953 0.117188 0.075195
0 0.703125 0.34082 0.073242 0.083984
0 0.615234 0.319336 0.057617 0.070312
0 0.561523 0.272461 0.081055 0.109375
0 0.488281 0.217773 0.061523 0.113281
0 0.811523 0.280273 0.087891 0.091797
0 0.933594 0.27832 0.085938 0.137695
0 0.977539 0.155273 0.044922 0.092773
0 0.450195 0.032227 0.106445 0.058594
0 0.249023 0.158203 0.066406 0.069336
0 0.133789 0.110352 0.050781 0.077148
0 0.044922 0.12793 0.089844 0.075195
0 0.169922 0.357422 0.080078 0.083008
0 0.019531 0.40332 0.040039 0.0625
0 0.132812 0.570312 0.123047 0.084961
0 0.134766 0.680664 0.084961 0.12793
0 0.208008 0.708008 0.066406 0.071289
