0 0.024414 0.101562 0.049805 0.116211
0 0.095703 0.333008 0.05957 0.092773
0 0.198242 0.323242 0.112305 0.051758
0 0.341797 0.31543 0.117188 0.073242
0 0.538086 0.274414 0.121094 0.063477
0 0.495117 0.209961 0.100586 0.068359
0 0.271484 0.373047 0.099609 0.0625
0 0.334961 0.462891 0.071289 0.067383
0 0.140625 0.517578 0.083984 0.071289
0 0.03418 0.448242 0.068359 0.085938
0 0.199219 0.662109 0.108398 0.070312
0 0.655273 0.535156 0.233398 0.188477
0 0.661133 0.478516 0.084961 0.061523
0 0.785156 0.459961 0.083984 0.066406
0 0.962891 0.691406 0.073242 0.078125
0 0.761719 0.291992 0.057617 0.073242
0 0.539062 0.103516 0.087891 0.055664
0 0.245117 0.045898 0.076172 0.071289
0 0.361328 0.044922 0.098633 0.089844
0 0.842773 0.133789 0.080078 0.073242
0 0.898438 0.25 0.087891 0.09082
0 0.964844 0.295898 0.055664 0.095703
0 0.201172 0.883789 0.098633 0.080078
0 0.179688 0.945312 0.100586 0.061523
0 0.378906 0.709961 0.110352 0.06543
0 0.380859 0.750977 0.098633 0.057617
0 0.614258 0.749023 0.099609 0.079102
0 0.704102 0.791992 0.102539 0.050781
0 0.621094 0.814453 0.070312 0.061523
0 0.693359 0.845703 0.098633 0.073242
0 0.87207 0.801758 0.111328 0.075195
0 0.908203 0.916992 0.081055 0.083984
0 0.785156 0.963867 0.075195 0.072266
0 0.547852 0.9375 0.109375 0.110352
0 0.358398 0.966797 0.09668 0.066406
