0 0.006836 0.529297 0.014648 0.068359
0 0.049805 0.493164 0.079102 0.081055
0 0.038086 0.691406 0.077148 0.130859
0 0.060547 0.924805 0.09082 0.149414
0 0.173828 0.875977 0.217773 0.244141
0 0.18457 0.573242 0.082031 0.202148
0 0.046875 0.251953 0.09375 0.112305
0 0.09375 0.101562 0.099609 0.203125
0 0.237305 0.075195 0.09082 0.107422
0 0.206055 0.259766 0.069336 0.110352
0 0.34375 0.320312 0.057617 0.111328
0 0.268555 0.364258 0.076172 0.073242
0 0.978516 0.03418 0.041992 0.069336
0 0.873047 0.285156 0.080078 0.071289
0 0.40918 0.311523 0.079102 0.083008
0 0.367188 0.429688 0.057617 0.081055
0 0.428711 0.541016 0.147461 0.069336
0 0.584961 0.509766 0.132812 0.0625
0 0.350586 0.640625 0.076172 0.128906
0 0.479492 0.709961 0.188477 0.063477
0 0.460938 0.801758 0.092773 0.174805
0 0.711914 0.547852 0.125 0.058594
0 0.779297 0.583008 0.066406 0.071289
0 0.837891 0.62793 0.09082 0.100586
0 0.758789 0.805664 0.15332 0.081055
0 0.924805 0.850586 0.111328 0.084961
0 0.923828 0.600586 0.123047 0.12793
0 0.855469 0.469727 0.154297 0.107422
0 0.975586 0.327148 0.047852 0.058594
0 0.980469 0.412109 0.039062 0.084961
0 0.916992 0.383789 0.070312 0.055664
0 0.688477 0.908203 0.058594 0.100586
0 0.760742 0.958008 0.072266 0.080078
0 0.808594 0.959961 0.06543 0.079102
0 0.963867 0.950195 0.072266 0.098633
0 0.527344 0.285156 0.084961 0.089844
0 0.657227 0.30957 0.097656 0.053711
0 0.609375 0.076172 0.205078 0.106445
