0 0.87207 0.039062 0.068359 0.079102
0 0.615234 0.611328 0.061523 0.083008
0 0.512695 0.100586 0.057617 0.087891
0 0.039062 0.40332 0.075195 0.072266
0 0.135742 0.182617 0.074219 0.097656
0 0.974609 0.668945 0.049805 0.081055
0 0.438477 0.554688 0.094727 0.047852
0 0.946289 0.326172 0.052734 0.086914
0 0.417969 0.200195 0.073242 0.111328
0 0.740234 0.216797 0.075195 0.069336
0 0.770508 0.163086 0.072266 0.068359
0 0.282227 0.388672 0.09375 0.072266
0 0.760742 0.581055 0.06543 0.049805
0 0.032227 0.923828 0.064453 0.080078
0 0.616211 0.095703 0.061523 0.066406
0 0.166992 0.338867 0.078125 0.077148
0 0.5 0.706055 0.073242 0.069336
0 0.55957 0.21582 0.067383 0.088867
0 0.732422 0.102539 0.046875 0.070312
0 0.098633 0.071289 0.068359 0.044922
0 0.849609 0.647461 0.071289 0.066406
0 0.786133 0.831055 0.074219 0.089844
0 0.216797 0.768555 0.066406 0.084961
0 0.148438 0.957031 0.098633 0.071289
0 0.363281 0.96875 0.055664 0.057617
0 0.609375 0.883789 0.09082 0.054688
0 0.244141 0.833984 0.083008 0.050781
0 0.428711 0.625977 0.110352 0.037109
0 0.758789 0.683594 0.056641 0.067383
0 0.226562 0.701172 0.06543 0.06543
0 0.982422 0.341797 0.03418 0.046875
0 0.119141 0.738281 0.061523 0.100586
0 0.212891 0.915039 0.086914 0.047852
0 0.079102 0.347656 0.084961 0.041992
0 0.628906 0.421875 0.073242 0.053711
0 0.654297 0.855469 0.082031 0.044922
0 0.473633 0.597656 0.118164 0.038086
0 0.505859 0.944336 0.066406 0.047852
0 0.217773 0.155273 0.113281 0.124023
0 0.693359 0.355469 0.060547 0.108398
0 0.048828 0.896484 0.06543 0.053711
0 0.874023 0.368164 0.09082 0.068359
0 0.31543 0.723633 0.073242 0.082031
0 0.146484 0.561523 0.087891 0.061523
0 0.894531 0.749023 0.058594 0.050781
0 0.849609 0.954102 0.075195 0.058594
0 0.185547 0.267578 0.091797 0.087891
0 0.624023 0.814453 0.089844 0.0625
0 0.396484 0.357422 0.055664 0.056641
0 0.552734 0.681641 0.073242 0.053711
0 0.249023 0.591797 0.09668 0.056641
0 0.555664 0.0625 0.06543 0.041992
0 0.667969 0.985352 0.074219 0.029297
0 0.28125 0.808594 0.054688 0.044922
0 0.21582 0.554688 0.041016 0.119141
0 0.09375 0.219727 0.071289 0.074219
0 0.079102 0.302734 0.091797 0.052734
0 0.398438 0.679688 0.054688 0.058594
0 0.237305 0.985352 0.072266 0.023438
0 0.119141 0.644531 0.071289 0.047852
0 0.928711 0.541992 0.048828 0.15332
0 0.555664 0.019531 0.052734 0.039062
0 0.96875 0.537109 0.043945 0.05957
0 0.817383 0.081055 0.055664 0.042969
0 0.667969 0.28418 0.086914 0.084961
0 0.607422 0.936523 0.058594 0.047852
0 0.40625 0.824219 0.072266 0.038086
0 0.599609 0.166992 0.124023 0.09082
0 0.171875 0.50293 0.054688 0.047852
0 0.453125 0.297852 0.051758 0.045898
0 0.112305 0.480469 0.0625 0.036133
0 0.762695 0.020508 0.040039 0.041016
0 0.849609 0.439453 0.036133 0.051758
0 0.914062 0.670898 0.036133 0.035156
0 0.545898 0.876953 0.069336 0.038086
0 0.569336 0.595703 0.06543 0.054688
0 0.085938 0.859375 0.098633 0.02832
0 0.738281 0.725586 0.069336 0.057617
0 0.114258 0.009766 0.037109 0.020508
0 0.520508 0.834961 0.055664 0.056641
0 0.026367 0.253906 0.050781 0.058594
0 0.181641 0.294922 0.100586 0.079102
0 0.568359 0.020508 0.048828 0.040039
0 0.928711 0.551758 0.058594 0.050781
0 0.689453 0.201172 0.054688 0.069336
0 0.12207 0.758789 0.097656 0.050781
