0 0.089844 0.022461 0.087891 0.044922
0 0.469727 0.043945 0.088867 0.087891
0 0.711914 0.299805 0.100586 0.105469
0 0.357422 0.25293 0.128906 0.107422
0 0.213867 0.155273 0.129883 0.101562
0 0.080078 0.279297 0.085938 0.132812
0 0.820312 0.485352 0.09375 0.103516
0 0.686523 0.706055 0.150391 0.185547
0 0.900391 0.614258 0.113281 0.166992
0 0.316406 0.338867 0.080078 0.161133
0 0.408203 0.507812 0.114258 0.170898
0 0.085938 0.517578 0.121094 0.214844
0 0.181641 0.270508 0.067383 0.111328
0 0.235352 0.399414 0.064453 0.112305
0 0.195312 0.588867 0.104492 0.103516
0 0.319336 0.84375 0.089844 0.099609
0 0.337891 0.950195 0.138672 0.075195
0 0.492188 0.896484 0.12793 0.083984
0 0.510742 0.954102 0.121094 0.09082
0 0.811523 0.055664 0.145508 0.09375
0 0.782227 0.152344 0.075195 0.063477
0 0.714844 0.540039 0.091797 0.081055
0 0.776367 0.876953 0.139648 0.125
0 0.068359 0.975586 0.107422 0.047852
0 0.268555 0.076172 0.104492 0.080078
0 0.410156 0.243164 0.15332 0.204102
