0 0.056641 0.444336 0.094727 0.105469
0 0.461914 0.320312 0.099609 0.108398
0 0.873047 0.286133 0.072266 0.084961
0 0.135742 0.662109 0.087891 0.109375
0 0.96582 0.474609 0.068359 0.105469
0 0.333984 0.274414 0.075195 0.089844
0 0.506836 0.475586 0.075195 0.132812
0 0.879883 0.357422 0.080078 0.067383
0 0.34668 0.78125 0.094727 0.120117
0 0.907227 0.12793 0.089844 0.067383
0 0.275391 0.386719 0.051758 0.104492
0 0.780273 0.791992 0.067383 0.140625
0 0.850586 0.62793 0.072266 0.102539
0 0.352539 0.498047 0.067383 0.072266
0 0.291016 0.171875 0.0625 0.064453
0 0.665039 0.941406 0.092773 0.100586
0 0.396484 0.166992 0.084961 0.080078
0 0.210938 0.783203 0.072266 0.087891
0 0.481445 0.605469 0.075195 0.107422
0 0.214844 0.924805 0.047852 0.148438
0 0.430664 0.444336 0.0625 0.084961
0 0.799805 0.272461 0.070312 0.080078
0 0.329102 0.589844 0.084961 0.125
0 0.259766 0.913086 0.079102 0.142578
0 0.78418 0.019531 0.075195 0.039062
0 0.308594 0.673828 0.107422 0.104492
0 0.032227 0.535156 0.06543 0.080078
0 0.204102 0.338867 0.087891 0.080078
0 0.162109 0.400391 0.074219 0.107422
0 0.25 0.375 0.117188 0.125
0 0.296875 0.617188 0.084961 0.115234
0 0.047852 0.874023 0.092773 0.139648
0 0.291992 0.936523 0.056641 0.123047
0 0.509766 0.913086 0.080078 0.162109
0 0.900391 0.96582 0.079102 0.067383
0 0.988281 0.323242 0.022461 0.12207
