0 0.416016 0.410156 0.118164 0.089844
0 0.716797 0.402344 0.118164 0.108398
0 0.855469 0.530273 0.092773 0.060547
0 0.975586 0.358398 0.048828 0.080078
0 0.890625 0.09375 0.076172 0.092773
0 0.848633 0.161133 0.151367 0.124023
0 0.581055 0.171875 0.113281 0.080078
0 0.667969 0.227539 0.068359 0.068359
0 0.498047 0.06543 0.145508 0.057617
0 0.394531 0.069336 0.066406 0.138672
0 0.322266 0.039062 0.079102 0.079102
0 0.083008 0.399414 0.102539 0.076172
0 0.368164 0.541016 0.106445 0.139648
0 0.462891 0.563477 0.112305 0.108398
0 0.430664 0.65625 0.152344 0.125
0 0.737305 0.686523 0.064453 0.09082
0 0.820312 0.692383 0.092773 0.057617
0 0.230469 0.654297 0.112305 0.069336
0 0.144531 0.689453 0.143555 0.110352
0 0.057617 0.736328 0.083008 0.075195
0 0.239258 0.890625 0.080078 0.091797
0 0.082031 0.854492 0.085938 0.072266
0 0.474609 0.896484 0.207031 0.152344
0 0.576172 0.959961 0.052734 0.080078
0 0.629883 0.969727 0.049805 0.060547
0 0.693359 0.967773 0.067383 0.056641
0 0.764648 0.87207 0.098633 0.077148
0 0.635742 0.770508 0.088867 0.12207
0 0.97168 0.896484 0.056641 0.064453
0 0.041992 0.931641 0.084961 0.085938
0 0.953125 0.026367 0.092773 0.052734
0 0.492188 0.9375 0.113281 0.100586
0 0.355469 0.732422 0.067383 0.083984
0 0.81543 0.941406 0.081055 0.067383
