0 0.075195 0.90625 0.123047 0.073242
0 0.226562 0.860352 0.095703 0.063477
0 0.360352 0.888672 0.079102 0.131836
0 0.28125 0.951172 0.081055 0.077148
0 0.230469 0.732422 0.0625 0.082031
0 0.066406 0.05957 0.086914 0.106445
0 0.086914 0.125 0.09375 0.071289
0 0.195312 0.251953 0.077148 0.085938
0 0.311523 0.232422 0.070312 0.080078
0 0.388672 0.114258 0.104492 0.092773
0 0.224609 0.03125 0.086914 0.063477
0 0.098633 0.459961 0.105469 0.095703
0 0.051758 0.422852 0.082031 0.071289
0 0.023438 0.475586 0.047852 0.042969
0 0.133789 0.553711 0.06543 0.083984
0 0.176758 0.536133 0.072266 0.072266
0 0.376953 0.544922 0.081055 0.083008
0 0.487305 0.488281 0.088867 0.094727
0 0.584961 0.461914 0.05957 0.097656
0 0.634766 0.378906 0.084961 0.078125
0 0.52832 0.270508 0.0625 0.05957
0 0.686523 0.241211 0.076172 0.115234
0 0.75 0.041992 0.160156 0.070312
0 0.860352 0.142578 0.098633 0.084961
0 0.96875 0.319336 0.061523 0.101562
0 0.719727 0.445312 0.06543 0.097656
0 0.679688 0.529297 0.103516 0.068359
0 0.75 0.546875 0.066406 0.088867
0 0.81543 0.612305 0.078125 0.086914
0 0.619141 0.624023 0.106445 0.058594
0 0.582031 0.748047 0.079102 0.073242
0 0.634766 0.801758 0.108398 0.121094
0 0.746094 0.798828 0.092773 0.083984
0 0.450195 0.944336 0.0625 0.088867
0 0.494141 0.96582 0.055664 0.067383
0 0.849609 0.955078 0.083008 0.069336
0 0.94043 0.957031 0.05957 0.085938
0 0.859375 0.835938 0.110352 0.099609
0 0.957031 0.808594 0.084961 0.069336
0 0.939453 0.880859 0.089844 0.081055
0 0.912109 0.742188 0.140625 0.097656
0 0.944336 0.632812 0.0625 0.079102
0 0.182617 0.174805 0.058594 0.103516
0 0.019531 0.276367 0.040039 0.091797
0 0.424805 0.208984 0.061523 0.073242
0 0.793945 0.439453 0.071289 0.083984
0 0.65918 0.4375 0.064453 0.081055
0 0.573242 0.682617 0.086914 0.082031
0 0.445312 0.024414 0.037109 0.049805
0 0.416016 0.017578 0.024414 0.036133
0 0.007812 0.178711 0.016602 0.050781
0 0.021484 0.117188 0.043945 0.064453
0 0.02832 0.010742 0.056641 0.022461
0 0.12207 0.015625 0.057617 0.032227
0 0.115234 0.209961 0.053711 0.054688
0 0.538086 0.983398 0.05957 0.033203
0 0.354492 0.258789 0.0625 0.057617
0 0.549805 0.010742 0.064453 0.022461
0 0.273438 0.901367 0.036133 0.051758
0 0.234375 0.900391 0.083984 0.051758
0 0.819336 0.495117 0.047852 0.089844
0 0.270508 0.744141 0.047852 0.046875
0 0.219727 0.803711 0.044922 0.041016
0 0.626953 0.250977 0.051758 0.079102
