0 0.964844 0.835938 0.069336 0.070312
0 0.623047 0.618164 0.107422 0.117188
0 0.958008 0.804688 0.083984 0.066406
0 0.382812 0.807617 0.112305 0.102539
0 0.800781 0.612305 0.097656 0.115234
0 0.509766 0.765625 0.070312 0.072266
0 0.075195 0.253906 0.061523 0.0625
0 0.536133 0.149414 0.0625 0.070312
0 0.805664 0.489258 0.082031 0.104492
0 0.804688 0.768555 0.064453 0.063477
0 0.859375 0.550781 0.060547 0.082031
0 0.875977 0.330078 0.082031 0.067383
0 0.504883 0.944336 0.089844 0.060547
0 0.052734 0.035156 0.067383 0.067383
0 0.02832 0.085938 0.052734 0.078125
0 0.057617 0.507812 0.047852 0.083008
0 0.439453 0.917969 0.070312 0.057617
0 0.647461 0.648438 0.063477 0.06543
0 0.831055 0.085938 0.056641 0.040039
