0 0.03125 0.035156 0.063477 0.071289
0 0.195312 0.030273 0.117188 0.061523
0 0.165039 0.092773 0.111328 0.080078
0 0.071289 0.12207 0.067383 0.09082
0 0.302734 0.075195 0.092773 0.151367
0 0.249023 0.274414 0.083008 0.230469
0 0.185547 0.795898 0.083984 0.080078
0 0.166016 0.945312 0.092773 0.089844
0 0.386719 0.953125 0.112305 0.092773
0 0.257812 0.668945 0.092773 0.072266
0 0.210938 0.599609 0.123047 0.097656
0 0.049805 0.599609 0.092773 0.077148
0 0.091797 0.470703 0.085938 0.075195
0 0.108398 0.380859 0.124023 0.082031
0 0.334961 0.46582 0.084961 0.070312
0 0.483398 0.804688 0.080078 0.080078
0 0.587891 0.733398 0.203125 0.208984
0 0.683594 0.708008 0.086914 0.102539
0 0.619141 0.896484 0.053711 0.051758
0 0.516602 0.948242 0.0625 0.055664
0 0.603516 0.956055 0.071289 0.083984
0 0.68457 0.944336 0.075195 0.102539
0 0.926758 0.774414 0.047852 0.06543
0 0.902344 0.882812 0.068359 0.131836
0 0.973633 0.90625 0.052734 0.142578
0 0.630859 0.401367 0.106445 0.198242
0 0.418945 0.303711 0.092773 0.0625
0 0.557617 0.203125 0.047852 0.0625
0 0.549805 0.085938 0.091797 0.05957
0 0.829102 0.148438 0.087891 0.121094
0 0.969727 0.21582 0.05957 0.132812
0 0.952148 0.040039 0.083008 0.06543
0 0.222656 0.423828 0.073242 0.058594
0 0.296875 0.59082 0.054688 0.069336
