0 0.585938 0.047852 0.077148 0.095703
0 0.302734 0.064453 0.083984 0.091797
0 0.943359 0.360352 0.072266 0.083008
0 0.77832 0.324219 0.084961 0.113281
0 0.037109 0.223633 0.074219 0.079102
0 0.008789 0.62207 0.018555 0.077148
0 0.558594 0.166992 0.073242 0.079102
0 0.617188 0.796875 0.073242 0.071289
0 0.837891 0.344727 0.047852 0.074219
0 0.171875 0.493164 0.087891 0.083984
0 0.664062 0.1875 0.076172 0.129883
0 0.273438 0.759766 0.116211 0.082031
0 0.501953 0.265625 0.103516 0.106445
0 0.073242 0.022461 0.052734 0.045898
0 0.060547 0.90918 0.076172 0.067383
0 0.138672 0.828125 0.107422 0.06543
0 0.029297 0.563477 0.058594 0.066406
0 0.604492 0.905273 0.076172 0.079102
0 0.640625 0.751953 0.084961 0.081055
0 0.092773 0.129883 0.088867 0.09082
0 0.139648 0.121094 0.071289 0.05957
0 0.128906 0.333008 0.101562 0.071289
0 0.595703 0.972656 0.083008 0.053711
0 0.223633 0.40625 0.099609 0.056641
0 0.393555 0.074219 0.048828 0.074219
0 0.899414 0.583008 0.040039 0.088867
0 0.703125 0.382812 0.077148 0.079102
0 0.40918 0.795898 0.072266 0.066406
0 0.96875 0.333008 0.058594 0.063477
0 0.506836 0.636719 0.047852 0.085938
0 0.024414 0.532227 0.048828 0.033203
0 0.061523 0.040039 0.112305 0.078125
0 0.071289 0.990234 0.072266 0.019531
0 0.34375 0.37207 0.066406 0.036133
0 0.358398 0.169922 0.030273 0.073242
0 0.335938 0.260742 0.112305 0.054688
0 0.182617 0.780273 0.058594 0.060547
0 0.466797 0.542969 0.040039 0.069336
0 0.898438 0.833008 0.075195 0.049805
0 0.884766 0.051758 0.030273 0.074219
0 0.776367 0.788086 0.048828 0.054688
0 0.713867 0.125 0.048828 0.101562
0 0.098633 0.740234 0.082031 0.108398
0 0.49707 0.93457 0.089844 0.054688
0 0.931641 0.728516 0.050781 0.080078
0 0.270508 0.920898 0.115234 0.066406
0 0.584961 0.902344 0.05957 0.073242
0 0.433594 0.180664 0.040039 0.072266
0 0.578125 0.670898 0.057617 0.052734
0 0.275391 0.967773 0.047852 0.063477
0 0.950195 0.756836 0.02832 0.069336
0 0.349609 0.467773 0.039062 0.054688
0 0.4375 0.94043 0.072266 0.074219
0 0.55957 0.72168 0.05957 0.022461
0 0.625977 0.012695 0.036133 0.026367
0 0.895508 0.975586 0.029297 0.048828
0 0.260742 0.673828 0.089844 0.061523
0 0.40918 0.883789 0.111328 0.051758
0 0.729492 0.900391 0.12207 0.063477
0 0.941406 0.97168 0.051758 0.030273
0 0.908203 0.022461 0.023438 0.045898
0 0.756738 0.493164 0.090625 0.058105
0 0.543945 0.567383 0.036133 0.050781
0 0.654297 0.469727 0.063477 0.025391
0 0.691406 0.513672 0.082031 0.103516
0 0.580078 0.433594 0.084961 0.085938
0 0.390625 0.168945 0.109375 0.042969
0 0.492188 0.141602 0.072266 0.063477
0 0.037109 0.382812 0.074219 0.074219
0 0.40918 0.339844 0.044922 0.03418
