0 0.571289 0.363281 0.083984 0.09082
0 0.574219 0.942383 0.083984 0.074219
0 0.380859 0.030273 0.058594 0.060547
0 0.441406 0.036133 0.074219 0.072266
0 0.970703 0.508789 0.057617 0.113281
0 0.707031 0.416992 0.083984 0.053711
0 0.018555 0.055664 0.037109 0.061523
0 0.445312 0.630859 0.046875 0.054688
0 0.518555 0.458984 0.097656 0.09082
0 0.571289 0.033203 0.050781 0.067383
0 0.569336 0.207031 0.074219 0.15332
0 0.491211 0.697266 0.058594 0.055664
0 0.413086 0.96875 0.083984 0.0625
0 0.418945 0.52832 0.064453 0.05957
0 0.55957 0.854492 0.057617 0.078125
0 0.462891 0.151367 0.072266 0.073242
0 0.507812 0.242188 0.06543 0.103516
0 0.348633 0.075195 0.085938 0.054688
0 0.082031 0.026367 0.074219 0.052734
0 0.22168 0.056641 0.112305 0.072266
0 0.720703 0.645508 0.09375 0.09375
0 0.642578 0.236328 0.053711 0.050781
0 0.646484 0.667969 0.09668 0.107422
0 0.605469 0.84082 0.054688 0.067383
0 0.058594 0.222656 0.063477 0.06543
0 0.870117 0.037109 0.145508 0.075195
0 0.035156 0.789062 0.070312 0.083984
0 0.233398 0.981445 0.100586 0.037109
0 0.6875 0.133789 0.094727 0.136719
0 0.026367 0.487305 0.052734 0.098633
0 0.609375 0.5 0.05957 0.070312
0 0.474609 0.305664 0.073242 0.047852
0 0.664062 0.041016 0.0625 0.057617
0 0.482422 0.548828 0.040039 0.041016
0 0.486328 0.797852 0.037109 0.043945
