0 0.680664 0.036133 0.083008 0.072266
0 0.52832 0.043945 0.087891 0.075195
0 0.446289 0.066406 0.083008 0.073242
0 0.072266 0.126953 0.133789 0.086914
0 0.171875 0.220703 0.077148 0.071289
0 0.251953 0.181641 0.071289 0.077148
0 0.172852 0.285156 0.083984 0.056641
0 0.21875 0.401367 0.080078 0.107422
0 0.307617 0.334961 0.075195 0.083008
0 0.085938 0.454102 0.077148 0.085938
0 0.599609 0.311523 0.083008 0.083008
0 0.686523 0.179688 0.063477 0.061523
0 0.755859 0.121094 0.067383 0.063477
0 0.762695 0.200195 0.073242 0.067383
0 0.992188 0.044922 0.015625 0.089844
0 0.970703 0.386719 0.057617 0.089844
0 0.897461 0.28418 0.061523 0.075195
0 0.791016 0.360352 0.078125 0.077148
0 0.447266 0.517578 0.081055 0.078125
0 0.251953 0.629883 0.135742 0.087891
0 0.27832 0.697266 0.119141 0.100586
0 0.091797 0.580078 0.126953 0.073242
0 0.079102 0.876953 0.12793 0.085938
0 0.018555 0.770508 0.038086 0.076172
0 0.175781 0.946289 0.116211 0.075195
0 0.316406 0.970703 0.088867 0.057617
0 0.613281 0.964844 0.079102 0.069336
0 0.798828 0.762695 0.069336 0.108398
0 0.786133 0.676758 0.083008 0.051758
0 0.845703 0.561523 0.079102 0.067383
0 0.926758 0.746094 0.05957 0.079102
0 0.917969 0.638672 0.061523 0.075195
0 0.900391 0.908203 0.075195 0.077148
0 0.71582 0.979492 0.072266 0.040039
0 0.514648 0.97168 0.099609 0.055664
