0 0.162109 0.674805 0.102539 0.058594
0 0.061523 0.71582 0.109375 0.083984
0 0.270508 0.584961 0.072266 0.085938
0 0.316406 0.488281 0.080078 0.05957
0 0.253906 0.40918 0.050781 0.077148
0 0.201172 0.376953 0.061523 0.106445
0 0.02832 0.143555 0.056641 0.077148
0 0.15332 0.054688 0.109375 0.082031
0 0.180664 0.144531 0.073242 0.05957
0 0.224609 0.118164 0.076172 0.0625
0 0.368164 0.058594 0.082031 0.077148
0 0.380859 0.134766 0.09375 0.074219
0 0.063477 0.960938 0.064453 0.077148
0 0.145508 0.933594 0.080078 0.082031
0 0.969727 0.860352 0.05957 0.092773
0 0.842773 0.802734 0.09375 0.098633
0 0.623047 0.833984 0.081055 0.06543
0 0.500977 0.904297 0.097656 0.072266
0 0.373047 0.850586 0.118164 0.084961
0 0.272461 0.751953 0.06543 0.066406
0 0.400391 0.705078 0.072266 0.063477
0 0.401367 0.767578 0.086914 0.067383
0 0.548828 0.774414 0.075195 0.061523
0 0.464844 0.6875 0.068359 0.083984
0 0.379883 0.588867 0.058594 0.077148
0 0.481445 0.595703 0.086914 0.071289
0 0.5 0.538086 0.095703 0.0625
0 0.4375 0.500977 0.079102 0.068359
0 0.563477 0.493164 0.074219 0.053711
0 0.243164 0.241211 0.081055 0.076172
0 0.418945 0.308594 0.080078 0.088867
0 0.458008 0.235352 0.070312 0.054688
0 0.769531 0.196289 0.06543 0.067383
0 0.731445 0.251953 0.083984 0.064453
0 0.790039 0.422852 0.069336 0.080078
0 0.746094 0.515625 0.0625 0.061523
0 0.871094 0.625977 0.057617 0.054688
0 0.814453 0.650391 0.067383 0.054688
0 0.730469 0.671875 0.058594 0.066406
0 0.96582 0.720703 0.067383 0.061523
0 0.955078 0.631836 0.088867 0.068359
0 0.966797 0.525391 0.06543 0.072266
0 0.899414 0.376953 0.076172 0.099609
0 0.866211 0.176758 0.069336 0.063477
0 0.634766 0.111328 0.064453 0.0625
0 0.84082 0.023438 0.054688 0.047852
0 0.72168 0.035156 0.06543 0.071289
0 0.865234 0.035156 0.070312 0.070312
0 0.859375 0.109375 0.083984 0.088867
0 0.950195 0.026367 0.076172 0.053711
0 0.96875 0.107422 0.061523 0.072266
0 0.795898 0.730469 0.054688 0.055664
0 0.773438 0.776367 0.081055 0.066406
0 0.680664 0.801758 0.039062 0.029297
