0 0.145508 0.046875 0.073242 0.094727
0 0.22168 0.104492 0.06543 0.070312
0 0.272461 0.030273 0.09082 0.060547
0 0.09082 0.21582 0.091797 0.105469
0 0.170898 0.213867 0.066406 0.089844
0 0.646484 0.196289 0.077148 0.112305
0 0.570312 0.143555 0.09375 0.060547
0 0.542969 0.197266 0.083984 0.076172
0 0.487305 0.328125 0.120117 0.075195
0 0.379883 0.357422 0.137695 0.073242
0 0.640625 0.370117 0.076172 0.06543
0 0.772461 0.450195 0.082031 0.069336
0 0.540039 0.517578 0.117188 0.074219
0 0.390625 0.430664 0.115234 0.057617
0 0.30957 0.463867 0.116211 0.078125
0 0.285156 0.660156 0.152344 0.119141
0 0.114258 0.691406 0.101562 0.066406
0 0.686523 0.607422 0.081055 0.086914
0 0.30957 0.944336 0.09668 0.110352
0 0.116211 0.799805 0.110352 0.057617
0 0.05957 0.720703 0.06543 0.084961
0 0.945312 0.887695 0.060547 0.056641
0 0.889648 0.853516 0.0625 0.06543
0 0.849609 0.797852 0.083008 0.056641
0 0.929688 0.783203 0.085938 0.071289
0 0.975586 0.742188 0.048828 0.09375
0 0.836914 0.727539 0.074219 0.074219
0 0.90918 0.164062 0.069336 0.09082
0 0.87207 0.262695 0.099609 0.117188
0 0.802734 0.205078 0.056641 0.113281
0 0.845703 0.176758 0.05957 0.083984
0 0.547852 0.583984 0.076172 0.079102
0 0.693359 0.282227 0.073242 0.09082
0 0.027344 0.113281 0.055664 0.083008
0 0.399414 0.103516 0.15332 0.121094
0 0.311523 0.589844 0.172852 0.083008
0 0.017578 0.257812 0.03418 0.0625
0 0.290039 0.219727 0.124023 0.063477
0 0.060547 0.072266 0.05957 0.055664
0 0.651367 0.473633 0.098633 0.051758
0 0.573242 0.837891 0.108398 0.102539
0 0.150391 0.866211 0.066406 0.072266
0 0.06543 0.654297 0.058594 0.085938
0 0.027344 0.678711 0.055664 0.077148
