0 0.835938 0.828125 0.103516 0.077148
0 0.702148 0.879883 0.066406 0.066406
0 0.607422 0.967773 0.076172 0.063477
0 0.529297 0.851562 0.0625 0.0625
0 0.68457 0.765625 0.0625 0.057617
0 0.426758 0.799805 0.0625 0.058594
0 0.480469 0.771484 0.056641 0.078125
0 0.299805 0.933594 0.087891 0.132812
0 0.174805 0.848633 0.06543 0.0625
0 0.146484 0.794922 0.083008 0.073242
0 0.02832 0.806641 0.056641 0.075195
0 0.083008 0.697266 0.076172 0.089844
0 0.291016 0.726562 0.073242 0.06543
0 0.253906 0.780273 0.05957 0.054688
0 0.373047 0.707031 0.064453 0.075195
0 0.032227 0.577148 0.06543 0.089844
0 0.171875 0.568359 0.075195 0.141602
0 0.295898 0.503906 0.100586 0.075195
0 0.477539 0.648438 0.067383 0.089844
0 0.53125 0.594727 0.05957 0.120117
0 0.651367 0.698242 0.078125 0.075195
0 0.850586 0.62207 0.125 0.083984
0 0.916992 0.737305 0.133789 0.05957
0 0.969727 0.674805 0.050781 0.078125
0 0.762695 0.429688 0.047852 0.069336
0 0.883789 0.438477 0.077148 0.076172
0 0.540039 0.491211 0.072266 0.047852
0 0.804688 0.360352 0.095703 0.048828
0 0.861328 0.272461 0.063477 0.089844
0 0.666992 0.31543 0.072266 0.060547
0 0.620117 0.275391 0.070312 0.054688
0 0.650391 0.385742 0.055664 0.054688
0 0.5 0.354492 0.063477 0.054688
0 0.392578 0.331055 0.069336 0.064453
0 0.676758 0.208008 0.068359 0.066406
0 0.734375 0.137695 0.075195 0.069336
0 0.842773 0.121094 0.054688 0.077148
0 0.953125 0.195312 0.075195 0.074219
0 0.970703 0.254883 0.058594 0.060547
0 0.943359 0.109375 0.080078 0.121094
0 0.503906 0.200195 0.0625 0.063477
0 0.427734 0.177734 0.060547 0.072266
0 0.225586 0.208008 0.083984 0.116211
0 0.483398 0.036133 0.073242 0.068359
0 0.114258 0.209961 0.06543 0.086914
0 0.030273 0.248047 0.060547 0.066406
0 0.027344 0.178711 0.055664 0.066406
0 0.023438 0.364258 0.047852 0.054688
0 0.129883 0.427734 0.06543 0.054688
0 0.114258 0.048828 0.133789 0.091797
0 0.088867 0.907227 0.052734 0.057617
0 0.955078 0.039062 0.071289 0.078125
0 0.297852 0.111328 0.06543 0.069336
0 0.132812 0.320312 0.078125 0.063477
0 0.473633 0.881836 0.051758 0.063477
0 0.983398 0.901367 0.033203 0.145508
0 0.768555 0.486328 0.051758 0.050781
