0 0.969727 0.374023 0.05957 0.119141
0 0.844727 0.268555 0.097656 0.146484
0 0.361328 0.03125 0.112305 0.0625
0 0.165039 0.067383 0.100586 0.051758
0 0.219727 0.023438 0.083984 0.046875
0 0.045898 0.074219 0.073242 0.060547
0 0.044922 0.206055 0.089844 0.119141
0 0.114258 0.210938 0.092773 0.049805
0 0.179688 0.276367 0.078125 0.104492
0 0.275391 0.286133 0.085938 0.113281
0 0.371094 0.222656 0.073242 0.120117
0 0.418945 0.356445 0.101562 0.124023
0 0.489258 0.365234 0.074219 0.109375
0 0.578125 0.329102 0.083984 0.083984
0 0.575195 0.399414 0.079102 0.083008
0 0.595703 0.256836 0.133789 0.143555
0 0.696289 0.358398 0.075195 0.071289
0 0.734375 0.433594 0.092773 0.082031
0 0.203125 0.405273 0.086914 0.09082
0 0.102539 0.463867 0.080078 0.046875
0 0.02832 0.394531 0.056641 0.047852
0 0.426758 0.483398 0.09375 0.06543
0 0.479492 0.651367 0.098633 0.111328
0 0.30957 0.816406 0.131836 0.066406
0 0.09082 0.754883 0.078125 0.058594
0 0.166992 0.822266 0.09668 0.092773
0 0.052734 0.874023 0.073242 0.046875
0 0.049805 0.804688 0.073242 0.077148
0 0.201172 0.916016 0.125977 0.064453
0 0.068359 0.952148 0.12207 0.057617
0 0.316406 0.936523 0.081055 0.073242
0 0.396484 0.923828 0.086914 0.083984
0 0.695312 0.925781 0.086914 0.057617
0 0.726562 0.837891 0.054688 0.072266
0 0.780273 0.763672 0.101562 0.055664
0 0.568359 0.777344 0.09375 0.06543
0 0.532227 0.847656 0.078125 0.068359
0 0.599609 0.900391 0.089844 0.073242
0 0.979492 0.911133 0.041016 0.087891
0 0.15625 0.12207 0.043945 0.038086
0 0.764648 0.842773 0.066406 0.046875
0 0.584961 0.444336 0.05957 0.045898
0 0.921875 0.527344 0.053711 0.055664
