0 0.467773 0.05957 0.15332 0.080078
0 0.035156 0.519531 0.070312 0.100586
0 0.197266 0.788086 0.125 0.082031
0 0.936523 0.407227 0.099609 0.09082
0 0.868164 0.441406 0.087891 0.075195
0 0.84082 0.154297 0.097656 0.075195
0 0.018555 0.19043 0.037109 0.072266
0 0.756836 0.390625 0.064453 0.072266
0 0.929688 0.265625 0.105469 0.082031
0 0.913086 0.798828 0.117188 0.075195
0 0.202148 0.351562 0.099609 0.069336
0 0.108398 0.916992 0.115234 0.094727
0 0.248047 0.919922 0.117188 0.089844
0 0.132812 0.019531 0.073242 0.039062
0 0.165039 0.279297 0.077148 0.076172
0 0.958008 0.851562 0.083008 0.075195
0 0.963867 0.638672 0.070312 0.084961
0 0.239258 0.291016 0.080078 0.0625
0 0.944336 0.317383 0.089844 0.057617
0 0.109375 0.966797 0.105469 0.06543
0 0.975586 0.205078 0.047852 0.068359
