0 0.030273 0.845703 0.060547 0.094727
0 0.724609 0.96875 0.104492 0.060547
0 0.908203 0.791016 0.077148 0.166016
0 0.969727 0.74707 0.05957 0.109375
0 0.963867 0.146484 0.071289 0.293945
0 0.9375 0.381836 0.063477 0.111328
0 0.777344 0.356445 0.108398 0.071289
0 0.78125 0.21582 0.168945 0.225586
0 0.694336 0.222656 0.165039 0.114258
0 0.712891 0.105469 0.075195 0.181641
0 0.524414 0.078125 0.067383 0.076172
0 0.499023 0.138672 0.082031 0.112305
0 0.573242 0.117188 0.145508 0.170898
0 0.53125 0.292969 0.060547 0.116211
0 0.615234 0.359375 0.124023 0.110352
0 0.712891 0.570312 0.094727 0.276367
0 0.81543 0.624023 0.083984 0.261719
0 0.425781 0.644531 0.072266 0.114258
0 0.378906 0.323242 0.070312 0.125
0 0.313477 0.353516 0.083008 0.125
0 0.222656 0.344727 0.106445 0.148438
0 0.167969 0.453125 0.081055 0.169922
0 0.24707 0.557617 0.076172 0.085938
0 0.204102 0.598633 0.069336 0.12793
0 0.029297 0.426758 0.058594 0.111328
0 0.025391 0.151367 0.051758 0.081055
0 0.111328 0.144531 0.189453 0.224609
0 0.482422 0.021484 0.054688 0.042969
0 0.244141 0.079102 0.05957 0.158203
0 0.026367 0.414062 0.052734 0.151367
0 0.458984 0.62207 0.044922 0.080078
0 0.991211 0.486328 0.016602 0.043945
