0 0.171875 0.966797 0.079102 0.06543
0 0.245117 0.832031 0.074219 0.073242
0 0.333984 0.916992 0.073242 0.075195
0 0.273438 0.978516 0.09082 0.041992
0 0.391602 0.956055 0.137695 0.076172
0 0.984375 0.625 0.030273 0.076172
0 0.6875 0.958008 0.12207 0.083008
0 0.601562 0.970703 0.061523 0.057617
0 0.137695 0.277344 0.086914 0.148438
0 0.081055 0.415039 0.06543 0.116211
0 0.026367 0.432617 0.053711 0.066406
0 0.250977 0.392578 0.131836 0.130859
0 0.160156 0.5 0.103516 0.12793
0 0.157227 0.607422 0.09375 0.079102
0 0.241211 0.583984 0.081055 0.075195
0 0.3125 0.588867 0.077148 0.077148
0 0.266602 0.524414 0.076172 0.060547
0 0.166992 0.703125 0.077148 0.108398
0 0.410156 0.612305 0.075195 0.064453
0 0.574219 0.520508 0.068359 0.113281
0 0.522461 0.475586 0.081055 0.064453
0 0.53418 0.411133 0.060547 0.075195
0 0.475586 0.295898 0.085938 0.088867
0 0.576172 0.291992 0.083984 0.091797
0 0.586914 0.435547 0.072266 0.0625
0 0.741211 0.413086 0.171875 0.082031
0 0.65918 0.609375 0.103516 0.075195
0 0.71582 0.604492 0.06543 0.102539
0 0.775391 0.541992 0.074219 0.075195
0 0.885742 0.564453 0.09082 0.119141
0 0.827148 0.446289 0.073242 0.115234
0 0.931641 0.3125 0.136719 0.174805
0 0.831055 0.925781 0.113281 0.081055
0 0.931641 0.983398 0.089844 0.032227
0 0.328125 0.288086 0.05957 0.075195
0 0.510742 0.55957 0.0625 0.080078
0 0.808594 0.620117 0.069336 0.077148
0 0.607422 0.357422 0.101562 0.087891
0 0.967773 0.490234 0.063477 0.098633
0 0.789062 0.46582 0.041992 0.026367
