0 0.201172 0.19043 0.108398 0.083008
0 0.332031 0.289062 0.094727 0.075195
0 0.404297 0.208984 0.088867 0.111328
0 0.396484 0.110352 0.067383 0.097656
0 0.458008 0.125 0.046875 0.107422
0 0.47168 0.171875 0.079102 0.055664
0 0.555664 0.084961 0.060547 0.134766
0 0.676758 0.103516 0.056641 0.078125
0 0.708984 0.042969 0.082031 0.081055
0 0.955078 0.070312 0.083984 0.140625
0 0.424805 0.025391 0.05957 0.050781
0 0.488281 0.023438 0.057617 0.046875
0 0.331055 0.06543 0.048828 0.080078
0 0.785156 0.230469 0.09668 0.068359
0 0.592773 0.217773 0.053711 0.101562
0 0.553711 0.294922 0.092773 0.060547
0 0.601562 0.341797 0.079102 0.094727
0 0.719727 0.382812 0.068359 0.103516
0 0.935547 0.400391 0.052734 0.080078
0 0.977539 0.441406 0.043945 0.047852
0 0.94043 0.522461 0.117188 0.058594
0 0.907227 0.556641 0.080078 0.051758
0 0.741211 0.570312 0.076172 0.074219
0 0.499023 0.585938 0.071289 0.051758
0 0.472656 0.706055 0.047852 0.077148
0 0.348633 0.652344 0.097656 0.058594
0 0.543945 0.717773 0.064453 0.080078
0 0.544922 0.626953 0.082031 0.081055
0 0.867188 0.688477 0.091797 0.058594
0 0.941406 0.650391 0.072266 0.053711
0 0.979492 0.729492 0.041016 0.109375
0 0.888672 0.771484 0.068359 0.051758
0 0.249023 0.710938 0.069336 0.117188
0 0.112305 0.708984 0.064453 0.089844
0 0.15918 0.495117 0.058594 0.129883
0 0.060547 0.579102 0.070312 0.05957
0 0.017578 0.461914 0.035156 0.166992
0 0.03418 0.386719 0.069336 0.080078
0 0.135742 0.855469 0.054688 0.061523
0 0.305664 0.898438 0.063477 0.068359
0 0.379883 0.821289 0.080078 0.073242
0 0.445312 0.811523 0.047852 0.052734
0 0.513672 0.838867 0.063477 0.073242
0 0.586914 0.834961 0.079102 0.05957
0 0.769531 0.878906 0.080078 0.066406
0 0.59082 0.894531 0.051758 0.055664
0 0.516602 0.929688 0.058594 0.075195
0 0.5625 0.957031 0.046875 0.053711
0 0.637695 0.939453 0.073242 0.054688
0 0.65332 0.878906 0.054688 0.064453
0 0.445312 0.895508 0.064453 0.0625
0 0.408203 0.941406 0.074219 0.06543
0 0.157227 0.974609 0.0625 0.050781
0 0.120117 0.442383 0.077148 0.073242
0 0.421875 0.479492 0.082031 0.039062
0 0.260742 0.479492 0.046875 0.125977
0 0.279297 0.496094 0.078125 0.092773
0 0.271484 0.396484 0.056641 0.132812
