0 0.55957 0.926758 0.115234 0.099609
0 0.231445 0.751953 0.094727 0.109375
0 0.703125 0.881836 0.082031 0.070312
0 0.96582 0.581055 0.068359 0.087891
0 0.376953 0.822266 0.074219 0.099609
0 0.958008 0.280273 0.083008 0.073242
0 0.711914 0.545898 0.080078 0.078125
0 0.505859 0.568359 0.091797 0.072266
0 0.931641 0.381836 0.080078 0.070312
0 0.162109 0.541016 0.080078 0.142578
0 0.787109 0.430664 0.095703 0.087891
0 0.154297 0.661133 0.105469 0.0625
0 0.657227 0.678711 0.070312 0.084961
0 0.835938 0.285156 0.087891 0.102539
0 0.251953 0.180664 0.064453 0.082031
0 0.833984 0.677734 0.069336 0.092773
0 0.3125 0.618164 0.057617 0.067383
0 0.455078 0.47168 0.047852 0.055664
0 0.870117 0.057617 0.083008 0.112305
0 0.780273 0.045898 0.083008 0.087891
0 0.132812 0.887695 0.092773 0.102539
0 0.280273 0.299805 0.09668 0.099609
0 0.762695 0.954102 0.073242 0.06543
0 0.953125 0.474609 0.057617 0.054688
0 0.985352 0.677734 0.02832 0.051758
0 0.910156 0.850586 0.077148 0.082031
0 0.100586 0.094727 0.077148 0.115234
0 0.168945 0.199219 0.070312 0.044922
0 0.296875 0.533203 0.060547 0.078125
0 0.566406 0.233398 0.074219 0.097656
0 0.181641 0.255859 0.069336 0.052734
0 0.413086 0.273438 0.057617 0.070312
0 0.233398 0.026367 0.082031 0.049805
0 0.78418 0.762695 0.084961 0.077148
0 0.12207 0.813477 0.080078 0.087891
0 0.026367 0.554688 0.049805 0.134766
0 0.407227 0.414062 0.089844 0.040039
0 0.944336 0.055664 0.064453 0.107422
0 0.984375 0.107422 0.030273 0.044922
0 0.416016 0.487305 0.0625 0.044922
0 0.419922 0.760742 0.044922 0.037109
0 0.021484 0.947266 0.040039 0.089844
