0 0.962891 0.670898 0.073242 0.132812
0 0.870117 0.387695 0.130859 0.183105
0 0.677734 0.84082 0.12793 0.162109
0 0.743164 0.125977 0.087891 0.144531
0 0.982422 0.44043 0.03418 0.223633
0 0.350586 0.421875 0.137695 0.174805
0 0.574219 0.275391 0.100586 0.108398
0 0.4375 0.174805 0.092773 0.134766
0 0.551758 0.469727 0.125 0.169922
0 0.779297 0.671875 0.084961 0.084961
0 0.680664 0.5625 0.106445 0.125977
0 0.756836 0.486328 0.110352 0.19043
0 0.476562 0.710938 0.155273 0.101562
0 0.654297 0.28125 0.094727 0.174805
0 0.623047 0.180664 0.087891 0.097656
0 0.117188 0.066406 0.102539 0.132812
0 0.041016 0.043945 0.05957 0.082031
0 0.460938 0.916992 0.124023 0.09375
0 0.46875 0.616211 0.125977 0.09375
0 0.063477 0.12207 0.112305 0.079102
