0 0.326172 0.077148 0.052734 0.108398
0 0.075195 0.516602 0.069336 0.087891
0 0.294922 0.793945 0.121094 0.082031
0 0.115234 0.194336 0.072266 0.09375
0 0.068359 0.96582 0.070312 0.0625
0 0.072266 0.932617 0.091797 0.055664
0 0.59082 0.297852 0.045898 0.076172
0 0.821289 0.902344 0.048828 0.109375
0 0.257812 0.53418 0.076172 0.111328
0 0.561523 0.959961 0.054688 0.079102
0 0.896484 0.927734 0.076172 0.133789
0 0.391602 0.504883 0.064453 0.078125
0 0.970703 0.025391 0.047852 0.051758
0 0.828125 0.548828 0.0625 0.081055
0 0.973633 0.499023 0.040039 0.085938
0 0.651367 0.768555 0.042969 0.0625
0 0.583984 0.12207 0.151367 0.055664
0 0.024414 0.068359 0.048828 0.058594
0 0.448242 0.255859 0.03125 0.058594
0 0.597656 0.459961 0.063477 0.041016
0 0.482422 0.65625 0.080078 0.039062
0 0.53418 0.283203 0.056641 0.077148
0 0.094727 0.323242 0.053711 0.104492
0 0.638672 0.564453 0.077148 0.040039
0 0.768555 0.323242 0.042969 0.069336
0 0.536133 0.603516 0.046875 0.071289
0 0.9375 0.605469 0.107422 0.126953
0 0.123047 0.464844 0.060547 0.039062
0 0.855469 0.393555 0.050781 0.047852
0 0.40918 0.411133 0.072266 0.176758
0 0.017578 0.719727 0.035156 0.029297
0 0.634766 0.887695 0.046875 0.068359
0 0.21582 0.087891 0.049805 0.05957
0 0.891602 0.018555 0.029297 0.038086
0 0.12207 0.829102 0.094727 0.05957
0 0.34375 0.745117 0.085938 0.057617
0 0.305664 0.668945 0.025391 0.05957
0 0.016602 0.963867 0.033203 0.072266
0 0.200195 0.666992 0.066406 0.041016
0 0.475586 0.609375 0.072266 0.036133
0 0.121094 0.117188 0.051758 0.043945
0 0.249023 0.581055 0.043945 0.06543
0 0.974609 0.914062 0.050781 0.117188
0 0.158203 0.419922 0.09375 0.055664
0 0.429688 0.924805 0.061523 0.070312
0 0.871094 0.508789 0.033203 0.044922
0 0.333008 0.49707 0.044922 0.038086
0 0.026367 0.689453 0.052734 0.05957
0 0.188477 0.607422 0.045898 0.041016
0 0.364258 0.701172 0.049805 0.036133
0 0.289062 0.708984 0.125977 0.050781
0 0.885742 0.272461 0.03418 0.056641
0 0.857422 0.234375 0.064453 0.108398
0 0.104492 0.50293 0.040039 0.038086
