0 0.304688 0.574219 0.099609 0.080078
0 0.462891 0.824219 0.12793 0.089844
0 0.546875 0.311523 0.084961 0.100586
0 0.279297 0.436523 0.05957 0.069336
0 0.890625 0.362305 0.072266 0.099609
0 0.453125 0.354492 0.078125 0.099609
0 0.404297 0.276367 0.110352 0.110352
0 0.958008 0.699219 0.083008 0.125
0 0.214844 0.111328 0.080078 0.084961
0 0.390625 0.732422 0.066406 0.076172
0 0.15332 0.953125 0.136719 0.092773
0 0.904297 0.180664 0.080078 0.091797
0 0.310547 0.80957 0.097656 0.080078
0 0.367188 0.189453 0.099609 0.105469
0 0.929688 0.607422 0.080078 0.112305
0 0.586914 0.756836 0.095703 0.115234
0 0.97168 0.047852 0.056641 0.06543
0 0.24707 0.634766 0.105469 0.099609
0 0.850586 0.108398 0.082031 0.087891
0 0.206055 0.863281 0.094727 0.076172
0 0.979492 0.49707 0.038086 0.041992
