0 0.955078 0.118164 0.089844 0.046875
0 0.986328 0.206055 0.026367 0.05957
0 0.96875 0.22168 0.0625 0.056641
0 0.948242 0.172852 0.103516 0.043945
0 0.856445 0.214844 0.105469 0.040039
0 0.6875 0.038086 0.117188 0.069336
0 0.587891 0.088867 0.199219 0.039062
0 0.599609 0.151367 0.074219 0.052734
0 0.392578 0.149414 0.118164 0.044922
0 0.353516 0.105469 0.119141 0.043945
0 0.28418 0.072266 0.114258 0.0625
0 0.233398 0.082031 0.089844 0.043945
0 0.287109 0.03125 0.078125 0.063477
0 0.212891 0.166016 0.160156 0.052734
0 0.143555 0.163086 0.088867 0.040039
0 0.202148 0.224609 0.108398 0.040039
0 0.292969 0.249023 0.114258 0.040039
0 0.03418 0.104492 0.069336 0.067383
0 0.042969 0.175781 0.086914 0.038086
0 0.019531 0.22168 0.040039 0.051758
0 0.076172 0.361328 0.143555 0.042969
0 0.21875 0.338867 0.09375 0.042969
0 0.447266 0.257812 0.09668 0.070312
0 0.404297 0.327148 0.121094 0.084961
0 0.28125 0.412109 0.110352 0.052734
0 0.416992 0.381836 0.105469 0.063477
0 0.493164 0.387695 0.072266 0.0625
0 0.548828 0.384766 0.081055 0.038086
0 0.595703 0.313477 0.095703 0.074219
0 0.714844 0.28125 0.125 0.069336
0 0.691406 0.304688 0.083008 0.03125
0 0.496094 0.558594 0.128906 0.0625
0 0.033203 0.490234 0.066406 0.048828
0 0.963867 0.390625 0.071289 0.077148
0 0.9375 0.265625 0.109375 0.053711
0 0.913086 0.245117 0.050781 0.027344
0 0.94043 0.301758 0.118164 0.042969
0 0.908203 0.710938 0.120117 0.045898
0 0.882812 0.698242 0.148438 0.078125
0 0.883789 0.682617 0.071289 0.020508
0 0.746094 0.726562 0.101562 0.056641
0 0.769531 0.68457 0.060547 0.041016
0 0.921875 0.75 0.126953 0.03125
0 0.90332 0.786133 0.12793 0.060547
0 0.944336 0.848633 0.055664 0.082031
0 0.878906 0.827148 0.141602 0.060547
0 0.892578 0.973633 0.09082 0.051758
0 0.600586 0.964844 0.102539 0.069336
0 0.600586 0.848633 0.083008 0.043945
0 0.591797 0.797852 0.106445 0.050781
0 0.625 0.712891 0.118164 0.064453
0 0.525391 0.741211 0.092773 0.080078
0 0.49707 0.671875 0.111328 0.072266
0 0.333984 0.630859 0.087891 0.057617
0 0.207031 0.666016 0.147461 0.072266
0 0.331055 0.750977 0.108398 0.055664
0 0.209961 0.818359 0.116211 0.046875
0 0.129883 0.75293 0.117188 0.043945
0 0.045898 0.699219 0.082031 0.041992
0 0.03125 0.600586 0.063477 0.061523
0 0.094727 0.830078 0.106445 0.049805
0 0.173828 0.849609 0.169922 0.051758
0 0.103516 0.918945 0.138672 0.112305
0 0.25 0.898438 0.157227 0.06543
0 0.146484 0.954102 0.128906 0.087891
