0 0.260742 0.255859 0.123047 0.078125
0 0.648438 0.69043 0.126953 0.072266
0 0.22168 0.524414 0.084961 0.070312
0 0.506836 0.473633 0.110352 0.072266
0 0.325195 0.067383 0.073242 0.125
0 0.03418 0.196289 0.069336 0.110352
0 0.131836 0.217773 0.084961 0.102539
0 0.078125 0.575195 0.082031 0.092773
0 0.626953 0.807617 0.195312 0.083008
0 0.013672 0.65332 0.027344 0.087891
0 0.038086 0.461914 0.076172 0.151367
0 0.209961 0.863281 0.147461 0.113281
0 0.094727 0.658203 0.080078 0.072266
0 0.327148 0.52832 0.115234 0.0625
0 0.378906 0.287109 0.069336 0.074219
0 0.171875 0.111328 0.089844 0.06543
0 0.19043 0.775391 0.077148 0.112305
0 0.200195 0.052734 0.077148 0.073242
0 0.592773 0.600586 0.147461 0.137695
0 0.048828 0.878906 0.075195 0.069336
0 0.411133 0.818359 0.072266 0.0625
0 0.613281 0.898438 0.087891 0.117188
0 0.355469 0.943359 0.067383 0.091797
0 0.680664 0.361328 0.147461 0.174805
0 0.390625 0.484375 0.092773 0.064453
0 0.024414 0.743164 0.049805 0.078125
0 0.262695 0.662109 0.172852 0.105469
0 0.864258 0.053711 0.05957 0.075195
0 0.833008 0.749023 0.087891 0.110352
0 0.806641 0.213867 0.05957 0.06543
0 0.480469 0.049805 0.097656 0.070312
0 0.831055 0.970703 0.075195 0.057617
0 0.738281 0.249023 0.177734 0.100586
0 0.022461 0.938477 0.044922 0.123047
0 0.771484 0.533203 0.075195 0.067383
0 0.920898 0.066406 0.082031 0.069336
0 0.911133 0.827148 0.149414 0.106445
0 0.260742 0.039062 0.052734 0.05957
0 0.529297 0.026367 0.080078 0.049805
0 0.566406 0.976562 0.05957 0.045898
0 0.283203 0.385742 0.052734 0.072266
0 0.525391 0.332031 0.067383 0.074219
0 0.90918 0.485352 0.125 0.22168
0 0.908203 0.375977 0.171875 0.123047
0 0.056641 0.047852 0.094727 0.092773
0 0.288086 0.823242 0.052734 0.056641
0 0.738281 0.914062 0.126953 0.06543
0 0.970703 0.142578 0.052734 0.083008
0 0.304688 0.636719 0.144531 0.05957
0 0.969727 0.020508 0.060547 0.037109
0 0.972656 0.422852 0.045898 0.05957
0 0.930664 0.759766 0.078125 0.134766
0 0.969727 0.823242 0.05957 0.067383
0 0.511719 0.236328 0.084961 0.05957
