0 0.021484 0.164062 0.043945 0.091797
0 0.429688 0.610352 0.060547 0.086914
0 0.296875 0.601562 0.119141 0.063477
0 0.103516 0.864258 0.074219 0.068359
0 0.304688 0.270508 0.061523 0.101562
0 0.789062 0.179688 0.035156 0.104492
0 0.893555 0.174805 0.041992 0.083984
0 0.46875 0.220703 0.110352 0.058594
0 0.235352 0.473633 0.058594 0.09082
0 0.293945 0.196289 0.044922 0.099609
0 0.49707 0.579102 0.050781 0.071289
0 0.841797 0.524414 0.097656 0.055664
0 0.532227 0.526367 0.041016 0.087891
0 0.946289 0.475586 0.023438 0.073242
0 0.878906 0.925781 0.055664 0.075195
0 0.569336 0.286133 0.040039 0.05957
0 0.960938 0.075195 0.043945 0.03418
0 0.104492 0.644531 0.025391 0.072266
0 0.014648 0.893555 0.029297 0.053711
0 0.359375 0.702148 0.044922 0.058594
0 0.90918 0.400391 0.025391 0.049805
0 0.726562 0.668945 0.057617 0.050781
0 0.75 0.270508 0.040039 0.073242
0 0.341797 0.038086 0.039062 0.043945
0 0.28418 0.988281 0.053711 0.023438
0 0.610352 0.490234 0.051758 0.038086
0 0.077148 0.699219 0.051758 0.042969
0 0.018555 0.953125 0.037109 0.036133
0 0.243164 0.525391 0.058594 0.060547
0 0.607422 0.941406 0.050781 0.060547
0 0.451172 0.516602 0.054688 0.087891
0 0.244141 0.03125 0.063477 0.026367
0 0.643555 0.625 0.03125 0.05957
0 0.707031 0.375 0.030273 0.078125
0 0.913086 0.928711 0.025391 0.073242
0 0.828125 0.536133 0.073242 0.061523
0 0.207031 0.235352 0.039062 0.058594
0 0.84375 0.964844 0.049805 0.03125
0 0.80957 0.354492 0.040039 0.058594
0 0.869141 0.010742 0.046875 0.022461
0 0.207031 0.927734 0.055664 0.036133
0 0.03125 0.626953 0.0625 0.05957
0 0.599609 0.066406 0.036133 0.05957
0 0.612305 0.863281 0.053711 0.032227
0 0.392578 0.932617 0.09082 0.036133
0 0.660156 0.545898 0.046875 0.063477
0 0.74707 0.723633 0.029297 0.063477
0 0.918945 0.266602 0.033203 0.06543
0 0.120117 0.727539 0.035156 0.056641
0 0.669922 0.242188 0.029297 0.06543
0 0.770508 0.973633 0.02832 0.047852
0 0.012695 0.011719 0.026367 0.022461
0 0.078125 0.542969 0.036133 0.048828
0 0.532227 0.961914 0.060547 0.044922
0 0.609375 0.572266 0.032227 0.063477
0 0.738281 0.625 0.06543 0.049805
0 0.853516 0.625977 0.066406 0.048828
0 0.895508 0.761719 0.054688 0.047852
0 0.708008 0.826172 0.077148 0.039062
0 0.574219 0.71875 0.137695 0.036133
0 0.5625 0.618164 0.043945 0.044922
0 0.474609 0.332031 0.078125 0.050781
0 0.454102 0.959961 0.051758 0.069336
0 0.87207 0.076172 0.094727 0.058594
0 0.458008 0.019531 0.056641 0.040039
0 0.976562 0.895508 0.045898 0.069336
0 0.780273 0.913086 0.056641 0.048828
0 0.702148 0.917969 0.048828 0.046875
0 0.610352 0.991211 0.044922 0.017578
0 0.362305 0.979492 0.054688 0.040039
