0 0.844727 0.411133 0.070312 0.086914
0 0.956055 0.056641 0.076172 0.069336
0 0.893555 0.273438 0.056641 0.077148
0 0.197266 0.274414 0.092773 0.09668
0 0.085938 0.058594 0.09375 0.073242
0 0.524414 0.097656 0.092773 0.083984
0 0.420898 0.958984 0.094727 0.056641
0 0.446289 0.03125 0.094727 0.0625
0 0.086914 0.586914 0.134766 0.085938
0 0.553711 0.262695 0.040039 0.089844
0 0.472656 0.367188 0.088867 0.057617
0 0.597656 0.614258 0.056641 0.082031
0 0.455078 0.161133 0.089844 0.049805
0 0.296875 0.539062 0.132812 0.086914
0 0.44043 0.583008 0.09668 0.052734
0 0.916992 0.163086 0.041992 0.125977
0 0.685547 0.288086 0.12793 0.105469
0 0.333008 0.027344 0.080078 0.051758
0 0.769531 0.5625 0.092773 0.041016
0 0.108398 0.675781 0.136719 0.084961
0 0.351562 0.242188 0.117383 0.053223
0 0.697266 0.484375 0.072266 0.051758
0 0.978516 0.558594 0.041992 0.05957
0 0.740234 0.845703 0.083008 0.044922
0 0.30957 0.486328 0.061523 0.064453
0 0.851562 0.956055 0.139648 0.067383
0 0.181641 0.673828 0.169922 0.058594
0 0.538086 0.532227 0.087891 0.067383
0 0.512695 0.727539 0.102539 0.038086
0 0.233398 0.083008 0.082031 0.03125
0 0.347656 0.610352 0.104492 0.048828
0 0.171875 0.845703 0.084961 0.038086
0 0.410156 0.515625 0.091797 0.035156
0 0.141602 0.557617 0.080078 0.029297
0 0.439453 0.791016 0.075195 0.030273
0 0.089844 0.230469 0.097656 0.05957
0 0.206055 0.499023 0.064453 0.054688
0 0.484375 0.686523 0.087891 0.047852
0 0.961914 0.87207 0.068359 0.041016
0 0.65332 0.570312 0.094727 0.032227
0 0.121094 0.5625 0.074219 0.036133
0 0.660156 0.897461 0.084961 0.025391
0 0.543945 0.615234 0.084961 0.033203
0 0.78418 0.49707 0.048828 0.052734
0 0.978516 0.359375 0.042969 0.046875
0 0.750977 0.644531 0.083008 0.027344
0 0.969727 0.123047 0.05957 0.030273
0 0.922852 0.892578 0.072266 0.030273
0 0.610352 0.871094 0.095703 0.03125
0 0.645508 0.183594 0.103516 0.066406
0 0.116211 0.857422 0.166992 0.040039
0 0.30957 0.884766 0.068359 0.041016
0 0.03125 0.749023 0.0625 0.032227
0 0.388672 0.448242 0.070312 0.047852
0 0.113281 0.958008 0.12207 0.040039
0 0.638672 0.337891 0.051758 0.025391
0 0.398438 0.720703 0.099609 0.030273
0 0.429688 0.695312 0.075195 0.046875
0 0.03418 0.948242 0.066406 0.046875
0 0.02832 0.274414 0.056641 0.03418
0 0.981445 0.657227 0.036133 0.039062
0 0.026367 0.396484 0.053711 0.03125
0 0.974609 0.597656 0.049805 0.070312
0 0.831055 0.849609 0.041992 0.03418
0 0.629883 0.836914 0.068359 0.027344
0 0.782227 0.628906 0.060547 0.03125
0 0.660156 0.733398 0.09668 0.038086
0 0.373047 0.423828 0.066406 0.037109
0 0.178711 0.382812 0.091797 0.033203
0 0.755859 0.670898 0.089844 0.03125
0 0.04668 0.356348 0.092676 0.040723
0 0.275391 0.793945 0.056641 0.073242
0 0.897461 0.158203 0.032227 0.103516
0 0.024414 0.146484 0.048828 0.03418
0 0.762695 0.514648 0.092773 0.055664
0 0.469727 0.554688 0.131836 0.060547
0 0.920898 0.038086 0.107422 0.029297
