0 0.600586 0.033203 0.0625 0.067383
0 0.942383 0.041992 0.115234 0.083984
0 0.916992 0.132812 0.09668 0.124023
0 0.65332 0.162109 0.078125 0.09375
0 0.419922 0.049805 0.064453 0.074219
0 0.257812 0.161133 0.073242 0.082031
0 0.113281 0.102539 0.113281 0.048828
0 0.173828 0.334961 0.061523 0.0625
0 0.202148 0.381836 0.054688 0.05957
0 0.241211 0.27832 0.072266 0.042969
0 0.37207 0.273438 0.05957 0.080078
0 0.515625 0.349609 0.066406 0.109375
0 0.861328 0.319336 0.072266 0.101562
0 0.988281 0.291016 0.023438 0.126953
0 0.267578 0.472656 0.09375 0.070312
0 0.260742 0.583984 0.111328 0.070312
0 0.18457 0.677734 0.056641 0.102539
0 0.057617 0.782227 0.069336 0.077148
0 0.018555 0.621094 0.037109 0.121094
0 0.428711 0.647461 0.097656 0.21875
0 0.561523 0.707031 0.116211 0.078125
0 0.464844 0.866211 0.045898 0.041016
0 0.423828 0.904297 0.055664 0.109375
0 0.455078 0.969727 0.0625 0.051758
0 0.223633 0.876953 0.057617 0.057617
0 0.166016 0.972656 0.0625 0.054688
0 0.835938 0.746094 0.113281 0.115234
0 0.866211 0.583008 0.089844 0.117188
0 0.894531 0.886719 0.076172 0.145508
0 0.982422 0.536133 0.035156 0.09082
