0 0.163086 0.466797 0.100586 0.073242
0 0.969727 0.311523 0.05957 0.06543
0 0.033203 0.290039 0.0625 0.080078
0 0.077148 0.598633 0.081055 0.069336
0 0.987305 0.014648 0.025391 0.030273
0 0.390625 0.623047 0.068359 0.069336
0 0.369141 0.097656 0.131836 0.100586
0 0.740234 0.048828 0.09668 0.039062
0 0.446289 0.084961 0.118164 0.06543
0 0.93457 0.344727 0.069336 0.074219
0 0.063477 0.470703 0.109375 0.043945
0 0.792969 0.404297 0.085938 0.077148
0 0.455078 0.316406 0.112305 0.087891
0 0.488281 0.65332 0.075195 0.057617
0 0.307617 0.428711 0.111328 0.066406
0 0.28125 0.563477 0.099609 0.069336
0 0.321289 0.770508 0.152344 0.083984
0 0.558594 0.046875 0.099609 0.094727
0 0.053711 0.053711 0.098633 0.107422
0 0.757812 0.333008 0.055664 0.082031
0 0.951172 0.056641 0.097656 0.053711
0 0.179688 0.382812 0.137695 0.074219
0 0.807617 0.678711 0.113281 0.074219
0 0.03125 0.391602 0.063477 0.045898
0 0.255859 0.967773 0.100586 0.063477
0 0.390625 0.369141 0.070312 0.080078
0 0.876953 0.080078 0.066406 0.048828
0 0.172852 0.760742 0.087891 0.087891
0 0.579102 0.907227 0.094727 0.045898
0 0.833984 0.737305 0.09082 0.077148
0 0.322266 0.02832 0.086914 0.054688
0 0.608398 0.229492 0.071289 0.047852
0 0.642578 0.135742 0.124023 0.063477
0 0.739258 0.411133 0.134766 0.076172
0 0.220703 0.65625 0.098633 0.097656
0 0.735352 0.466797 0.09668 0.041016
0 0.969727 0.449219 0.060547 0.02832
0 0.569336 0.533203 0.078125 0.097656
0 0.555664 0.795898 0.09375 0.057617
0 0.202148 0.073242 0.079102 0.029297
0 0.303711 0.30957 0.114258 0.060547
0 0.513672 0.071289 0.09668 0.05957
0 0.311523 0.830078 0.118164 0.044922
0 0.414062 0.014648 0.085938 0.02832
0 0.916992 0.435547 0.080078 0.081055
0 0.384766 0.220703 0.125977 0.056641
0 0.75 0.626953 0.130859 0.049805
0 0.962891 0.095703 0.074219 0.042969
0 0.300781 0.697266 0.073242 0.039062
0 0.541016 0.389648 0.09375 0.044922
0 0.727539 0.813477 0.079102 0.047852
0 0.832031 0.628906 0.070312 0.041992
0 0.242188 0.336914 0.058594 0.037109
0 0.02832 0.782227 0.055664 0.041992
0 0.624023 0.015625 0.041016 0.03125
0 0.762695 0.054688 0.073242 0.106445
0 0.569336 0.749023 0.120117 0.039062
0 0.239258 0.835938 0.100586 0.036133
0 0.828125 0.78418 0.09668 0.048828
0 0.266602 0.917969 0.106445 0.040039
0 0.658203 0.064453 0.074219 0.084961
0 0.461914 0.486328 0.083008 0.029297
0 0.974609 0.130859 0.049805 0.055664
0 0.712891 0.773438 0.041992 0.026367
0 0.303711 0.088867 0.057617 0.051758
0 0.255859 0.896484 0.073242 0.025391
0 0.362305 0.368164 0.148438 0.081055
0 0.566406 0.585938 0.134766 0.036133
0 0.624023 0.908203 0.066406 0.03418
