0 0.057617 0.364258 0.09082 0.103516
0 0.665039 0.373047 0.09375 0.071289
0 0.02832 0.307617 0.057617 0.110352
0 0.196289 0.813477 0.085938 0.067383
0 0.476562 0.176758 0.161133 0.12793
0 0.097656 0.021484 0.054688 0.042969
0 0.697266 0.31543 0.094727 0.100586
0 0.646484 0.556641 0.132812 0.089844
0 0.360352 0.59082 0.104492 0.103516
0 0.402344 0.901367 0.12793 0.042969
0 0.140625 0.103516 0.079102 0.103516
0 0.025391 0.900391 0.050781 0.117188
0 0.619141 0.980469 0.06543 0.039062
0 0.144531 0.513672 0.114258 0.080078
0 0.484375 0.769531 0.079102 0.050781
0 0.777344 0.494141 0.079102 0.128906
0 0.206055 0.732422 0.09082 0.083984
0 0.392578 0.867188 0.115234 0.053711
0 0.061523 0.801758 0.074219 0.068359
0 0.035156 0.554688 0.068359 0.080078
0 0.03125 0.507812 0.0625 0.060547
0 0.626953 0.178711 0.058594 0.05957
0 0.027344 0.02832 0.050781 0.052734
0 0.614258 0.458008 0.146484 0.080078
0 0.703125 0.481445 0.0625 0.070312
0 0.456055 0.71875 0.066406 0.074219
