0 0.640625 0.683594 0.082031 0.072266
0 0.549805 0.43457 0.099609 0.074219
0 0.063477 0.941406 0.123047 0.070312
0 0.944336 0.382812 0.110352 0.137695
0 0.481445 0.744141 0.075195 0.080078
0 0.102539 0.211914 0.070312 0.072266
0 0.143555 0.532227 0.101562 0.084961
0 0.65625 0.413086 0.075195 0.087891
0 0.360352 0.669922 0.102539 0.147461
0 0.675781 0.208984 0.068359 0.101562
0 0.998047 0.516602 0.00293 0.104492
0 0.760742 0.838867 0.078125 0.084961
0 0.507812 0.379883 0.083008 0.080078
0 0.147461 0.283203 0.076172 0.128906
0 0.417969 0.78418 0.0625 0.051758
0 0.631836 0.563477 0.080078 0.072266
0 0.886719 0.664062 0.084961 0.06543
0 0.412109 0.308594 0.064453 0.084961
0 0.430664 0.105469 0.087891 0.136719
0 0.404297 0.587891 0.06543 0.102539
0 0.692383 0.84082 0.073242 0.077148
0 0.295898 0.817383 0.057617 0.071289
0 0.777344 0.530273 0.125 0.15332
0 0.741211 0.260742 0.064453 0.077148
0 0.685547 0.604492 0.067383 0.074219
0 0.546875 0.632812 0.084961 0.083008
0 0.332031 0.496094 0.066406 0.067383
0 0.90918 0.708008 0.115234 0.106445
0 0.34668 0.071289 0.046875 0.100586
0 0.298828 0.056641 0.068359 0.106445
0 0.388672 0.077148 0.052734 0.112305
