0 0.962891 0.685547 0.073242 0.12793
0 0.688477 0.748047 0.082031 0.097656
0 0.615234 0.613281 0.083008 0.078125
0 0.749023 0.942383 0.079102 0.064453
0 0.799805 0.799805 0.074219 0.074219
0 0.871094 0.463867 0.088867 0.066406
0 0.953125 0.515625 0.087891 0.102539
0 0.796875 0.355469 0.070312 0.137695
0 0.935547 0.804688 0.077148 0.144531
0 0.716797 0.495117 0.099609 0.092773
0 0.850586 0.18457 0.077148 0.114258
0 0.615234 0.500977 0.102539 0.107422
0 0.789062 0.242188 0.069336 0.080078
0 0.917969 0.358398 0.067383 0.097656
0 0.970703 0.420898 0.057617 0.15625
0 0.905273 0.671875 0.067383 0.070312
0 0.697266 0.414062 0.115234 0.110352
0 0.8125 0.50293 0.056641 0.072266
0 0.711914 0.333984 0.075195 0.110352
0 0.838867 0.411133 0.088867 0.087891
0 0.969727 0.328125 0.05957 0.060547
0 0.666992 0.577148 0.037109 0.061523
0 0.824219 0.719727 0.105469 0.112305
0 0.899414 0.973633 0.089844 0.052734
