0 0.348633 0.0625 0.129883 0.125
0 0.483398 0.50293 0.087891 0.097656
0 0.895508 0.890625 0.087891 0.142578
0 0.599609 0.498047 0.109375 0.162109
0 0.397461 0.260742 0.169922 0.181641
0 0.962891 0.541992 0.074219 0.182617
0 0.177734 0.332031 0.131836 0.195312
0 0.912109 0.03418 0.144531 0.069336
0 0.296875 0.829102 0.120117 0.235352
0 0.675781 0.316406 0.117188 0.165039
0 0.508789 0.239258 0.139648 0.155273
0 0.584961 0.900391 0.112305 0.118164
0 0.881836 0.342773 0.075195 0.102539
0 0.694336 0.829102 0.240234 0.21582
0 0.50293 0.859375 0.077148 0.209961
0 0.853516 0.620117 0.077148 0.202148
0 0.080078 0.070312 0.087891 0.060547
0 0.96875 0.362305 0.061523 0.088867
0 0.97168 0.311523 0.053711 0.064453
0 0.083008 0.510742 0.107422 0.126953
0 0.591797 0.194336 0.075195 0.094727
0 0.410156 0.90625 0.084961 0.1875
0 0.726562 0.229492 0.135742 0.25
0 0.776367 0.124023 0.104492 0.075195
0 0.197266 0.501953 0.105469 0.199219
0 0.086914 0.722656 0.169922 0.381836
0 0.189453 0.900391 0.109375 0.198242
0 0.05957 0.320312 0.115234 0.102539
0 0.226562 0.757812 0.084961 0.202148
0 0.504883 0.731445 0.134766 0.100586
0 0.25293 0.405273 0.107422 0.112305
0 0.199219 0.664062 0.075195 0.135742
0 0.239258 0.550781 0.070312 0.177734
0 0.544922 0.648438 0.147461 0.1875
0 0.645508 0.507812 0.147461 0.198242
0 0.880859 0.978516 0.0625 0.042969
0 0.717773 0.202148 0.083008 0.240234
0 0.966797 0.282227 0.063477 0.083008
0 0.026367 0.121094 0.052734 0.097656
0 0.070312 0.956055 0.072266 0.086914
0 0.020508 0.945312 0.037109 0.108398
0 0.370117 0.87793 0.047852 0.147461
0 0.110352 0.514648 0.107422 0.060547
0 0.115234 0.756836 0.067383 0.125
0 0.174805 0.275391 0.089844 0.166992
0 0.90332 0.297852 0.052734 0.073242
