0 0.155273 0.500977 0.09668 0.126953
0 0.15625 0.019531 0.110352 0.039062
0 0.321289 0.498047 0.110352 0.157227
0 0.03418 0.198242 0.069336 0.072266
0 0.533203 0.205078 0.087891 0.067383
0 0.899414 0.738281 0.185547 0.082031
0 0.166992 0.760742 0.072266 0.12793
0 0.642578 0.4375 0.102539 0.094727
0 0.708984 0.498047 0.069336 0.072266
0 0.667969 0.027344 0.077148 0.054688
0 0.692383 0.745117 0.080078 0.092773
0 0.673828 0.835938 0.084961 0.078125
0 0.049805 0.870117 0.09082 0.202148
0 0.760742 0.202148 0.082031 0.080078
0 0.424805 0.854492 0.070312 0.089844
0 0.734375 0.333008 0.155273 0.112305
0 0.916016 0.392578 0.097656 0.077148
0 0.296875 0.631836 0.080078 0.134766
0 0.457031 0.568359 0.074219 0.082031
0 0.935547 0.482422 0.107422 0.102539
0 0.489258 0.331055 0.110352 0.072266
0 0.266602 0.339844 0.077148 0.112305
0 0.881836 0.894531 0.089844 0.130859
0 0.524414 0.038086 0.089844 0.077148
0 0.181641 0.195312 0.180664 0.12207
0 0.454102 0.375977 0.149414 0.087891
0 0.794922 0.517578 0.067383 0.067383
0 0.480469 0.113281 0.067383 0.0625
0 0.0625 0.068359 0.125 0.117188
0 0.416992 0.097656 0.070312 0.083008
0 0.711914 0.94043 0.075195 0.072266
0 0.588867 0.092773 0.084961 0.09668
0 0.953125 0.22168 0.067383 0.05957
0 0.354492 0.162109 0.064453 0.064453
0 0.847656 0.585938 0.112305 0.107422
0 0.233398 0.949219 0.097656 0.094727
0 0.757812 0.401367 0.092773 0.075195
0 0.851562 0.125 0.09082 0.092773
0 0.810547 0.830078 0.077148 0.077148
0 0.96582 0.314453 0.068359 0.134766
0 0.000977 0.967773 0.001953 0.057617
0 0.108398 0.085938 0.152344 0.078125
0 0.970703 0.057617 0.057617 0.077148
0 0.27832 0.193359 0.052734 0.078125
0 0.524414 0.289062 0.084961 0.069336
0 0.376953 0.605469 0.060547 0.067383
0 0.878906 0.783203 0.18457 0.082031
0 0.012695 0.666992 0.025391 0.116211
