0 0.040039 0.160156 0.081055 0.084961
0 0.057617 0.237305 0.067383 0.091797
0 0.064453 0.345703 0.05957 0.054688
0 0.052734 0.303711 0.095703 0.074219
0 0.061523 0.529297 0.104492 0.111328
0 0.03125 0.739258 0.063477 0.09668
0 0.081055 0.716797 0.069336 0.132812
0 0.137695 0.751953 0.061523 0.115234
0 0.271484 0.709961 0.111328 0.123047
0 0.131836 0.580078 0.136719 0.076172
0 0.206055 0.429688 0.111328 0.067383
0 0.206055 0.197266 0.05957 0.077148
0 0.230469 0.134766 0.073242 0.06543
0 0.220703 0.029297 0.071289 0.05957
0 0.413086 0.019531 0.083008 0.040039
0 0.550781 0.113281 0.124023 0.091797
0 0.701172 0.101562 0.107422 0.109375
0 0.841797 0.060547 0.09668 0.103516
0 0.803711 0.233398 0.051758 0.134766
0 0.880859 0.249023 0.083008 0.079102
0 0.461914 0.222656 0.098633 0.052734
0 0.535156 0.295898 0.069336 0.087891
0 0.832031 0.383789 0.083008 0.077148
0 0.791016 0.453125 0.064453 0.085938
0 0.957031 0.431641 0.085938 0.119141
0 0.329102 0.237305 0.056641 0.12207
0 0.386719 0.413086 0.084961 0.119141
0 0.349609 0.507812 0.072266 0.075195
0 0.375977 0.818359 0.066406 0.143555
0 0.112305 0.946289 0.066406 0.070312
0 0.09668 0.920898 0.061523 0.102539
0 0.923828 0.935547 0.114258 0.12793
0 0.77832 0.841797 0.121094 0.117188
0 0.911133 0.787109 0.061523 0.085938
0 0.694336 0.704102 0.09375 0.111328
0 0.647461 0.688477 0.095703 0.06543
0 0.623047 0.800781 0.105469 0.100586
0 0.530273 0.888672 0.056641 0.054688
0 0.466797 0.782227 0.094727 0.076172
0 0.957031 0.658203 0.084961 0.082031
0 0.892578 0.600586 0.078125 0.087891
0 0.507812 0.461914 0.085938 0.073242
0 0.882812 0.848633 0.050781 0.052734
