0 0.066406 0.296875 0.110352 0.094727
0 0.019531 0.539062 0.039062 0.120117
0 0.789062 0.605469 0.135742 0.12207
0 0.413086 0.03418 0.112305 0.069336
0 0.336914 0.19043 0.109375 0.092773
0 0.15332 0.506836 0.087891 0.099609
0 0.834961 0.198242 0.125 0.072266
0 0.239258 0.844727 0.125 0.080078
0 0.592773 0.213867 0.092773 0.084961
0 0.854492 0.029297 0.169922 0.05957
0 0.384766 0.396484 0.099609 0.09082
0 0.214844 0.299805 0.089844 0.070312
0 0.455078 0.530273 0.192383 0.166992
0 0.771484 0.355469 0.092773 0.074219
0 0.411133 0.824219 0.089844 0.145508
0 0.010742 0.770508 0.022461 0.083008
0 0.226562 0.023438 0.114258 0.046875
0 0.12793 0.024414 0.107422 0.049805
0 0.238281 0.679688 0.082031 0.080078
0 0.199219 0.93457 0.125 0.115234
0 0.49707 0.176758 0.064453 0.075195
0 0.079102 0.44043 0.100586 0.072266
0 0.617188 0.720703 0.080078 0.082031
0 0.921875 0.920898 0.115234 0.082031
0 0.810547 0.694336 0.092773 0.060547
0 0.484375 0.405273 0.120117 0.112305
0 0.253906 0.524414 0.06543 0.060547
0 0.740234 0.923828 0.182617 0.129883
0 0.9375 0.121094 0.125 0.083008
0 0.931641 0.624023 0.110352 0.09082
0 0.75 0.133789 0.192383 0.084961
0 0.671875 0.415039 0.080078 0.067383
0 0.150391 0.214844 0.057617 0.054688
0 0.198242 0.613281 0.072266 0.068359
0 0.34082 0.941406 0.078125 0.094727
0 0.68457 0.167969 0.109375 0.086914
0 0.30957 0.900391 0.080078 0.073242
0 0.967773 0.011719 0.064453 0.023438
0 0.037109 0.725586 0.074219 0.092773
0 0.975586 0.743164 0.047852 0.072266
0 0.450195 0.662109 0.112305 0.060547
0 0.744141 0.729492 0.080078 0.089844
0 0.960938 0.368164 0.078125 0.078125
