0 0.658203 0.083984 0.097656 0.081055
0 0.65332 0.177734 0.091797 0.081055
0 0.72168 0.216797 0.063477 0.066406
0 0.791016 0.265625 0.088867 0.071289
0 0.641602 0.289062 0.080078 0.070312
0 0.460938 0.364258 0.072266 0.069336
0 0.34082 0.28418 0.079102 0.061523
0 0.274414 0.115234 0.103516 0.067383
0 0.128906 0.073242 0.09082 0.067383
0 0.258789 0.37793 0.095703 0.084961
0 0.450195 0.639648 0.085938 0.107422
0 0.126953 0.516602 0.09082 0.077148
0 0.172852 0.427734 0.067383 0.057617
0 0.047852 0.357422 0.087891 0.063477
0 0.640625 0.40625 0.082031 0.078125
0 0.785156 0.369141 0.05957 0.067383
0 0.887695 0.416016 0.069336 0.069336
0 0.963867 0.270508 0.071289 0.072266
0 0.969727 0.429688 0.05957 0.069336
0 0.06543 0.710938 0.131836 0.081055
0 0.34668 0.740234 0.148438 0.086914
0 0.21875 0.777344 0.075195 0.075195
0 0.066406 0.836914 0.133789 0.087891
0 0.260742 0.945312 0.099609 0.081055
0 0.100586 0.96875 0.070312 0.061523
0 0.030273 0.944336 0.056641 0.094727
0 0.463867 0.930664 0.113281 0.098633
0 0.566406 0.896484 0.088867 0.056641
0 0.665039 0.818359 0.103516 0.081055
0 0.602539 0.706055 0.070312 0.05957
0 0.668945 0.640625 0.080078 0.063477
0 0.507812 0.695312 0.086914 0.081055
0 0.720703 0.892578 0.080078 0.078125
0 0.81543 0.819336 0.079102 0.063477
0 0.969727 0.861328 0.05957 0.05957
0 0.987305 0.757812 0.025391 0.067383
0 0.478516 0.152344 0.094727 0.079102
0 0.708984 0.330078 0.048828 0.056641
0 0.349609 0.389648 0.09375 0.091797
0 0.5625 0.78125 0.089844 0.112305
