0 0.026367 0.097656 0.053711 0.091797
0 0.077148 0.227539 0.113281 0.109375
0 0.049805 0.34375 0.087891 0.107422
0 0.208984 0.253906 0.083008 0.09668
0 0.458008 0.333008 0.19043 0.094727
0 0.009766 0.601562 0.020508 0.108398
0 0.023438 0.697266 0.046875 0.084961
0 0.053711 0.734375 0.051758 0.079102
0 0.079102 0.806641 0.12207 0.158203
0 0.056641 0.986328 0.077148 0.027344
0 0.163086 0.924805 0.063477 0.150391
0 0.368164 0.977539 0.158203 0.044922
0 0.293945 0.913086 0.077148 0.064453
0 0.260742 0.680664 0.107422 0.079102
0 0.320312 0.71582 0.126953 0.097656
0 0.425781 0.825195 0.088867 0.09375
0 0.421875 0.613281 0.081055 0.05957
0 0.53418 0.604492 0.075195 0.057617
0 0.458984 0.463867 0.095703 0.228516
0 0.617188 0.293945 0.099609 0.142578
0 0.800781 0.556641 0.15625 0.15332
0 0.957031 0.5625 0.084961 0.231445
0 0.753906 0.958984 0.071289 0.057617
0 0.958984 0.977539 0.068359 0.044922
0 0.738281 0.101562 0.083008 0.068359
0 0.594727 0.035156 0.063477 0.070312
0 0.124023 0.305664 0.131836 0.076172
0 0.021484 0.178711 0.042969 0.0625
0 0.474609 0.214844 0.061523 0.080078
0 0.839844 0.68457 0.109375 0.150391
