0 0.091797 0.192383 0.099609 0.081055
0 0.117188 0.273438 0.083008 0.05957
0 0.188477 0.272461 0.05957 0.073242
0 0.325195 0.162109 0.066406 0.0625
0 0.369141 0.220703 0.070312 0.077148
0 0.635742 0.205078 0.083008 0.048828
0 0.856445 0.064453 0.109375 0.072266
0 0.894531 0.042969 0.104492 0.049805
0 0.240234 0.041992 0.05957 0.084961
0 0.089844 0.029297 0.058594 0.058594
0 0.146484 0.092773 0.053711 0.054688
0 0.008789 0.435547 0.018555 0.09668
0 0.050781 0.769531 0.05957 0.080078
0 0.225586 0.610352 0.082031 0.054688
0 0.177734 0.537109 0.073242 0.058594
0 0.120117 0.532227 0.052734 0.064453
0 0.428711 0.50293 0.083008 0.066406
0 0.387695 0.668945 0.079102 0.067383
0 0.509766 0.674805 0.051758 0.057617
0 0.552734 0.714844 0.094727 0.072266
0 0.496094 0.78418 0.098633 0.086914
0 0.589844 0.835938 0.105469 0.087891
0 0.508789 0.921875 0.077148 0.087891
0 0.262695 0.905273 0.072266 0.06543
0 0.15332 0.819336 0.064453 0.076172
0 0.097656 0.794922 0.056641 0.089844
0 0.183594 0.977539 0.068359 0.044922
0 0.029297 0.681641 0.035156 0.047852
0 0.789062 0.873047 0.09668 0.083008
0 0.739258 0.74707 0.080078 0.063477
0 0.786133 0.651367 0.070312 0.084961
0 0.802734 0.55957 0.09082 0.054688
0 0.87793 0.496094 0.088867 0.057617
0 0.81543 0.426758 0.06543 0.058594
0 0.771484 0.46875 0.052734 0.054688
0 0.87207 0.605469 0.081055 0.081055
0 0.972656 0.536133 0.054688 0.051758
0 0.928711 0.953125 0.094727 0.067383
0 0.856445 0.935547 0.060547 0.076172
0 0.520508 0.549805 0.058594 0.067383
0 0.616211 0.515625 0.078125 0.061523
0 0.526367 0.410156 0.097656 0.077148
0 0.431641 0.370117 0.076172 0.094727
0 0.619141 0.330078 0.072266 0.068359
0 0.927734 0.34082 0.126953 0.069336
0 0.858398 0.358398 0.072266 0.070312
0 0.956055 0.209961 0.087891 0.05957
0 0.453125 0.125 0.071289 0.061523
0 0.327148 0.249023 0.057617 0.048828
0 0.148438 0.019531 0.069336 0.040039
0 0.744141 0.806641 0.076172 0.061523
