0 0.435547 0.498047 0.102539 0.107422
0 0.799805 0.261719 0.141602 0.148438
0 0.542969 0.536133 0.092773 0.097656
0 0.50293 0.337891 0.12793 0.092773
0 0.09375 0.952148 0.118164 0.080078
0 0.582031 0.952148 0.099609 0.070312
0 0.286133 0.037109 0.073242 0.074219
0 0.260742 0.642578 0.102539 0.092773
0 0.652344 0.698242 0.179688 0.107422
0 0.376953 0.869141 0.095703 0.089844
0 0.861328 0.884766 0.104492 0.099609
0 0.300781 0.416016 0.123047 0.097656
0 0.810547 0.970703 0.157227 0.057617
0 0.457031 0.923828 0.125 0.094727
0 0.96582 0.757812 0.067383 0.091797
0 0.318359 0.71875 0.082031 0.094727
0 0.020508 0.584961 0.041992 0.102539
0 0.316406 0.319336 0.110352 0.089844
0 0.754883 0.827148 0.097656 0.063477
0 0.171875 0.530273 0.140625 0.137695
0 0.148438 0.282227 0.09375 0.106445
0 0.865234 0.615234 0.129883 0.092773
0 0.496094 0.243164 0.116211 0.117188
0 0.018555 0.878906 0.038086 0.144531
0 0.243164 0.176758 0.082031 0.069336
0 0.053711 0.041016 0.055664 0.070312
0 0.412109 0.760742 0.091797 0.088867
0 0.623047 0.526367 0.117188 0.110352
0 0.930664 0.398438 0.097656 0.087891
0 0.959961 0.423828 0.080078 0.084961
0 0.951172 0.324219 0.097656 0.070312
0 0.921875 0.113281 0.125 0.097656
