0 0.206055 0.273438 0.102539 0.101562
0 0.160156 0.210938 0.136719 0.058594
0 0.160156 0.174805 0.148438 0.06543
0 0.070312 0.166992 0.050781 0.117188
0 0.219727 0.03125 0.061523 0.063477
0 0.164062 0.025391 0.082031 0.050781
0 0.493164 0.15332 0.053711 0.130859
0 0.433594 0.216797 0.071289 0.132812
0 0.538086 0.239258 0.053711 0.178711
0 0.638672 0.294922 0.097656 0.057617
0 0.725586 0.069336 0.072266 0.09082
0 0.876953 0.125977 0.082031 0.0625
0 0.776367 0.333008 0.063477 0.108398
0 0.650391 0.378906 0.048828 0.051758
0 0.907227 0.246094 0.091797 0.083984
0 0.925781 0.40918 0.102539 0.076172
0 0.095703 0.741211 0.09082 0.050781
0 0.175781 0.728516 0.120117 0.079102
0 0.182617 0.65625 0.098633 0.066406
0 0.258789 0.578125 0.144531 0.076172
0 0.289062 0.462891 0.12793 0.071289
0 0.21875 0.500977 0.117188 0.078125
0 0.439453 0.507812 0.061523 0.117188
0 0.473633 0.644531 0.124023 0.06543
0 0.55957 0.613281 0.166016 0.117188
0 0.689453 0.584961 0.06543 0.09668
0 0.584961 0.453125 0.067383 0.077148
0 0.709961 0.738281 0.081055 0.120117
0 0.658203 0.806641 0.047852 0.135742
0 0.625977 0.798828 0.060547 0.094727
0 0.44043 0.834961 0.160156 0.080078
0 0.518555 0.749023 0.124023 0.067383
0 0.271484 0.789062 0.107422 0.070312
0 0.299805 0.672852 0.092773 0.075195
0 0.740234 0.936523 0.06543 0.126953
0 0.598633 0.96875 0.073242 0.061523
0 0.446289 0.957031 0.135742 0.084961
0 0.322266 0.949219 0.067383 0.091797
0 0.036133 0.87793 0.048828 0.083008
0 0.171875 0.920898 0.104492 0.057617
0 0.063477 0.665039 0.055664 0.053711
0 0.34082 0.272461 0.056641 0.09668
0 0.745117 0.084961 0.039062 0.072266
0 0.942383 0.824219 0.061523 0.066406
0 0.040039 0.521484 0.05957 0.052734
0 0.214844 0.448242 0.068359 0.051758
0 0.477539 0.245117 0.051758 0.074219
0 0.881836 0.49707 0.044922 0.023438
