0 0.111328 0.932617 0.097656 0.083984
0 0.44043 0.983398 0.092773 0.033203
0 0.310547 0.814453 0.107422 0.080078
0 0.051758 0.087891 0.099609 0.0625
0 0.959961 0.959961 0.06543 0.080078
0 0.169922 0.219727 0.089844 0.064453
0 0.05957 0.561523 0.086914 0.053711
0 0.532227 0.888672 0.089844 0.0625
0 0.626953 0.879883 0.099609 0.067383
0 0.325195 0.525391 0.112305 0.097656
0 0.076172 0.208984 0.092773 0.055664
0 0.641602 0.206055 0.080078 0.0625
0 0.59668 0.056641 0.05957 0.080078
0 0.087891 0.49707 0.097656 0.049805
0 0.515625 0.631836 0.082031 0.064453
0 0.382812 0.728516 0.118164 0.0625
0 0.426758 0.927734 0.104492 0.073242
0 0.709961 0.767578 0.060547 0.037109
0 0.091797 0.74707 0.074219 0.06543
0 0.650391 0.566406 0.107422 0.05957
0 0.316406 0.360352 0.110352 0.107422
0 0.382812 0.96582 0.09668 0.033203
0 0.282227 0.238281 0.099609 0.056641
0 0.720703 0.833984 0.053711 0.069336
0 0.638672 0.412109 0.087891 0.052734
0 0.788086 0.141602 0.05957 0.075195
0 0.681641 0.463867 0.069336 0.110352
0 0.322266 0.189453 0.066406 0.043945
0 0.600586 0.617188 0.077148 0.064453
0 0.639648 0.782227 0.060547 0.054688
0 0.479492 0.777344 0.084961 0.070312
0 0.132812 0.37793 0.243164 0.072266
0 0.746094 0.05957 0.054688 0.074219
0 0.507812 0.820312 0.092773 0.073242
0 0.724609 0.556641 0.060547 0.05957
0 0.711914 0.12207 0.064453 0.074219
0 0.607422 0.291016 0.068359 0.076172
0 0.429688 0.792969 0.099609 0.086914
0 0.592773 0.445312 0.047852 0.047852
0 0.21875 0.43457 0.055664 0.054688
0 0.573242 0.192383 0.056641 0.044922
0 0.19043 0.119141 0.086914 0.055664
0 0.053711 0.037109 0.108398 0.075195
0 0.061523 0.274414 0.120117 0.060547
0 0.069336 0.321289 0.134766 0.06543
0 0.578125 0.806641 0.067383 0.055664
0 0.030273 0.867188 0.057617 0.125
0 0.029297 0.966797 0.054688 0.06543
0 0.644531 0.977539 0.080078 0.043945
