0 0.036133 0.142578 0.072266 0.067383
0 0.143555 0.245117 0.103516 0.105469
0 0.152344 0.352539 0.09375 0.109375
0 0.092773 0.629883 0.082031 0.084961
0 0.188477 0.660156 0.102539 0.063477
0 0.088867 0.755859 0.097656 0.094727
0 0.262695 0.808594 0.087891 0.081055
0 0.457031 0.727539 0.092773 0.097656
0 0.464844 0.569336 0.077148 0.09082
0 0.293945 0.532227 0.094727 0.138672
0 0.483398 0.425781 0.073242 0.09375
0 0.431641 0.370117 0.053711 0.084961
0 0.328125 0.249023 0.111328 0.092773
0 0.24707 0.363281 0.081055 0.075195
0 0.328125 0.142578 0.111328 0.101562
0 0.52832 0.144531 0.146484 0.105469
0 0.337891 0.02832 0.107422 0.056641
0 0.717773 0.081055 0.132812 0.082031
0 0.727539 0.261719 0.088867 0.121094
0 0.883789 0.331055 0.084961 0.098633
0 0.96875 0.367188 0.061523 0.107422
0 0.916016 0.617188 0.092773 0.103516
0 0.757812 0.700195 0.09082 0.095703
0 0.570312 0.614258 0.06543 0.088867
0 0.748047 0.830078 0.094727 0.09668
0 0.583984 0.979492 0.081055 0.041016
0 0.432617 0.926758 0.071289 0.083008
0 0.342773 0.902344 0.075195 0.085938
0 0.261719 0.985352 0.089844 0.029297
0 0.183594 0.955078 0.073242 0.088867
0 0.786133 0.15918 0.186523 0.083008
