0 0.500977 0.143555 0.05957 0.082031
0 0.416016 0.398438 0.097656 0.066406
0 0.147461 0.506836 0.088867 0.09375
0 0.417969 0.053711 0.042969 0.075195
0 0.307617 0.610352 0.057617 0.087891
0 0.387695 0.211914 0.052734 0.079102
0 0.166992 0.457031 0.049805 0.095703
0 0.462891 0.780273 0.045898 0.078125
0 0.299805 0.493164 0.06543 0.0625
0 0.022461 0.641602 0.045898 0.048828
0 0.158203 0.271484 0.072266 0.049805
0 0.733398 0.21875 0.046875 0.083984
0 0.165039 0.373047 0.092773 0.075195
0 0.53418 0.529297 0.039062 0.102539
0 0.97168 0.651367 0.056641 0.072266
0 0.973633 0.56543 0.051758 0.060547
0 0.21582 0.976562 0.087891 0.042969
0 0.175781 0.869141 0.171875 0.095703
0 0.09668 0.091797 0.051758 0.136719
0 0.749023 0.504883 0.030273 0.107422
0 0.918945 0.893555 0.045898 0.083008
0 0.272461 0.336914 0.058594 0.067383
0 0.886719 0.411133 0.033203 0.09082
0 0.782227 0.560547 0.03125 0.063477
0 0.904297 0.27832 0.083984 0.041992
0 0.693359 0.912109 0.039062 0.070312
0 0.334961 0.304688 0.045898 0.064453
0 0.697266 0.512695 0.029297 0.058594
0 0.087891 0.558594 0.109375 0.087891
0 0.444336 0.322266 0.041992 0.06543
0 0.935547 0.816406 0.080078 0.045898
0 0.417969 0.905273 0.044922 0.0625
0 0.967773 0.017578 0.063477 0.033203
0 0.541992 0.376953 0.047852 0.036133
0 0.574219 0.978516 0.037109 0.041992
0 0.597656 0.171875 0.075195 0.030273
0 0.226562 0.668945 0.041016 0.072266
0 0.469727 0.927734 0.047852 0.02832
0 0.595703 0.183594 0.079102 0.036133
0 0.892578 0.850586 0.037109 0.054688
0 0.010742 0.173828 0.022461 0.053711
0 0.273438 0.702148 0.046875 0.040039
0 0.71875 0.498047 0.048828 0.109375
0 0.625 0.855469 0.05957 0.036133
0 0.49707 0.631836 0.064453 0.037109
0 0.366211 0.670898 0.038086 0.032227
0 0.344727 0.969727 0.046875 0.032227
0 0.025391 0.503906 0.048828 0.051758
0 0.34375 0.851562 0.03418 0.049805
0 0.715625 0.581348 0.054004 0.041797
0 0.978516 0.081055 0.042969 0.071289
0 0.978516 0.523438 0.041992 0.057617
0 0.788086 0.980469 0.067383 0.039062
