0 0.918945 0.737305 0.119141 0.070312
0 0.797852 0.100586 0.12793 0.081055
0 0.867188 0.527344 0.135742 0.083008
0 0.761719 0.324219 0.086914 0.05957
0 0.875977 0.40332 0.126953 0.0625
0 0.65918 0.427734 0.124023 0.075195
0 0.206055 0.998047 0.072266 0.00293
0 0.792969 0.669922 0.109375 0.060547
0 0.939453 0.680664 0.115234 0.078125
0 0.949219 0.357422 0.100586 0.102539
0 0.748047 0.274414 0.082031 0.099609
0 0.950195 0.196289 0.086914 0.084961
0 0.959961 0.066406 0.078125 0.099609
0 0.969727 0.87207 0.060547 0.05957
