0 0.165039 0.722656 0.067383 0.097656
0 0.433594 0.144531 0.071289 0.069336
0 0.704102 0.970703 0.097656 0.057617
0 0.875 0.666992 0.097656 0.068359
0 0.783203 0.116211 0.084961 0.074219
0 0.967773 0.151367 0.064453 0.073242
0 0.052734 0.633789 0.050781 0.109375
0 0.345703 0.53418 0.097656 0.050781
0 0.885742 0.950195 0.100586 0.094727
0 0.154297 0.860352 0.118164 0.055664
0 0.938477 0.501953 0.108398 0.087891
0 0.975586 0.124023 0.048828 0.048828
0 0.722656 0.913086 0.061523 0.051758
0 0.055664 0.479492 0.109375 0.067383
0 0.80957 0.96582 0.056641 0.061523
0 0.967773 0.823242 0.05957 0.0625
0 0.429688 0.52832 0.100586 0.063477
0 0.238281 0.827148 0.088867 0.03418
0 0.839844 0.126953 0.043945 0.076172
0 0.6875 0.527344 0.124023 0.041016
0 0.217773 0.18457 0.120117 0.041016
0 0.048828 0.973633 0.09375 0.052734
0 0.762695 0.429688 0.078125 0.033203
0 0.167969 0.982422 0.048828 0.03418
0 0.742188 0.375977 0.123047 0.039062
0 0.420898 0.923828 0.128906 0.047852
0 0.213867 0.233398 0.106445 0.035156
0 0.34668 0.458984 0.078125 0.049805
0 0.054688 0.245117 0.109375 0.033203
0 0.604492 0.436523 0.099609 0.060547
0 0.629883 0.026367 0.050781 0.045898
0 0.436523 0.386719 0.069336 0.048828
0 0.513672 0.555664 0.055664 0.030273
0 0.268555 0.464844 0.054688 0.057617
0 0.675781 0.637695 0.092773 0.046875
0 0.929688 0.739258 0.089844 0.105469
0 0.650391 0.145508 0.037109 0.076172
0 0.176758 0.041992 0.126953 0.080078
0 0.833008 0.560547 0.133789 0.047852
0 0.463867 0.790039 0.131836 0.036133
0 0.302734 0.954102 0.086914 0.044922
0 0.43457 0.287109 0.083984 0.053711
0 0.8125 0.467773 0.075195 0.041992
0 0.708008 0.499023 0.077148 0.03418
0 0.555664 0.279297 0.058594 0.029297
0 0.639648 0.188477 0.067383 0.032227
0 0.744141 0.623047 0.051758 0.035156
0 0.494141 0.029297 0.064453 0.058594
0 0.855469 0.205078 0.056641 0.038086
0 0.207031 0.946289 0.109375 0.033203
0 0.235352 0.023438 0.102539 0.047852
0 0.798828 0.989258 0.044922 0.020508
0 0.220703 0.456055 0.069336 0.054688
0 0.847656 0.242188 0.067383 0.039062
0 0.880859 0.631836 0.049805 0.073242
0 0.710938 0.831055 0.146484 0.070312
0 0.226562 0.496094 0.089844 0.027344
0 0.898438 0.135742 0.058594 0.058594
0 0.557617 0.24707 0.03125 0.061523
0 0.387695 0.331055 0.067383 0.061523
0 0.47168 0.039062 0.045898 0.054688
0 0.446289 0.257812 0.063477 0.041992
0 0.443359 0.488281 0.116211 0.03418
0 0.323242 0.305664 0.091797 0.053711
0 0.070312 0.916016 0.09082 0.036133
0 0.230469 0.151367 0.057617 0.02832
0 0.15918 0.553711 0.211914 0.041016
0 0.529297 0.330078 0.040039 0.057617
0 0.251953 0.78418 0.0625 0.015625
0 0.691406 0.189453 0.061523 0.0625
0 0.338867 0.011719 0.076172 0.023438
0 0.200195 0.53418 0.144531 0.038086
0 0.091797 0.662109 0.046875 0.02832
0 0.338867 0.498047 0.070312 0.026367
0 0.845703 0.275391 0.073242 0.041016
0 0.027344 0.878906 0.055664 0.063477
0 0.539062 0.074219 0.045898 0.071289
0 0.635742 0.972656 0.088867 0.035156
0 0.050781 0.239258 0.098633 0.071289
0 0.428711 0.421875 0.108398 0.052734
0 0.038086 0.547852 0.074219 0.048828
0 0.251953 0.90918 0.078125 0.033203
0 0.207031 0.092773 0.079102 0.045898
0 0.772461 0.849609 0.080078 0.053711
0 0.276367 0.803711 0.140625 0.020508
0 0.643555 0.800781 0.046875 0.048828
0 0.848633 0.860352 0.116211 0.048828
0 0.764648 0.724609 0.063477 0.094727
0 0.423828 0.888672 0.050781 0.036133
0 0.427734 0.925781 0.137695 0.044922
0 0.905273 0.917969 0.056641 0.038086
0 0.981445 0.974609 0.035156 0.047852
0 0.441406 0.507812 0.117188 0.041992
0 0.59668 0.494141 0.068359 0.054688
0 0.658203 0.542969 0.087891 0.037109
