0 0.033203 0.224609 0.066406 0.068359
0 0.151367 0.141602 0.083984 0.058594
0 0.066406 0.857422 0.108398 0.0625
0 0.182617 0.832031 0.079102 0.064453
0 0.234375 0.719727 0.049805 0.067383
0 0.249023 0.904297 0.055664 0.09375
0 0.601562 0.967773 0.086914 0.063477
0 0.675781 0.928711 0.077148 0.078125
0 0.680664 0.80957 0.099609 0.077148
0 0.44043 0.813477 0.119141 0.068359
0 0.300781 0.879883 0.087891 0.084961
0 0.358398 0.868164 0.049805 0.05957
0 0.3125 0.688477 0.117188 0.076172
0 0.436523 0.694336 0.06543 0.066406
0 0.506836 0.667969 0.087891 0.047852
0 0.483398 0.625 0.081055 0.058594
0 0.488281 0.731445 0.083984 0.064453
0 0.62207 0.698242 0.048828 0.075195
0 0.757812 0.702148 0.053711 0.048828
0 0.754883 0.745117 0.09668 0.081055
0 0.839844 0.745117 0.095703 0.064453
0 0.960938 0.891602 0.064453 0.066406
0 0.836914 0.645508 0.067383 0.071289
0 0.898438 0.644531 0.057617 0.060547
0 0.766602 0.533203 0.100586 0.077148
0 0.963867 0.638672 0.071289 0.060547
0 0.953125 0.710938 0.092773 0.072266
0 0.826172 0.392578 0.058594 0.086914
0 0.856445 0.333984 0.073242 0.050781
0 0.896484 0.365234 0.070312 0.052734
0 0.90625 0.286133 0.0625 0.067383
0 0.745117 0.175781 0.087891 0.079102
0 0.861328 0.086914 0.157227 0.09668
0 0.756836 0.083008 0.102539 0.081055
0 0.677734 0.124023 0.086914 0.089844
0 0.369141 0.24707 0.101562 0.077148
0 0.328125 0.302734 0.100586 0.087891
0 0.333008 0.198242 0.064453 0.088867
0 0.366211 0.104492 0.06543 0.112305
0 0.450195 0.161133 0.15918 0.080078
0 0.966797 0.041016 0.044922 0.082031
0 0.958984 0.503906 0.080078 0.039062
0 0.332031 0.837891 0.051758 0.070312
0 0.376953 0.782227 0.079102 0.071289
