0 0.759766 0.069336 0.080078 0.09082
0 0.861328 0.048828 0.116211 0.083008
0 0.943359 0.074219 0.091797 0.085938
0 0.862305 0.207031 0.112305 0.071289
0 0.720703 0.198242 0.089844 0.067383
0 0.154297 0.037109 0.06543 0.075195
0 0.354492 0.03125 0.092773 0.0625
0 0.100586 0.174805 0.109375 0.072266
0 0.03418 0.310547 0.068359 0.087891
0 0.166992 0.34668 0.087891 0.057617
0 0.394531 0.341797 0.077148 0.081055
0 0.499023 0.328125 0.066406 0.080078
0 0.448242 0.480469 0.073242 0.117188
0 0.612305 0.317383 0.081055 0.064453
0 0.822266 0.455078 0.082031 0.117188
0 0.701172 0.470703 0.09668 0.09375
0 0.650391 0.416016 0.049805 0.06543
0 0.691406 0.384766 0.082031 0.09082
0 0.945312 0.40332 0.098633 0.06543
0 0.975586 0.594727 0.047852 0.080078
0 0.978516 0.700195 0.042969 0.086914
0 0.02832 0.512695 0.057617 0.09668
0 0.076172 0.540039 0.056641 0.120117
0 0.131836 0.748047 0.098633 0.064453
0 0.43457 0.837891 0.083008 0.0625
0 0.493164 0.735352 0.069336 0.06543
0 0.575195 0.761719 0.091797 0.079102
0 0.651367 0.891602 0.046875 0.092773
0 0.722656 0.84082 0.06543 0.078125
0 0.818359 0.856445 0.092773 0.079102
0 0.761719 0.927734 0.054688 0.083984
0 0.708008 0.921875 0.052734 0.068359
0 0.432617 0.911133 0.070312 0.05957
0 0.267578 0.926758 0.089844 0.058594
0 0.199219 0.883789 0.070312 0.050781
0 0.042969 0.811523 0.079102 0.053711
0 0.084961 0.958984 0.060547 0.082031
0 0.126953 0.948242 0.052734 0.058594
0 0.023438 0.96875 0.047852 0.061523
0 0.895508 0.90918 0.060547 0.083984
0 0.949219 0.449219 0.046875 0.069336
0 0.982422 0.862305 0.035156 0.094727
0 0.755859 0.024414 0.055664 0.049805
0 0.476562 0.041992 0.06543 0.047852
0 0.094727 0.830078 0.076172 0.083984
