0 0.018555 0.417969 0.037109 0.092773
0 0.046875 0.681641 0.085938 0.070312
0 0.133789 0.750977 0.100586 0.072266
0 0.079102 0.791992 0.071289 0.070312
0 0.03418 0.835938 0.068359 0.061523
0 0.300781 0.766602 0.095703 0.057617
0 0.336914 0.839844 0.105469 0.086914
0 0.30957 0.90332 0.095703 0.075195
0 0.291992 0.96875 0.076172 0.0625
0 0.226562 0.62207 0.073242 0.075195
0 0.358398 0.5625 0.084961 0.074219
0 0.099609 0.37207 0.05957 0.09375
0 0.418945 0.410156 0.066406 0.154297
0 0.407227 0.319336 0.066406 0.05957
0 0.52832 0.488281 0.072266 0.074219
0 0.626953 0.373047 0.072266 0.072266
0 0.477539 0.301758 0.06543 0.079102
0 0.470703 0.21582 0.104492 0.072266
0 0.527344 0.178711 0.069336 0.081055
0 0.743164 0.201172 0.087891 0.100586
0 0.120117 0.063477 0.078125 0.091797
0 0.212891 0.069336 0.099609 0.103516
0 0.669922 0.029297 0.112305 0.058594
0 0.764648 0.086914 0.077148 0.091797
0 0.838867 0.183594 0.145508 0.09375
0 0.982422 0.363281 0.03418 0.128906
0 0.626953 0.579102 0.09082 0.078125
0 0.664062 0.671875 0.083008 0.075195
0 0.489258 0.75293 0.0625 0.066406
0 0.685547 0.78125 0.076172 0.087891
0 0.80957 0.691406 0.077148 0.089844
0 0.954102 0.623047 0.072266 0.069336
0 0.792969 0.916992 0.071289 0.091797
0 0.621094 0.916992 0.095703 0.067383
0 0.580078 0.967773 0.057617 0.063477
0 0.526367 0.972656 0.0625 0.053711
0 0.902344 0.949219 0.060547 0.089844
0 0.751953 0.841797 0.0625 0.0625
0 0.021484 0.75 0.043945 0.053711
0 0.043945 0.395508 0.072266 0.084961
0 0.871094 0.017578 0.077148 0.036133
0 0.436523 0.171875 0.047852 0.044922
0 0.478516 0.986328 0.041992 0.025391
0 0.02832 0.129883 0.032227 0.037109
0 0.013672 0.205078 0.02832 0.047852
0 0.988281 0.012695 0.022461 0.026367
0 0.912109 0.892578 0.058594 0.060547
0 0.477539 0.251953 0.045898 0.032227
0 0.336914 0.007812 0.044922 0.015625
0 0.148438 0.375977 0.026367 0.027344
