0 0.710938 0.332031 0.123047 0.095703
0 0.047852 0.075195 0.06543 0.067383
0 0.226562 0.360352 0.129883 0.102539
0 0.368164 0.162109 0.171875 0.099609
0 0.095703 0.244141 0.113281 0.104492
0 0.639648 0.608398 0.12207 0.117188
0 0.454102 0.543945 0.104492 0.094727
0 0.391602 0.895508 0.104492 0.117188
0 0.322266 0.029297 0.099609 0.05957
0 0.124023 0.744141 0.084961 0.070312
0 0.609375 0.02832 0.150391 0.056641
0 0.632812 0.824219 0.166992 0.104492
0 0.101562 0.582031 0.139648 0.089844
0 0.545898 0.121094 0.142578 0.117188
0 0.355469 0.573242 0.107422 0.068359
0 0.195312 0.519531 0.092773 0.085938
0 0.024414 0.112305 0.049805 0.044922
