0 0.038086 0.282227 0.076172 0.075195
0 0.097656 0.077148 0.075195 0.082031
0 0.277344 0.058594 0.104492 0.118164
0 0.316406 0.238281 0.069336 0.09082
0 0.429688 0.228516 0.097656 0.095703
0 0.461914 0.193359 0.136719 0.081055
0 0.582031 0.09375 0.134766 0.061523
0 0.668945 0.046875 0.094727 0.06543
0 0.500977 0.054688 0.084961 0.084961
0 0.505859 0.304688 0.083008 0.077148
0 0.331055 0.416016 0.074219 0.092773
0 0.540039 0.421875 0.072266 0.09375
0 0.117188 0.668945 0.063477 0.098633
0 0.15332 0.80957 0.070312 0.05957
0 0.104492 0.859375 0.06543 0.05957
0 0.282227 0.884766 0.107422 0.15625
0 0.051758 0.891602 0.063477 0.077148
0 0.038086 0.987305 0.076172 0.025391
0 0.191406 0.984375 0.049805 0.03125
0 0.637695 0.879883 0.061523 0.06543
0 0.662109 0.78418 0.066406 0.068359
0 0.724609 0.913086 0.087891 0.09082
0 0.878906 0.932617 0.094727 0.071289
0 0.96875 0.878906 0.061523 0.063477
0 0.90918 0.834961 0.079102 0.105469
0 0.891602 0.527344 0.077148 0.082031
0 0.702148 0.581055 0.098633 0.125
0 0.881836 0.31543 0.084961 0.075195
0 0.849609 0.194336 0.068359 0.079102
0 0.908203 0.097656 0.073242 0.103516
0 0.969727 0.035156 0.05957 0.066406
0 0.744141 0.180664 0.055664 0.063477
0 0.169922 0.936523 0.086914 0.080078
0 0.068359 0.786133 0.074219 0.09668
0 0.271484 0.091797 0.103516 0.052734
0 0.454102 0.014648 0.074219 0.030273
0 0.759766 0.351562 0.05957 0.06543
0 0.961914 0.65625 0.041992 0.047852
