0 0.246094 0.023438 0.092773 0.046875
0 0.207031 0.083008 0.05957 0.078125
0 0.143555 0.157227 0.114258 0.105469
0 0.273438 0.133789 0.079102 0.05957
0 0.176758 0.242188 0.076172 0.058594
0 0.037109 0.208008 0.058594 0.108398
0 0.257812 0.342773 0.087891 0.114258
0 0.34082 0.259766 0.087891 0.078125
0 0.337891 0.180664 0.071289 0.083008
0 0.142578 0.568359 0.074219 0.073242
0 0.086914 0.667969 0.109375 0.116211
0 0.042969 0.78418 0.05957 0.072266
0 0.28125 0.585938 0.073242 0.108398
0 0.320312 0.516602 0.071289 0.057617
0 0.462891 0.525391 0.068359 0.060547
0 0.482422 0.439453 0.067383 0.050781
0 0.482422 0.373047 0.071289 0.068359
0 0.585938 0.369141 0.074219 0.094727
0 0.573242 0.508789 0.056641 0.053711
0 0.507812 0.650391 0.082031 0.094727
0 0.327148 0.705078 0.067383 0.097656
0 0.241211 0.765625 0.101562 0.060547
0 0.24707 0.901367 0.124023 0.078125
0 0.188477 0.975586 0.05957 0.047852
0 0.266602 0.973633 0.075195 0.052734
0 0.563477 0.924805 0.071289 0.067383
0 0.819336 0.838867 0.097656 0.084961
0 0.564453 0.825195 0.094727 0.079102
0 0.592773 0.751953 0.126953 0.070312
0 0.674805 0.689453 0.081055 0.058594
0 0.739258 0.705078 0.091797 0.108398
0 0.755859 0.614258 0.080078 0.082031
0 0.915039 0.624023 0.077148 0.085938
0 0.958984 0.71582 0.078125 0.06543
0 0.884766 0.456055 0.088867 0.077148
0 0.56543 0.28418 0.083008 0.083984
0 0.875977 0.241211 0.111328 0.074219
0 0.532227 0.165039 0.106445 0.071289
0 0.538086 0.064453 0.121094 0.054688
0 0.74707 0.022461 0.109375 0.044922
0 0.845703 0.043945 0.05957 0.084961
0 0.873047 0.107422 0.088867 0.06543
0 0.981445 0.069336 0.036133 0.064453
0 0.96875 0.389648 0.061523 0.082031
0 0.96582 0.477539 0.067383 0.106445
0 0.958008 0.862305 0.0625 0.063477
0 0.578125 0.109375 0.077148 0.060547
0 0.352539 0.81543 0.088867 0.097656
0 0.015625 0.576172 0.032227 0.075195
0 0.032227 0.418945 0.06543 0.054688
0 0.945312 0.288086 0.108398 0.032227
0 0.59375 0.982422 0.083984 0.03418
0 0.717773 0.949219 0.046875 0.050781
0 0.696289 0.987305 0.084961 0.025391
0 0.710938 0.617188 0.055664 0.094727
