0 0.19043 0.52832 0.075195 0.075195
0 0.414062 0.558594 0.066406 0.0625
0 0.454102 0.264648 0.05957 0.073242
0 0.029297 0.21875 0.05957 0.06543
0 0.295898 0.512695 0.070312 0.052734
0 0.113281 0.301758 0.073242 0.053711
0 0.873047 0.53125 0.049805 0.073242
0 0.723633 0.827148 0.072266 0.055664
0 0.324219 0.145508 0.09082 0.052734
0 0.007812 0.65918 0.016602 0.033203
0 0.62207 0.830078 0.080078 0.06543
0 0.769531 0.146484 0.064453 0.05957
0 0.585938 0.642578 0.066406 0.050781
0 0.869141 0.141602 0.050781 0.055664
0 0.110352 0.5 0.092773 0.051758
0 0.957031 0.555664 0.045898 0.071289
0 0.865234 0.276367 0.068359 0.03125
0 0.696289 0.163086 0.070312 0.053711
0 0.130859 0.871094 0.115234 0.032227
0 0.572266 0.579102 0.056641 0.03418
0 0.75 0.988281 0.06543 0.019531
0 0.919922 0.024414 0.043945 0.045898
0 0.47168 0.529297 0.06543 0.047852
0 0.195312 0.279297 0.053711 0.040039
0 0.235352 0.238281 0.056641 0.052734
0 0.293945 0.748047 0.085938 0.039062
0 0.060547 0.53418 0.066406 0.03125
0 0.579102 0.693359 0.0625 0.022461
0 0.859375 0.361328 0.044922 0.057617
0 0.978516 0.155273 0.042969 0.06543
0 0.732422 0.959961 0.063477 0.022461
0 0.681641 0.242188 0.105469 0.079102
0 0.378906 0.736328 0.055664 0.041016
0 0.154297 0.245117 0.057617 0.037109
0 0.536133 0.585938 0.092773 0.064453
0 0.714844 0.576172 0.045898 0.035156
0 0.007812 0.051758 0.015625 0.015625
0 0.930664 0.56543 0.0625 0.053711
0 0.727539 0.922852 0.058594 0.03418
0 0.830078 0.661133 0.030273 0.057617
0 0.742188 0.251953 0.047852 0.052734
0 0.213867 0.982422 0.072266 0.03418
0 0.044922 0.165039 0.071289 0.037109
0 0.189453 0.591797 0.048828 0.02832
0 0.345703 0.887695 0.047852 0.044922
0 0.22168 0.716797 0.057617 0.03125
0 0.899414 0.499023 0.042969 0.040039
0 0.206055 0.652344 0.073242 0.041016
0 0.216797 0.101562 0.056641 0.067383
0 0.828125 0.138672 0.06543 0.057617
0 0.649414 0.939453 0.056641 0.035156
0 0.272461 0.662109 0.046875 0.035156
0 0.0625 0.710938 0.081055 0.048828
0 0.616211 0.027344 0.111328 0.054688
0 0.746094 0.209961 0.053711 0.051758
0 0.048828 0.578125 0.098633 0.046875
0 0.027344 0.598633 0.040039 0.035156
0 0.834961 0.955078 0.045898 0.040039
