0 0.124023 0.319336 0.145508 0.120117
0 0.199219 0.979492 0.110352 0.040039
0 0.601562 0.814453 0.129883 0.089844
0 0.292969 0.444336 0.172852 0.089844
0 0.114258 0.577148 0.165039 0.089844
0 0.171875 0.180664 0.099609 0.123047
0 0.910156 0.958008 0.157227 0.072266
0 0.328125 0.915039 0.167969 0.112305
0 0.743164 0.890625 0.147461 0.123047
0 0.021484 0.081055 0.042969 0.103516
0 0.301758 0.671875 0.109375 0.007812
0 0.099609 0.685547 0.099609 0.082031
0 0.037109 0.654297 0.074219 0.075195
0 0.222656 0.869141 0.157227 0.075195
0 0.140625 0.49707 0.137695 0.070312
0 0.047852 0.921875 0.09668 0.089844
0 0.045898 0.811523 0.091797 0.079102
0 0.942383 0.583984 0.115234 0.075195
0 0.125977 0.888672 0.166992 0.139648
0 0.047852 0.12793 0.095703 0.123047
0 0.168945 0.341797 0.155273 0.06543
0 0.916992 0.816406 0.165039 0.084961
0 0.929688 0.75 0.140625 0.067383
0 0.891602 0.482422 0.139648 0.125
0 0.931641 0.137695 0.129883 0.09375
