0 0.405273 0.091797 0.09668 0.06543
0 0.958984 0.373047 0.081055 0.109375
0 0.892578 0.800781 0.125977 0.109375
0 0.364258 0.172852 0.097656 0.078125
0 0.799805 0.639648 0.087891 0.095703
0 0.232422 0.574219 0.154297 0.094727
0 0.682617 0.441406 0.092773 0.129883
0 0.59668 0.214844 0.084961 0.089844
0 0.573242 0.850586 0.078125 0.087891
0 0.651367 0.886719 0.084961 0.134766
0 0.664062 0.723633 0.094727 0.097656
0 0.657227 0.052734 0.125 0.092773
0 0.591797 0.691406 0.084961 0.075195
0 0.512695 0.62207 0.12207 0.119141
0 0.574219 0.514648 0.086914 0.120117
0 0.723633 0.234375 0.0625 0.064453
0 0.637695 0.125977 0.092773 0.087891
0 0.756836 0.46875 0.099609 0.110352
0 0.061523 0.385742 0.110352 0.113281
0 0.520508 0.922852 0.083008 0.083008
0 0.068359 0.575195 0.120117 0.129883
0 0.527344 0.041016 0.089844 0.082031
