0 0.460938 0.026367 0.087891 0.053711
0 0.319336 0.835938 0.087891 0.087891
0 0.808594 0.913086 0.141602 0.117188
0 0.69043 0.651367 0.158203 0.105469
0 0.308594 0.741211 0.15625 0.061523
0 0.583008 0.894531 0.042969 0.148438
0 0.30957 0.362305 0.120117 0.100586
0 0.726562 0.446289 0.142578 0.083008
0 0.447266 0.301758 0.133789 0.09082
0 0.057617 0.838867 0.09082 0.114258
0 0.044922 0.129883 0.09082 0.077148
0 0.106445 0.488281 0.161133 0.108398
0 0.431641 0.829102 0.150391 0.107422
0 0.895508 0.949219 0.092773 0.101562
0 0.552734 0.938477 0.046875 0.121094
0 0.498047 0.945312 0.058594 0.09375
0 0.574219 0.869141 0.134766 0.125977
0 0.355469 0.693359 0.139648 0.069336
0 0.426758 0.648438 0.208984 0.079102
0 0.383789 0.626953 0.144531 0.089844
0 0.435547 0.541992 0.126953 0.061523
0 0.422852 0.464844 0.103516 0.05957
0 0.526367 0.488281 0.082031 0.057617
0 0.568359 0.475586 0.058594 0.094727
0 0.517578 0.399414 0.070312 0.044922
0 0.447266 0.408203 0.086914 0.06543
