0 0.029297 0.584961 0.05957 0.072266
0 0.045898 0.182617 0.0625 0.089844
0 0.164062 0.283203 0.083008 0.06543
0 0.092773 0.347656 0.063477 0.077148
0 0.041992 0.413086 0.077148 0.070312
0 0.103516 0.4375 0.061523 0.056641
0 0.160156 0.475586 0.056641 0.070312
0 0.208008 0.49707 0.05957 0.0625
0 0.123047 0.555664 0.085938 0.080078
0 0.219727 0.581055 0.063477 0.083984
0 0.335938 0.648438 0.094727 0.082031
0 0.300781 0.371094 0.097656 0.098633
0 0.222656 0.22168 0.077148 0.058594
0 0.092773 0.021484 0.0625 0.041992
0 0.981445 0.053711 0.037109 0.057617
0 0.916016 0.072266 0.083008 0.083008
0 0.680664 0.021484 0.067383 0.043945
0 0.750977 0.094727 0.100586 0.074219
0 0.650391 0.107422 0.072266 0.094727
0 0.589844 0.053711 0.053711 0.0625
0 0.509766 0.03125 0.061523 0.063477
0 0.416992 0.087891 0.109375 0.066406
0 0.342773 0.113281 0.071289 0.073242
0 0.265625 0.051758 0.05957 0.061523
0 0.020508 0.915039 0.041016 0.060547
0 0.026367 0.825195 0.053711 0.074219
0 0.041992 0.751953 0.071289 0.083984
0 0.079102 0.969727 0.05957 0.05957
0 0.3125 0.922852 0.091797 0.068359
0 0.219727 0.919922 0.076172 0.072266
0 0.253906 0.810547 0.074219 0.092773
0 0.334961 0.84082 0.06543 0.083008
0 0.43457 0.977539 0.09668 0.043945
0 0.443359 0.919922 0.076172 0.068359
0 0.46875 0.791016 0.113281 0.12793
0 0.601562 0.868164 0.101562 0.075195
0 0.708984 0.820312 0.155273 0.085938
0 0.951172 0.84668 0.09668 0.074219
0 0.912109 0.779297 0.09375 0.075195
0 0.65918 0.605469 0.092773 0.087891
0 0.454102 0.633789 0.079102 0.111328
0 0.986328 0.393555 0.026367 0.071289
0 0.71875 0.441406 0.069336 0.053711
0 0.737305 0.318359 0.088867 0.100586
0 0.551758 0.335938 0.129883 0.074219
0 0.452148 0.387695 0.064453 0.103516
0 0.394531 0.287109 0.147461 0.067383
0 0.40332 0.462891 0.06543 0.060547
0 0.111328 0.876953 0.078125 0.061523
0 0.085938 0.485352 0.036133 0.037109
0 0.035156 0.525391 0.067383 0.085938
0 0.552734 0.96875 0.088867 0.044922
0 0.518555 0.977539 0.094727 0.044922
0 0.490234 0.939453 0.061523 0.053711
0 0.552734 0.5 0.048828 0.048828
0 0.125 0.212891 0.073242 0.069336
0 0.166016 0.920898 0.056641 0.109375
