0 0.008789 0.963867 0.018555 0.071289
0 0.048828 0.363281 0.098633 0.207031
0 0.202148 0.65918 0.179688 0.099609
0 0.305664 0.639648 0.132812 0.075195
0 0.026367 0.855469 0.053711 0.118164
0 0.25293 0.856445 0.134766 0.095703
0 0.195312 0.992188 0.067383 0.015625
0 0.210938 0.149414 0.066406 0.053711
0 0.169922 0.032227 0.054688 0.064453
0 0.700195 0.046875 0.108398 0.084961
0 0.956055 0.097656 0.075195 0.071289
0 0.905273 0.036133 0.085938 0.042969
0 0.793945 0.179688 0.053711 0.083984
0 0.612305 0.411133 0.124023 0.088867
0 0.797852 0.398438 0.116211 0.141602
0 0.424805 0.441406 0.079102 0.053711
0 0.332031 0.433594 0.049805 0.0625
0 0.526367 0.577148 0.076172 0.094727
0 0.84082 0.670898 0.135742 0.09668
0 0.897461 0.572266 0.054688 0.073242
0 0.421875 0.898438 0.070312 0.082031
0 0.34375 0.96875 0.075195 0.0625
0 0.554688 0.984375 0.078125 0.03125
0 0.536133 0.955078 0.058594 0.044922
0 0.730469 0.97168 0.103516 0.055664
0 0.774414 0.985352 0.101562 0.02832
0 0.063477 0.15625 0.126953 0.109375
0 0.369141 0.727539 0.142578 0.109375
