0 0.478516 0.926758 0.078125 0.132812
0 0.126953 0.250977 0.09668 0.072266
0 0.40625 0.103516 0.072266 0.105469
0 0.015625 0.461914 0.029297 0.056641
0 0.566406 0.636719 0.099609 0.104492
0 0.926758 0.306641 0.050781 0.194336
0 0.467773 0.066406 0.078125 0.085938
0 0.459961 0.288086 0.073242 0.09082
0 0.625 0.125 0.080078 0.069336
0 0.861328 0.832031 0.087891 0.077148
0 0.624023 0.033203 0.052734 0.046875
0 0.882812 0.082031 0.069336 0.081055
0 0.547852 0.112305 0.078125 0.084961
0 0.487305 0.353516 0.063477 0.044922
0 0.051758 0.081055 0.103516 0.056641
0 0.974609 0.545898 0.046875 0.046875
0 0.657227 0.397461 0.084961 0.067383
0 0.507812 0.15332 0.09668 0.067383
0 0.150391 0.177734 0.079102 0.076172
0 0.222656 0.308594 0.092773 0.061523
0 0.083008 0.669922 0.075195 0.037109
0 0.298828 0.28418 0.081055 0.064453
0 0.683594 0.192383 0.044922 0.072266
0 0.854492 0.493164 0.075195 0.057617
0 0.091797 0.704102 0.072266 0.064453
0 0.179688 0.121094 0.038086 0.050781
0 0.668945 0.814453 0.088867 0.048828
0 0.814453 0.722656 0.084961 0.05957
0 0.368164 0.512695 0.047852 0.050781
0 0.370117 0.166016 0.070312 0.066406
0 0.616211 0.542969 0.089844 0.079102
0 0.412109 0.569336 0.041992 0.041016
0 0.612305 0.067383 0.047852 0.049805
0 0.09082 0.900391 0.074219 0.052734
0 0.774414 0.673828 0.0625 0.076172
0 0.711914 0.249023 0.066406 0.055664
0 0.228516 0.918945 0.067383 0.068359
0 0.408203 0.28125 0.050781 0.056641
0 0.87207 0.551758 0.066406 0.054688
0 0.126953 0.759766 0.09668 0.047852
0 0.787109 0.569336 0.060547 0.056641
0 0.040039 0.563477 0.061523 0.047852
0 0.319336 0.091797 0.101562 0.073242
0 0.615234 0.925781 0.09082 0.070312
0 0.085938 0.551758 0.056641 0.05957
0 0.238281 0.063477 0.051758 0.057617
0 0.704102 0.898438 0.100586 0.078125
0 0.550781 0.255859 0.063477 0.055664
0 0.105469 0.787109 0.064453 0.052734
0 0.954102 0.483398 0.069336 0.077148
0 0.836914 0.113281 0.044922 0.064453
0 0.716797 0.522461 0.082031 0.072266
0 0.538086 0.982422 0.075195 0.035156
0 0.664062 0.482422 0.054688 0.046875
0 0.723633 0.808594 0.050781 0.056641
