0 0.578125 0.390625 0.050781 0.109375
0 0.174805 0.292969 0.063477 0.079102
0 0.421875 0.084961 0.072266 0.115234
0 0.699219 0.041992 0.033203 0.083008
0 0.173828 0.066406 0.083008 0.073242
0 0.320312 0.088867 0.078125 0.080078
0 0.380859 0.72168 0.081055 0.129883
0 0.186523 0.620117 0.075195 0.095703
0 0.106445 0.387695 0.033203 0.094727
0 0.022461 0.966797 0.045898 0.0625
0 0.757812 0.967773 0.063477 0.05957
0 0.701172 0.780273 0.041992 0.111328
0 0.499023 0.96875 0.0625 0.057617
0 0.478516 0.287109 0.048828 0.102539
0 0.728516 0.526367 0.053711 0.107422
0 0.37207 0.196289 0.060547 0.070312
0 0.613281 0.089844 0.02832 0.077148
0 0.222656 0.883789 0.039062 0.083984
0 0.296875 0.482422 0.06543 0.050781
0 0.011719 0.25293 0.024414 0.095703
0 0.140625 0.177734 0.080078 0.142578
0 0.571289 0.025391 0.035156 0.051758
0 0.953125 0.791016 0.092773 0.061523
0 0.238281 0.03125 0.036133 0.063477
0 0.231445 0.223633 0.072266 0.081055
0 0.952148 0.974609 0.035156 0.049805
0 0.193359 0.200195 0.040039 0.107422
0 0.05957 0.857422 0.044922 0.076172
0 0.4375 0.198242 0.05957 0.125977
0 0.123047 0.553711 0.040039 0.079102
0 0.350586 0.044922 0.080078 0.089844
0 0.801758 0.579102 0.030273 0.087891
0 0.071289 0.694336 0.058594 0.045898
0 0.344727 0.418945 0.038086 0.083008
0 0.662109 0.224609 0.086914 0.049805
0 0.635742 0.46582 0.055664 0.129883
0 0.311523 0.980469 0.05957 0.039062
0 0.642578 0.969727 0.049805 0.060547
0 0.396484 0.389648 0.045898 0.068359
0 0.849609 0.957031 0.040039 0.073242
0 0.561523 0.205078 0.078125 0.083984
0 0.813477 0.669922 0.077148 0.032227
0 0.395508 0.160156 0.041016 0.117188
0 0.492188 0.491211 0.050781 0.060547
0 0.060547 0.236328 0.12207 0.098633
0 0.427734 0.027344 0.022461 0.055664
0 0.975586 0.017578 0.043945 0.033203
0 0.308594 0.37793 0.055664 0.067383
0 0.448633 0.51748 0.036133 0.054688
0 0.967773 0.889648 0.043945 0.047852
0 0.560547 0.866211 0.064453 0.125977
0 0.306641 0.46875 0.057617 0.052734
0 0.833008 0.049805 0.048828 0.09082
0 0.641602 0.845703 0.037109 0.060547
0 0.30957 0.670898 0.054688 0.070312
0 0.59375 0.762695 0.05957 0.056641
0 0.833984 0.547852 0.03125 0.053711
0 0.251953 0.405273 0.044922 0.102539
0 0.518555 0.658203 0.043945 0.073242
0 0.549805 0.645508 0.057617 0.080078
