0 0.280273 0.288086 0.087891 0.077148
0 0.422852 0.28125 0.115234 0.098633
0 0.393555 0.328125 0.095703 0.085938
0 0.408203 0.15332 0.103516 0.073242
0 0.307617 0.081055 0.076172 0.119141
0 0.223633 0.137695 0.089844 0.086914
0 0.046875 0.023438 0.094727 0.047852
0 0.017578 0.229492 0.035156 0.094727
0 0.076172 0.488281 0.107422 0.081055
0 0.095703 0.556641 0.067383 0.083984
0 0.022461 0.711914 0.045898 0.063477
0 0.055664 0.680664 0.09668 0.091797
0 0.018555 0.885742 0.037109 0.073242
0 0.146484 0.75293 0.070312 0.058594
0 0.227539 0.645508 0.094727 0.075195
0 0.375977 0.625 0.069336 0.070312
0 0.485352 0.577148 0.074219 0.084961
0 0.210938 0.813477 0.078125 0.072266
0 0.28418 0.714844 0.100586 0.06543
0 0.526367 0.832031 0.134766 0.061523
0 0.338867 0.833984 0.067383 0.105469
0 0.774414 0.799805 0.054688 0.041016
0 0.808594 0.765625 0.148438 0.072266
0 0.749023 0.698242 0.079102 0.047852
0 0.900391 0.831055 0.071289 0.067383
0 0.613281 0.956055 0.101562 0.073242
0 0.119141 0.963867 0.117188 0.072266
0 0.654297 0.594727 0.089844 0.087891
0 0.647461 0.663086 0.069336 0.080078
0 0.740234 0.605469 0.081055 0.05957
0 0.844727 0.515625 0.157227 0.112305
0 0.905273 0.611328 0.101562 0.057617
0 0.741211 0.355469 0.075195 0.078125
0 0.693359 0.334961 0.052734 0.066406
0 0.848633 0.204102 0.054688 0.060547
0 0.952148 0.191406 0.05957 0.060547
0 0.748047 0.137695 0.087891 0.075195
0 0.819336 0.163086 0.09082 0.06543
0 0.881836 0.344727 0.113281 0.056641
0 0.885742 0.382812 0.09375 0.052734
0 0.844727 0.395508 0.073242 0.056641
0 0.977539 0.660156 0.043945 0.038086
0 0.973633 0.625 0.052734 0.044922
0 0.873047 0.428711 0.075195 0.061523
