0 0.052734 0.160156 0.080078 0.09375
0 0.316406 0.181641 0.074219 0.080078
0 0.625 0.055664 0.080078 0.110352
0 0.722656 0.149414 0.09375 0.076172
0 0.03125 0.55957 0.058594 0.092773
0 0.046875 0.628906 0.09375 0.100586
0 0.115234 0.729492 0.079102 0.098633
0 0.217773 0.570312 0.052734 0.05957
0 0.279297 0.607422 0.085938 0.057617
0 0.314453 0.554688 0.098633 0.061523
0 0.382812 0.600586 0.070312 0.067383
0 0.272461 0.692383 0.083984 0.06543
0 0.46875 0.658203 0.083984 0.067383
0 0.460938 0.494141 0.066406 0.076172
0 0.579102 0.516602 0.09082 0.063477
0 0.561523 0.583984 0.050781 0.063477
0 0.573242 0.649414 0.068359 0.078125
0 0.626953 0.661133 0.094727 0.084961
0 0.046875 0.9375 0.067383 0.068359
0 0.120117 0.981445 0.100586 0.036133
0 0.375 0.97168 0.068359 0.055664
0 0.569336 0.973633 0.088867 0.052734
0 0.789062 0.946289 0.068359 0.081055
0 0.868164 0.921875 0.071289 0.081055
0 0.904297 0.865234 0.107422 0.078125
0 0.984375 0.652344 0.030273 0.076172
0 0.949219 0.633789 0.080078 0.070312
0 0.944336 0.700195 0.071289 0.067383
0 0.969727 0.307617 0.060547 0.091797
0 0.964844 0.382812 0.070312 0.061523
0 0.916992 0.414062 0.076172 0.083008
0 0.891602 0.244141 0.109375 0.105469
0 0.711914 0.324219 0.057617 0.110352
0 0.711914 0.495117 0.081055 0.100586
0 0.795898 0.506836 0.087891 0.075195
0 0.819336 0.636719 0.066406 0.078125
0 0.776367 0.773438 0.109375 0.103516
0 0.675781 0.415039 0.088867 0.050781
0 0.152344 0.28125 0.09082 0.081055
0 0.519531 0.418945 0.061523 0.069336
0 0.461914 0.436523 0.081055 0.067383
0 0.161133 0.576172 0.073242 0.069336
0 0.326172 0.505859 0.066406 0.060547
0 0.032227 0.09082 0.064453 0.104492
0 0.816406 0.094727 0.067383 0.055664
0 0.708984 0.043945 0.080078 0.070312
0 0.194336 0.37793 0.094727 0.052734
0 0.370117 0.459961 0.085938 0.041016
0 0.390625 0.745117 0.073242 0.09668
0 0.392578 0.732422 0.117188 0.075195
0 0.657227 0.978516 0.085938 0.042969
0 0.661133 0.478516 0.055664 0.054688
