0 0.081055 0.955078 0.073242 0.084961
0 0.380859 0.087891 0.081055 0.108398
0 0.313477 0.442383 0.070312 0.088867
0 0.214844 0.957031 0.070312 0.075195
0 0.530273 0.742188 0.05957 0.074219
0 0.185547 0.78418 0.112305 0.054688
0 0.572266 0.760742 0.046875 0.073242
0 0.708984 0.62207 0.043945 0.09375
0 0.855469 0.956055 0.044922 0.083008
0 0.019531 0.431641 0.039062 0.073242
0 0.418945 0.834961 0.048828 0.083008
0 0.118164 0.341797 0.06543 0.091797
0 0.298828 0.303711 0.060547 0.094727
0 0.75 0.410156 0.061523 0.079102
0 0.109375 0.392578 0.09082 0.117188
0 0.202148 0.391602 0.055664 0.099609
0 0.357422 0.717773 0.09668 0.061523
0 0.978516 0.046875 0.041992 0.09082
0 0.651367 0.438477 0.044922 0.137695
0 0.084961 0.037109 0.041992 0.072266
0 0.782227 0.328125 0.060547 0.094727
0 0.032227 0.887695 0.064453 0.087891
0 0.146484 0.486328 0.041992 0.094727
0 0.87207 0.444336 0.0625 0.067383
0 0.50293 0.270508 0.032227 0.081055
0 0.033203 0.580078 0.066406 0.047852
0 0.075195 0.436523 0.069336 0.0625
0 0.732422 0.524414 0.041992 0.069336
0 0.595703 0.456055 0.044922 0.128906
0 0.819336 0.839844 0.083008 0.060547
0 0.476562 0.430664 0.061523 0.06543
0 0.415039 0.488281 0.03418 0.067383
0 0.445312 0.072266 0.037109 0.092773
0 0.260742 0.488281 0.064453 0.047852
0 0.793945 0.765625 0.151367 0.066406
0 0.135742 0.287109 0.064453 0.066406
0 0.904297 0.026367 0.024414 0.052734
0 0.515625 0.475586 0.052734 0.037109
0 0.431641 0.712891 0.041992 0.064453
0 0.75 0.973633 0.023438 0.052734
0 0.583008 0.044922 0.09082 0.038086
0 0.108398 0.833008 0.071289 0.063477
0 0.962891 0.597656 0.03418 0.063477
0 0.849609 0.708008 0.038086 0.083984
0 0.598633 0.587891 0.047852 0.050781
0 0.165039 0.384766 0.036133 0.078125
0 0.200195 0.331055 0.128906 0.047852
0 0.373047 0.982422 0.03418 0.03418
0 0.294922 0.359375 0.067773 0.05752
0 0.709961 0.037109 0.026367 0.054688
0 0.516602 0.040039 0.0625 0.081055
0 0.336914 0.581055 0.057617 0.041992
0 0.96875 0.485352 0.051758 0.047852
0 0.297852 0.65332 0.057617 0.030273
0 0.074219 0.036133 0.042969 0.069336
0 0.744141 0.830078 0.064453 0.051758
0 0.944336 0.826172 0.067383 0.070312
0 0.514648 0.55957 0.105469 0.043945
0 0.338867 0.097656 0.039062 0.054688
0 0.379883 0.841797 0.068359 0.03418
0 0.786133 0.650391 0.064453 0.024414
0 0.879883 0.166016 0.02832 0.061523
0 0.060547 0.806641 0.045898 0.033203
0 0.663086 0.018555 0.038086 0.038086
0 0.967773 0.838867 0.064453 0.042969
0 0.018555 0.388672 0.037109 0.069336
0 0.910156 0.263672 0.044922 0.042969
0 0.670898 0.274414 0.056641 0.067383
0 0.870117 0.577148 0.060547 0.025391
0 0.87207 0.511719 0.069336 0.030273
0 0.534961 0.947168 0.060449 0.041113
0 0.303711 0.84375 0.060547 0.050781
