0 0.649414 0.15625 0.048828 0.069336
0 0.618164 0.601562 0.086914 0.107422
0 0.790039 0.327148 0.056641 0.083984
0 0.966797 0.609375 0.056641 0.099609
0 0.137695 0.756836 0.081055 0.107422
0 0.304688 0.037109 0.053711 0.073242
0 0.458984 0.94043 0.067383 0.054688
0 0.017578 0.109375 0.036133 0.060547
0 0.720703 0.577148 0.051758 0.116211
0 0.861328 0.366211 0.043945 0.080078
0 0.493164 0.634766 0.038086 0.069336
0 0.674805 0.420898 0.078125 0.081055
0 0.084961 0.179688 0.042969 0.095703
0 0.124023 0.172852 0.060547 0.06543
0 0.216797 0.139648 0.101562 0.104492
0 0.228516 0.794922 0.09082 0.053711
0 0.601562 0.382812 0.070312 0.095703
0 0.344727 0.787109 0.037109 0.075195
0 0.97168 0.40625 0.051758 0.056641
0 0.051758 0.950195 0.066406 0.095703
0 0.969727 0.158203 0.05957 0.060547
0 0.607422 0.642578 0.050781 0.081055
0 0.484375 0.380859 0.03418 0.070312
0 0.251953 0.412109 0.046875 0.056641
0 0.275391 0.714844 0.061523 0.082031
0 0.90625 0.6875 0.064453 0.051758
0 0.135742 0.969727 0.067383 0.060547
0 0.863281 0.606445 0.048828 0.117188
0 0.094727 0.43457 0.071289 0.12793
0 0.595703 0.328125 0.070312 0.063477
0 0.431641 0.978516 0.063477 0.042969
0 0.976562 0.860352 0.033203 0.068359
0 0.492188 0.233398 0.053711 0.047852
0 0.203125 0.744141 0.047852 0.06543
0 0.889648 0.799805 0.069336 0.053711
0 0.022461 0.673828 0.042969 0.089844
0 0.342773 0.583008 0.033203 0.060547
0 0.922852 0.515625 0.048828 0.03125
0 0.382812 0.463867 0.068359 0.043945
0 0.113281 0.352539 0.076172 0.182617
0 0.047852 0.193359 0.043945 0.051758
0 0.573242 0.242188 0.083984 0.066406
0 0.981445 0.801758 0.036133 0.085938
0 0.254883 0.861328 0.055664 0.0625
0 0.19043 0.441406 0.070312 0.075195
0 0.173828 0.022461 0.040039 0.044922
0 0.166016 0.927734 0.037109 0.054688
0 0.136719 0.661133 0.060547 0.071289
0 0.270508 0.105469 0.049805 0.046875
0 0.78125 0.980469 0.02832 0.039062
0 0.402344 0.428711 0.049805 0.056641
0 0.251953 0.303711 0.071289 0.106445
0 0.824219 0.619141 0.03125 0.084961
0 0.71582 0.496094 0.05957 0.02832
0 0.52832 0.197266 0.05957 0.072266
0 0.082031 0.708984 0.046875 0.091797
0 0.34375 0.175781 0.075195 0.052734
0 0.102539 0.010742 0.036133 0.022461
0 0.166016 0.358398 0.069336 0.053711
0 0.365723 0.648926 0.094336 0.108008
0 0.50293 0.057617 0.072266 0.115234
0 0.339844 0.676758 0.075195 0.064453
0 0.863281 0.733398 0.087891 0.051758
0 0.791016 0.760742 0.086914 0.101562
0 0.21875 0.582031 0.086914 0.119141
0 0.287109 0.657227 0.101562 0.116211
0 0.53418 0.835938 0.061523 0.048828
0 0.277344 0.770508 0.041016 0.053711
