0 0.314453 0.455078 0.066406 0.109375
0 0.97168 0.849609 0.055664 0.101562
0 0.671875 0.40625 0.057617 0.09375
0 0.020508 0.097656 0.041016 0.084961
0 0.085938 0.564453 0.083984 0.105469
0 0.025391 0.818359 0.051758 0.075195
0 0.552734 0.652344 0.061523 0.092773
0 0.200195 0.380859 0.056641 0.074219
0 0.334961 0.646484 0.091797 0.080078
0 0.575195 0.553711 0.078125 0.091797
0 0.108398 0.113281 0.067383 0.091797
0 0.285156 0.15332 0.066406 0.070312
0 0.824219 0.223633 0.074219 0.05957
0 0.916016 0.358398 0.0625 0.072266
0 0.732422 0.625977 0.083008 0.102539
0 0.816406 0.393555 0.06543 0.106445
0 0.595703 0.341797 0.058594 0.106445
0 0.775391 0.716797 0.043945 0.088867
0 0.410156 0.612305 0.082031 0.069336
0 0.924805 0.139648 0.073242 0.094727
0 0.047852 0.384766 0.058594 0.072266
0 0.507812 0.625 0.043945 0.087891
0 0.479492 0.175781 0.056641 0.083984
0 0.130859 0.083008 0.085938 0.104492
0 0.014648 0.540039 0.030273 0.135742
0 0.407227 0.536133 0.050781 0.099609
0 0.584961 0.723633 0.06543 0.052734
0 0.612305 0.801758 0.070312 0.058594
0 0.441406 0.118164 0.039062 0.079102
0 0.112305 0.37793 0.045898 0.132812
0 0.227539 0.014648 0.09375 0.030273
0 0.286133 0.863281 0.067383 0.112305
0 0.816406 0.830078 0.130859 0.086914
0 0.227539 0.094727 0.071289 0.053711
0 0.773438 0.367188 0.047852 0.083008
0 0.780273 0.973633 0.040039 0.051758
0 0.125 0.887695 0.076172 0.047852
0 0.957031 0.649414 0.02832 0.089844
0 0.932617 0.044922 0.026367 0.087891
0 0.160156 0.557617 0.124023 0.09082
0 0.842773 0.117188 0.027344 0.071289
0 0.930664 0.552734 0.047852 0.118164
0 0.420898 0.650391 0.071289 0.058594
0 0.642578 0.311523 0.041016 0.078125
0 0.280273 0.800781 0.052734 0.040039
0 0.976562 0.517578 0.045898 0.077148
0 0.837891 0.563477 0.079102 0.068359
0 0.606445 0.297852 0.052734 0.069336
0 0.473633 0.839844 0.081055 0.042969
0 0.53418 0.679688 0.027344 0.074219
0 0.828125 0.648438 0.053711 0.0625
0 0.878906 0.819336 0.060547 0.109375
0 0.973633 0.77832 0.051758 0.06543
0 0.085938 0.016602 0.054688 0.03125
0 0.28125 0.689453 0.068359 0.053711
0 0.667969 0.023438 0.060547 0.043945
0 0.739258 0.144531 0.072266 0.033203
0 0.009766 0.762695 0.019531 0.040039
0 0.291016 0.5 0.055664 0.041992
0 0.713867 0.018555 0.033203 0.038086
0 0.182617 0.955078 0.185547 0.054688
0 0.009766 0.145508 0.020508 0.074219
0 0.750977 0.90332 0.054688 0.053711
0 0.652344 0.52832 0.046875 0.039062
0 0.133789 0.814453 0.072266 0.048828
0 0.987305 0.930664 0.025391 0.0625
0 0.195312 0.890625 0.043945 0.069336
0 0.887695 0.396484 0.049805 0.057617
0 0.983398 0.641602 0.032227 0.046875
0 0.962891 0.754883 0.073242 0.037109
0 0.631836 0.013672 0.055664 0.02832
0 0.980469 0.390625 0.038086 0.056641
0 0.981445 0.441406 0.036133 0.082031
