0 0.836914 0.657227 0.060547 0.102539
0 0.037109 0.952148 0.074219 0.092773
0 0.556641 0.738281 0.054688 0.082031
0 0.263672 0.335938 0.06543 0.124023
0 0.211914 0.172852 0.05957 0.160156
0 0.163086 0.825195 0.041992 0.086914
0 0.896484 0.945312 0.071289 0.073242
0 0.654297 0.09082 0.057617 0.075195
0 0.295898 0.617188 0.083984 0.083984
0 0.033203 0.584961 0.066406 0.101562
0 0.466797 0.488281 0.078125 0.105469
0 0.212891 0.105469 0.079102 0.098633
0 0.21875 0.46875 0.032227 0.087891
0 0.097656 0.239258 0.054688 0.09375
0 0.044922 0.292969 0.040039 0.101562
0 0.142578 0.486328 0.058594 0.06543
0 0.945312 0.172852 0.06543 0.06543
0 0.049805 0.060547 0.047852 0.104492
0 0.756836 0.256836 0.064453 0.088867
0 0.500977 0.240234 0.074219 0.106445
0 0.709961 0.039062 0.029297 0.079102
0 0.333008 0.439453 0.024414 0.089844
0 0.827148 0.513672 0.032227 0.09668
0 0.650391 0.242188 0.071289 0.129883
0 0.869141 0.546875 0.043945 0.085938
0 0.87793 0.712891 0.029297 0.09668
0 0.301758 0.954102 0.055664 0.09082
0 0.074219 0.547852 0.052734 0.111328
0 0.500977 0.97168 0.045898 0.056641
0 0.139648 0.967773 0.023438 0.063477
0 0.114258 0.798828 0.064453 0.076172
0 0.972656 0.825195 0.054688 0.067383
0 0.574219 0.054688 0.037109 0.105469
0 0.424805 0.467773 0.023438 0.086914
0 0.466797 0.679688 0.035156 0.103516
0 0.636719 0.550781 0.047852 0.077148
0 0.375977 0.948242 0.041016 0.060547
0 0.847656 0.233398 0.039062 0.108398
0 0.959961 0.128906 0.030273 0.110352
0 0.463867 0.422852 0.041016 0.078125
0 0.711914 0.518555 0.095703 0.068359
0 0.817383 0.955078 0.040039 0.083008
0 0.671875 0.418945 0.142578 0.060547
0 0.513672 0.683594 0.025391 0.073242
0 0.31543 0.257812 0.120117 0.125977
0 0.911133 0.508789 0.061523 0.035156
0 0.701172 0.616211 0.02832 0.089844
0 0.516602 0.898438 0.040039 0.079102
0 0.352539 0.527344 0.026367 0.123047
0 0.869141 0.039062 0.047852 0.079102
0 0.138672 0.133789 0.049805 0.089844
0 0.481445 0.163086 0.107422 0.186523
0 0.236328 0.560547 0.067383 0.03418
0 0.262695 0.964844 0.060547 0.057617
0 0.930664 0.816406 0.055664 0.170898
0 0.900391 0.427734 0.078125 0.066406
0 0.90332 0.891602 0.032227 0.071289
0 0.136719 0.083984 0.048828 0.044922
0 0.6875 0.373047 0.023438 0.074219
0 0.602539 0.214844 0.057617 0.078125
0 0.310547 0.341797 0.086914 0.095703
0 0.353516 0.25293 0.032227 0.092773
0 0.650391 0.795898 0.036133 0.049805
0 0.607422 0.895508 0.043945 0.042969
0 0.118164 0.538086 0.048828 0.042969
0 0.763672 0.983398 0.064453 0.032227
0 0.463867 0.380859 0.161133 0.060547
0 0.105469 0.383789 0.039062 0.049805
0 0.951172 0.698242 0.029297 0.05957
0 0.708008 0.982422 0.040039 0.03418
0 0.494141 0.608398 0.030273 0.042969
0 0.953125 0.980469 0.049805 0.039062
0 0.74707 0.958984 0.038086 0.054688
0 0.745117 0.890625 0.044922 0.09082
0 0.344727 0.530273 0.021484 0.118164
0 0.645508 0.993164 0.053711 0.012695
0 0.013672 0.825195 0.027344 0.041992
