0 0.02832 0.598633 0.057617 0.114258
0 0.402344 0.651367 0.074219 0.070312
0 0.488281 0.933594 0.09082 0.094727
0 0.179688 0.045898 0.191406 0.092773
0 0.128906 0.894531 0.111328 0.104492
0 0.02832 0.086914 0.057617 0.085938
0 0.84668 0.551758 0.167969 0.130859
0 0.144531 0.02832 0.120117 0.057617
0 0.099609 0.723633 0.108398 0.15332
0 0.564453 0.679688 0.131836 0.151367
0 0.137695 0.787109 0.068359 0.099609
0 0.085938 0.895508 0.104492 0.106445
0 0.041016 0.948242 0.082031 0.079102
0 0.706055 0.694336 0.075195 0.081055
0 0.821289 0.680664 0.071289 0.075195
0 0.045898 0.518555 0.082031 0.084961
0 0.017578 0.40332 0.036133 0.060547
0 0.793945 0.037109 0.126953 0.075195
0 0.446289 0.022461 0.084961 0.044922
