0 0.476562 0.054688 0.072266 0.109375
0 0.974609 0.007812 0.050781 0.016602
0 0.974609 0.157227 0.043945 0.071289
0 0.828125 0.107422 0.130859 0.05957
0 0.725586 0.155273 0.074219 0.076172
0 0.62793 0.166016 0.120117 0.09668
0 0.795898 0.163086 0.080078 0.072266
0 0.160156 0.259766 0.291992 0.05957
0 0.030273 0.171875 0.060547 0.117188
0 0.09668 0.307617 0.193359 0.055664
0 0.288086 0.28418 0.063477 0.083008
0 0.348633 0.304688 0.165039 0.101562
0 0.088867 0.375 0.178711 0.051758
0 0.102539 0.456055 0.175781 0.078125
0 0.191406 0.484375 0.069336 0.071289
0 0.306641 0.40332 0.24707 0.077148
0 0.375 0.439453 0.09082 0.092773
0 0.447266 0.568359 0.088867 0.211914
0 0.496094 0.323242 0.143555 0.102539
0 0.522461 0.40332 0.076172 0.095703
0 0.893555 0.24707 0.123047 0.073242
0 0.797852 0.21582 0.202148 0.075195
0 0.695312 0.318359 0.077148 0.112305
0 0.639648 0.341797 0.045898 0.066406
0 0.705078 0.533203 0.149414 0.136719
0 0.724609 0.392578 0.123047 0.198242
0 0.84082 0.350586 0.079102 0.084961
0 0.81543 0.305664 0.051758 0.075195
0 0.929688 0.3125 0.092773 0.084961
0 0.167969 0.738281 0.100586 0.114258
0 0.319336 0.78418 0.101562 0.075195
0 0.429688 0.726562 0.148438 0.058594
0 0.490234 0.823242 0.119141 0.160156
0 0.625977 0.81543 0.165039 0.067383
0 0.72168 0.769531 0.081055 0.086914
0 0.808594 0.790039 0.088867 0.099609
0 0.828125 0.730469 0.057617 0.111328
0 0.731445 0.84375 0.069336 0.074219
0 0.460938 0.958008 0.06543 0.083008
0 0.524414 0.963867 0.077148 0.071289
0 0.901367 0.879883 0.123047 0.149414
0 0.96875 0.943359 0.061523 0.081055
0 0.792969 0.87793 0.069336 0.061523
0 0.874023 0.688477 0.075195 0.054688
0 0.605469 0.954102 0.101562 0.091797
0 0.96875 0.849609 0.0625 0.094727
