0 0.384766 0.052734 0.092773 0.106445
0 0.255859 0.027344 0.108398 0.054688
0 0.064453 0.016602 0.072266 0.03418
0 0.120117 0.026367 0.0625 0.052734
0 0.041992 0.112305 0.083984 0.068359
0 0.008789 0.173828 0.017578 0.068359
0 0.036133 0.255859 0.073242 0.082031
0 0.069336 0.334961 0.139648 0.09375
0 0.291992 0.296875 0.121094 0.104492
0 0.270508 0.374023 0.085938 0.094727
0 0.400391 0.330078 0.066406 0.078125
0 0.123047 0.475586 0.09082 0.080078
0 0.280273 0.731445 0.079102 0.271484
0 0.206055 0.683594 0.061523 0.099609
0 0.561523 0.567383 0.083008 0.081055
0 0.508789 0.493164 0.095703 0.069336
0 0.475586 0.296875 0.091797 0.197266
0 0.629883 0.328125 0.105469 0.200195
0 0.885742 0.336914 0.183594 0.083008
0 0.662109 0.089844 0.092773 0.083984
0 0.533203 0.015625 0.05957 0.03125
0 0.526367 0.081055 0.051758 0.095703
0 0.900391 0.043945 0.094727 0.073242
0 0.827148 0.524414 0.212891 0.066406
0 0.8125 0.68457 0.087891 0.082031
0 0.702148 0.763672 0.083984 0.089844
0 0.617188 0.746094 0.046875 0.055664
0 0.729492 0.887695 0.057617 0.070312
0 0.865234 0.895508 0.075195 0.131836
0 0.938477 0.582031 0.053711 0.107422
0 0.942383 0.681641 0.060547 0.113281
0 0.976562 0.782227 0.038086 0.166016
0 0.973633 0.513672 0.051758 0.192383
0 0.897461 0.155273 0.089844 0.072266
