0 0.749023 0.834961 0.089844 0.084961
0 0.577148 0.625 0.128906 0.139648
0 0.688477 0.780273 0.080078 0.079102
0 0.62207 0.910156 0.140625 0.097656
0 0.091797 0.738281 0.056641 0.161133
0 0.642578 0.685547 0.09375 0.098633
0 0.046875 0.424805 0.09375 0.100586
0 0.510742 0.71875 0.082031 0.116211
0 0.442383 0.847656 0.115234 0.135742
0 0.46875 0.413086 0.084961 0.15625
0 0.905273 0.632812 0.114258 0.12207
0 0.046875 0.495117 0.09375 0.09668
0 0.456055 0.703125 0.111328 0.117188
0 0.697266 0.037109 0.094727 0.074219
0 0.792969 0.208984 0.09375 0.136719
0 0.091797 0.378906 0.081055 0.140625
0 0.871094 0.064453 0.131836 0.071289
0 0.775391 0.5625 0.137695 0.140625
0 0.674805 0.554688 0.106445 0.149414
0 0.455078 0.085938 0.076172 0.064453
0 0.501953 0.947266 0.117188 0.105469
0 0.362305 0.017578 0.107422 0.035156
0 0.167969 0.412109 0.133789 0.207031
0 0.102539 0.169922 0.121094 0.117188
0 0.100586 0.896484 0.097656 0.110352
0 0.013672 0.950195 0.027344 0.099609
0 0.374023 0.456055 0.15625 0.142578
0 0.27832 0.536133 0.130859 0.067383
0 0.626953 0.353516 0.097656 0.157227
0 0.424805 0.552734 0.126953 0.081055
0 0.053711 0.742188 0.087891 0.15918
0 0.804688 0.537109 0.161133 0.087891
0 0.020508 0.787109 0.041992 0.066406
0 0.904297 0.333008 0.05957 0.071289
0 0.956055 0.3125 0.078125 0.054688
