0 0.039062 0.026367 0.073242 0.052734
0 0.038086 0.061523 0.0625 0.054688
0 0.100586 0.128906 0.080078 0.03418
0 0.134766 0.018555 0.046875 0.038086
0 0.198242 0.099609 0.061523 0.071289
0 0.266602 0.055664 0.072266 0.058594
0 0.421875 0.114258 0.088867 0.042969
0 0.365234 0.135742 0.077148 0.045898
0 0.523438 0.03418 0.02832 0.069336
0 0.570312 0.069336 0.064453 0.043945
0 0.637695 0.073242 0.0625 0.049805
0 0.725586 0.071289 0.067383 0.074219
0 0.726562 0.010742 0.074219 0.022461
0 0.802734 0.139648 0.077148 0.107422
0 0.556641 0.147461 0.055664 0.040039
0 0.787109 0.191406 0.078125 0.053711
0 0.954102 0.264648 0.038086 0.044922
0 0.830078 0.335938 0.038086 0.070312
0 0.737305 0.364258 0.119141 0.032227
0 0.588867 0.24707 0.061523 0.042969
0 0.540039 0.235352 0.060547 0.047852
0 0.412109 0.214844 0.103516 0.043945
0 0.456055 0.223633 0.058594 0.058594
0 0.529297 0.307617 0.077148 0.066406
0 0.301758 0.303711 0.066406 0.054688
0 0.214844 0.213867 0.061523 0.058594
0 0.219727 0.217773 0.048828 0.040039
0 0.169922 0.169922 0.081055 0.047852
0 0.18457 0.37207 0.108398 0.055664
0 0.56543 0.595703 0.041016 0.057617
0 0.827148 0.444336 0.119141 0.038086
0 0.741211 0.544922 0.115234 0.052734
0 0.795898 0.554688 0.0625 0.0625
0 0.859375 0.571289 0.045898 0.035156
0 0.93457 0.584961 0.129883 0.042969
0 0.916992 0.722656 0.165039 0.049805
0 0.807617 0.711914 0.073242 0.077148
0 0.673828 0.577148 0.068359 0.06543
0 0.685547 0.675781 0.054688 0.058594
0 0.657227 0.683594 0.073242 0.080078
0 0.583008 0.736328 0.057617 0.071289
0 0.4375 0.654297 0.051758 0.086914
0 0.527344 0.970703 0.0625 0.03418
0 0.350586 0.977539 0.056641 0.044922
0 0.28125 0.868164 0.047852 0.045898
0 0.244141 0.899414 0.066406 0.0625
0 0.15625 0.798828 0.041016 0.048828
0 0.123047 0.873047 0.041016 0.041992
0 0.119141 0.961914 0.051758 0.05957
0 0.342773 0.641602 0.056641 0.061523
0 0.283203 0.55957 0.064453 0.082031
0 0.214844 0.526367 0.073242 0.084961
0 0.177734 0.515625 0.130859 0.074219
0 0.061523 0.505859 0.075195 0.083984
0 0.073242 0.350586 0.036133 0.041016
0 0.719727 0.123047 0.057617 0.042969
