0 0.6875 0.523438 0.079102 0.081055
0 0.416992 0.741211 0.057617 0.106445
0 0.538086 0.370117 0.082031 0.074219
0 0.553711 0.679688 0.083008 0.063477
0 0.978516 0.22168 0.041992 0.084961
0 0.074219 0.658203 0.078125 0.067383
0 0.334961 0.273438 0.098633 0.043945
0 0.054688 0.415039 0.109375 0.079102
0 0.09082 0.741211 0.118164 0.106445
0 0.391602 0.477539 0.087891 0.072266
0 0.149414 0.123047 0.069336 0.084961
0 0.145508 0.575195 0.089844 0.078125
0 0.518555 0.914062 0.046875 0.072266
0 0.754883 0.756836 0.055664 0.092773
0 0.769531 0.166992 0.061523 0.0625
0 0.032227 0.724609 0.064453 0.09375
0 0.887695 0.114258 0.104492 0.099609
0 0.987305 0.048828 0.024414 0.069336
0 0.332031 0.496094 0.074219 0.0625
0 0.848633 0.936523 0.050781 0.053711
0 0.985352 0.449219 0.029297 0.137695
0 0.806641 0.762695 0.057617 0.070312
0 0.109375 0.22168 0.131836 0.060547
0 0.526367 0.458008 0.082031 0.049805
0 0.639648 0.459961 0.102539 0.058594
0 0.366211 0.805664 0.084961 0.054688
0 0.949219 0.073242 0.087891 0.135742
0 0.917969 0.083984 0.089844 0.101562
0 0.023438 0.767578 0.047852 0.030273
0 0.699219 0.115234 0.060547 0.066406
0 0.029297 0.291992 0.058594 0.044922
0 0.660156 0.974609 0.054688 0.039062
0 0.040039 0.966797 0.072266 0.046875
0 0.976562 0.274414 0.044922 0.057617
0 0.047852 0.060547 0.074219 0.056641
0 0.477539 0.25 0.074219 0.042969
0 0.599609 0.21875 0.084961 0.021484
0 0.610352 0.240234 0.077148 0.029297
0 0.901367 0.470703 0.076172 0.068359
0 0.858398 0.836914 0.143555 0.0625
0 0.041016 0.894531 0.082031 0.0625
0 0.029297 0.126953 0.057617 0.061523
0 0.708008 0.466797 0.051758 0.052734
0 0.620117 0.430664 0.078125 0.085938
0 0.655273 0.655176 0.076758 0.049316
0 0.578125 0.464844 0.050781 0.049805
0 0.381836 0.561523 0.142578 0.047852
0 0.030273 0.601562 0.060547 0.06543
0 0.524414 0.033203 0.061523 0.049805
0 0.62793 0.898438 0.069336 0.0625
0 0.398438 0.939453 0.089844 0.047852
0 0.438477 0.272461 0.038086 0.041016
0 0.547852 0.15332 0.111328 0.094727
0 0.175781 0.46875 0.073242 0.052734
0 0.106445 0.807617 0.063477 0.036133
0 0.479492 0.927734 0.037109 0.066406
0 0.69043 0.731445 0.087891 0.055664
0 0.945312 0.611328 0.05957 0.0625
0 0.586914 0.611328 0.067383 0.060547
0 0.359375 0.886719 0.103516 0.05957
0 0.348633 0.915039 0.058594 0.040039
0 0.017578 0.336914 0.035156 0.035156
