0 0.893555 0.081055 0.085938 0.141602
0 0.97168 0.496094 0.055664 0.078125
0 0.96582 0.611328 0.067383 0.069336
0 0.922852 0.688477 0.080078 0.087891
0 0.610352 0.959961 0.078125 0.080078
0 0.492188 0.930664 0.05957 0.131836
0 0.731445 0.84082 0.070312 0.0625
0 0.685547 0.670898 0.144531 0.082031
0 0.643555 0.558594 0.112305 0.080078
0 0.533203 0.511719 0.106445 0.105469
0 0.541992 0.668945 0.105469 0.077148
0 0.384766 0.644531 0.076172 0.066406
0 0.271484 0.90332 0.078125 0.0625
0 0.210938 0.966797 0.06543 0.066406
0 0.157227 0.610352 0.111328 0.077148
0 0.108398 0.506836 0.080078 0.136719
0 0.138672 0.418945 0.061523 0.129883
0 0.228516 0.430664 0.076172 0.152344
0 0.363281 0.574219 0.126953 0.069336
0 0.441406 0.515625 0.058594 0.048828
0 0.305664 0.464844 0.09375 0.132812
0 0.345703 0.44043 0.123047 0.154297
0 0.256836 0.300781 0.085938 0.106445
0 0.204102 0.250977 0.085938 0.075195
0 0.519531 0.359375 0.097656 0.041016
0 0.480469 0.327148 0.108398 0.038086
0 0.68457 0.30957 0.15332 0.05957
0 0.603516 0.208984 0.082031 0.099609
0 0.510742 0.192383 0.069336 0.086914
0 0.422852 0.173828 0.072266 0.117188
0 0.353516 0.196289 0.06543 0.111328
0 0.021484 0.537109 0.043945 0.09668
0 0.03418 0.34375 0.068359 0.047852
0 0.045898 0.216797 0.088867 0.054688
0 0.040039 0.135742 0.081055 0.072266
0 0.048828 0.075195 0.097656 0.083984
0 0.177734 0.048828 0.095703 0.097656
0 0.462891 0.048828 0.108398 0.098633
0 0.331055 0.100586 0.09668 0.073242
0 0.370117 0.068359 0.115234 0.088867
0 0.573242 0.100586 0.069336 0.0625
0 0.625977 0.763672 0.051758 0.050781
0 0.591797 0.623047 0.048828 0.064453
0 0.022461 0.271484 0.045898 0.063477
