0 0.388672 0.290039 0.110352 0.102539
0 0.408203 0.237305 0.056641 0.055664
0 0.375 0.166992 0.115234 0.066406
0 0.498047 0.119141 0.070312 0.079102
0 0.481445 0.032227 0.101562 0.064453
0 0.571289 0.014648 0.073242 0.029297
0 0.845703 0.036133 0.086914 0.073242
0 0.677734 0.051758 0.099609 0.083008
0 0.65625 0.09375 0.131836 0.075195
0 0.599609 0.161133 0.083008 0.041016
0 0.655273 0.173828 0.109375 0.05957
0 0.803711 0.097656 0.138672 0.071289
0 0.741211 0.15332 0.080078 0.061523
0 0.805664 0.185547 0.094727 0.089844
0 0.874023 0.201172 0.083008 0.119141
0 0.938477 0.18457 0.069336 0.068359
0 0.947266 0.114258 0.105469 0.052734
0 0.933594 0.270508 0.132812 0.05957
0 0.899414 0.375 0.086914 0.056641
0 0.782227 0.386719 0.074219 0.054688
0 0.727539 0.415039 0.053711 0.044922
0 0.614258 0.399414 0.114258 0.083984
0 0.662109 0.279297 0.109375 0.053711
0 0.676758 0.240234 0.102539 0.055664
0 0.477539 0.338867 0.066406 0.067383
0 0.270508 0.525391 0.103516 0.063477
0 0.204102 0.491211 0.058594 0.053711
0 0.148438 0.538086 0.087891 0.045898
0 0.119141 0.564453 0.043945 0.086914
0 0.052734 0.5625 0.105469 0.069336
0 0.433594 0.588867 0.0625 0.038086
0 0.53125 0.503906 0.044922 0.056641
0 0.636719 0.592773 0.135742 0.06543
0 0.821289 0.585938 0.083008 0.057617
0 0.731445 0.630859 0.111328 0.049805
0 0.821289 0.654297 0.098633 0.055664
0 0.97168 0.685547 0.055664 0.036133
0 0.977539 0.719727 0.044922 0.040039
0 0.874023 0.72168 0.068359 0.058594
0 0.914062 0.705078 0.077148 0.083984
0 0.733398 0.762695 0.132812 0.066406
0 0.74707 0.796875 0.075195 0.052734
0 0.723633 0.681641 0.092773 0.066406
0 0.552734 0.637695 0.150391 0.057617
0 0.567383 0.689453 0.074219 0.051758
0 0.516602 0.59668 0.108398 0.047852
0 0.378906 0.650391 0.05957 0.054688
0 0.274414 0.576172 0.057617 0.050781
0 0.235352 0.743164 0.134766 0.080078
0 0.210938 0.792969 0.155273 0.076172
0 0.3125 0.898438 0.087891 0.075195
0 0.168945 0.303711 0.107422 0.047852
0 0.157227 0.151367 0.133789 0.061523
0 0.419922 0.714844 0.083984 0.042969
0 0.522461 0.727539 0.114258 0.046875
0 0.472656 0.760742 0.081055 0.061523
0 0.486328 0.841797 0.098633 0.043945
0 0.452148 0.864258 0.073242 0.066406
0 0.390625 0.859375 0.06543 0.086914
0 0.608398 0.873047 0.094727 0.098633
0 0.649414 0.794922 0.115234 0.060547
0 0.563477 0.791016 0.0625 0.066406
0 0.750977 0.950195 0.116211 0.053711
0 0.541016 0.952148 0.078125 0.057617
0 0.610352 0.963867 0.097656 0.072266
0 0.864258 0.977539 0.088867 0.044922
0 0.926758 0.97168 0.069336 0.055664
0 0.09375 0.916016 0.075195 0.054688
0 0.160156 0.886719 0.073242 0.074219
0 0.083008 0.808594 0.095703 0.058594
0 0.063477 0.700195 0.0625 0.051758
0 0.104492 0.748047 0.081055 0.074219
0 0.011719 0.941406 0.024414 0.051758
0 0.029297 0.990234 0.058594 0.019531
0 0.12793 0.990234 0.061523 0.018555
0 0.036133 0.191406 0.072266 0.047852
0 0.050781 0.254883 0.102539 0.052734
0 0.043945 0.297852 0.087891 0.05957
0 0.152344 0.257812 0.074219 0.0625
0 0.191406 0.225586 0.069336 0.060547
0 0.275391 0.18457 0.043945 0.058594
0 0.234375 0.05957 0.060547 0.078125
0 0.274414 0.033203 0.049805 0.066406
0 0.291016 0.075195 0.035156 0.058594
0 0.380859 0.079102 0.0625 0.067383
0 0.098633 0.007812 0.095703 0.016602
0 0.100586 0.071289 0.116211 0.0625
0 0.078125 0.025391 0.0625 0.051758
0 0.205078 0.025391 0.098633 0.050781
0 0.87207 0.802734 0.082031 0.058594
0 0.869141 0.861328 0.076172 0.074219
0 0.546875 0.268555 0.066406 0.068359
0 0.186523 0.727539 0.06543 0.058594
0 0.630859 0.78125 0.075195 0.03418
0 0.84082 0.128906 0.095703 0.077148
0 0.272461 0.081055 0.069336 0.068359
0 0.072266 0.139648 0.027344 0.046875
