0 0.87207 0.586914 0.077148 0.084961
0 0.196289 0.722656 0.091797 0.103516
0 0.882812 0.708984 0.077148 0.104492
0 0.731445 0.216797 0.087891 0.092773
0 0.808594 0.532227 0.073242 0.083008
0 0.357422 0.291992 0.089844 0.083008
0 0.186523 0.03418 0.149414 0.069336
0 0.226562 0.46875 0.129883 0.129883
0 0.706055 0.314453 0.117188 0.084961
0 0.422852 0.469727 0.09375 0.098633
0 0.600586 0.700195 0.087891 0.112305
0 0.591797 0.316406 0.054688 0.06543
0 0.594727 0.204102 0.105469 0.094727
0 0.524414 0.65918 0.054688 0.069336
0 0.53125 0.136719 0.097656 0.102539
0 0.317383 0.530273 0.089844 0.102539
0 0.707031 0.532227 0.085938 0.105469
0 0.613281 0.961914 0.087891 0.075195
0 0.975586 0.824219 0.047852 0.089844
0 0.027344 0.913086 0.054688 0.117188
0 0.199219 0.917969 0.094727 0.097656
