0 0.016602 0.72168 0.03418 0.144531
0 0.079102 0.832031 0.054688 0.05957
0 0.158203 0.874023 0.087891 0.06543
0 0.157227 0.726562 0.068359 0.075195
0 0.228516 0.957031 0.05957 0.072266
0 0.110352 0.641602 0.086914 0.068359
0 0.008789 0.477539 0.018555 0.042969
0 0.03418 0.493164 0.054688 0.068359
0 0.095703 0.400391 0.080078 0.109375
0 0.008789 0.408203 0.018555 0.057617
0 0.180664 0.455078 0.068359 0.104492
0 0.249023 0.421875 0.077148 0.051758
0 0.045898 0.020508 0.080078 0.041992
0 0.016602 0.101562 0.033203 0.040039
0 0.200195 0.077148 0.083008 0.070312
0 0.348633 0.03418 0.084961 0.068359
0 0.376953 0.082031 0.083008 0.09082
0 0.484375 0.142578 0.100586 0.124023
0 0.566406 0.125977 0.05957 0.085938
0 0.71875 0.104492 0.171875 0.0625
0 0.817383 0.06543 0.060547 0.094727
0 0.758789 0.060547 0.066406 0.067383
0 0.31543 0.318359 0.081055 0.082031
0 0.384766 0.461914 0.128906 0.084961
0 0.480469 0.385742 0.083008 0.129883
0 0.558594 0.395508 0.082031 0.060547
0 0.651367 0.292969 0.069336 0.067383
0 0.728516 0.552734 0.048828 0.107422
0 0.53125 0.587891 0.094727 0.072266
0 0.324219 0.589844 0.060547 0.085938
0 0.380859 0.601562 0.071289 0.069336
0 0.399414 0.680664 0.074219 0.100586
0 0.356445 0.725586 0.083984 0.105469
0 0.289062 0.786133 0.091797 0.092773
0 0.467773 0.677734 0.079102 0.086914
0 0.543945 0.711914 0.077148 0.086914
0 0.398438 0.855469 0.071289 0.091797
0 0.322266 0.896484 0.064453 0.063477
0 0.379883 0.932617 0.068359 0.064453
0 0.319336 0.960938 0.063477 0.068359
0 0.583008 0.951172 0.177734 0.077148
0 0.697266 0.885742 0.088867 0.068359
0 0.818359 0.852539 0.074219 0.098633
0 0.938477 0.841797 0.085938 0.158203
0 0.870117 0.71582 0.073242 0.085938
0 0.962891 0.592773 0.074219 0.054688
0 0.972656 0.558594 0.053711 0.068359
0 0.970703 0.503906 0.057617 0.076172
0 0.949219 0.449219 0.060547 0.069336
0 0.936523 0.351562 0.094727 0.061523
0 0.689453 0.498047 0.130859 0.056641
0 0.055664 0.046875 0.112305 0.06543
0 0.678711 0.021484 0.041992 0.043945
0 0.400391 0.429688 0.054688 0.044922
0 0.557617 0.572266 0.076172 0.061523
0 0.379883 0.577148 0.071289 0.064453
0 0.688477 0.397461 0.050781 0.072266
0 0.672852 0.436523 0.046875 0.040039
0 0.007812 0.606445 0.016602 0.035156
0 0.734375 0.53418 0.092773 0.115234
0 0.527344 0.973633 0.045898 0.043945
