0 0.870117 0.279297 0.083008 0.110352
0 0.964844 0.173828 0.070312 0.084961
0 0.288086 0.680664 0.107422 0.112305
0 0.663086 0.568359 0.082031 0.082031
0 0.204102 0.867188 0.114258 0.080078
0 0.871094 0.970703 0.097656 0.057617
0 0.37793 0.601562 0.092773 0.149414
0 0.359375 0.231445 0.070312 0.069336
0 0.65332 0.804688 0.082031 0.060547
0 0.330078 0.342773 0.075195 0.092773
0 0.973633 0.629883 0.052734 0.067383
0 0.802734 0.904297 0.086914 0.070312
0 0.675781 0.71875 0.087891 0.120117
0 0.500977 0.055664 0.097656 0.107422
0 0.203125 0.530273 0.072266 0.077148
0 0.933594 0.084961 0.072266 0.102539
0 0.814453 0.546875 0.064453 0.070312
0 0.267578 0.181641 0.067383 0.069336
0 0.643555 0.916016 0.053711 0.046875
0 0.060547 0.458008 0.082031 0.087891
0 0.761719 0.680664 0.070312 0.082031
0 0.876953 0.521484 0.070312 0.104492
0 0.795898 0.30957 0.082031 0.115234
0 0.296875 0.051758 0.080078 0.099609
0 0.527344 0.426758 0.054688 0.049805
0 0.641602 0.363281 0.09082 0.097656
0 0.786133 0.032227 0.084961 0.060547
0 0.056641 0.733398 0.089844 0.091797
0 0.052734 0.200195 0.102539 0.102539
0 0.390625 0.797852 0.064453 0.118164
0 0.044922 0.547852 0.067383 0.0625
0 0.644531 0.088867 0.074219 0.104492
0 0.381836 0.881836 0.099609 0.089844
0 0.118164 0.435547 0.067383 0.072266
0 0.870117 0.412109 0.067383 0.060547
0 0.301758 0.510742 0.05957 0.056641
0 0.628906 0.287109 0.069336 0.099609
0 0.178711 0.039062 0.084961 0.075195
0 0.567383 0.707031 0.039062 0.058594
0 0.44043 0.041992 0.057617 0.080078
0 0.938477 0.932617 0.077148 0.054688
0 0.480469 0.59082 0.086914 0.108398
0 0.712891 0.292969 0.067383 0.102539
0 0.458984 0.300781 0.035156 0.044922
0 0.681641 0.125 0.05957 0.067383
0 0.96582 0.763672 0.054688 0.052734
0 0.43457 0.871094 0.077148 0.082031
0 0.681641 0.256836 0.055664 0.089844
0 0.041992 0.032227 0.080078 0.060547
0 0.663086 0.029297 0.077148 0.054688
0 0.029297 0.358398 0.054688 0.091797
0 0.964844 0.835938 0.06543 0.055664
0 0.308594 0.574219 0.072266 0.075195
