0 0.745117 0.977539 0.070312 0.044922
0 0.625977 0.87207 0.056641 0.047852
0 0.591797 0.87793 0.047852 0.039062
0 0.699219 0.847656 0.042969 0.039062
0 0.673828 0.897461 0.073242 0.069336
0 0.732422 0.917969 0.056641 0.077148
0 0.696289 0.804688 0.068359 0.043945
0 0.756836 0.776367 0.047852 0.0625
0 0.575195 0.741211 0.046875 0.057617
0 0.71875 0.614258 0.051758 0.105469
0 0.550781 0.464844 0.069336 0.077148
0 0.779297 0.472656 0.052734 0.049805
0 0.875977 0.601562 0.0625 0.060547
0 0.844727 0.661133 0.048828 0.057617
0 0.901367 0.424805 0.085938 0.053711
0 0.942383 0.43457 0.041016 0.061523
0 0.898438 0.373047 0.150391 0.042969
0 0.820312 0.393555 0.072266 0.051758
0 0.706055 0.405273 0.054688 0.051758
0 0.803711 0.342773 0.054688 0.073242
0 0.833984 0.304688 0.072266 0.09375
0 0.892578 0.264648 0.044922 0.125
0 0.932617 0.307617 0.055664 0.061523
0 0.942383 0.170898 0.054688 0.099609
0 0.981445 0.194336 0.037109 0.061523
0 0.804688 0.157227 0.060547 0.082031
0 0.81543 0.213867 0.066406 0.046875
0 0.6875 0.234375 0.0625 0.051758
0 0.631836 0.222656 0.050781 0.068359
0 0.516602 0.364258 0.041016 0.037109
0 0.59375 0.364258 0.0625 0.0625
0 0.625 0.305664 0.083008 0.076172
0 0.625 0.348633 0.036133 0.058594
0 0.582031 0.217773 0.070312 0.06543
0 0.571289 0.170898 0.095703 0.071289
0 0.609375 0.152344 0.058594 0.075195
0 0.415039 0.213867 0.072266 0.077148
0 0.374023 0.145508 0.05957 0.102539
0 0.389648 0.324219 0.083008 0.061523
0 0.347656 0.337891 0.069336 0.092773
0 0.332031 0.28125 0.050781 0.048828
0 0.291016 0.31543 0.048828 0.05957
0 0.196289 0.352539 0.038086 0.048828
0 0.177734 0.300781 0.057617 0.0625
0 0.172852 0.269531 0.077148 0.071289
0 0.239258 0.203125 0.066406 0.082031
0 0.324219 0.170898 0.063477 0.097656
0 0.219727 0.092773 0.116211 0.046875
0 0.813477 0.984375 0.074219 0.030273
0 0.931641 0.981445 0.060547 0.036133
0 0.861328 0.932617 0.056641 0.043945
0 0.807617 0.946289 0.075195 0.054688
0 0.777344 0.867188 0.037109 0.047852
0 0.801758 0.84375 0.029297 0.026367
0 0.856445 0.854492 0.05957 0.046875
0 0.978516 0.936523 0.042969 0.088867
0 0.883789 0.772461 0.051758 0.053711
0 0.955078 0.754883 0.057617 0.070312
0 0.728516 0.871094 0.042969 0.053711
0 0.286133 0.399414 0.058594 0.052734
0 0.21875 0.408203 0.075195 0.05957
0 0.168945 0.405273 0.052734 0.055664
0 0.041016 0.289062 0.032227 0.058594
0 0.789062 0.037109 0.089844 0.073242
0 0.042969 0.624023 0.085938 0.05957
0 0.15918 0.681641 0.067383 0.078125
0 0.033203 0.764648 0.067383 0.073242
0 0.021484 0.819336 0.043945 0.042969
0 0.205078 0.828125 0.070312 0.081055
0 0.208984 0.75 0.046875 0.037109
0 0.341797 0.679688 0.052734 0.117188
0 0.018555 0.157227 0.037109 0.064453
0 0.226562 0.108398 0.045898 0.06543
0 0.602539 0.027344 0.06543 0.040039
0 0.726562 0.043945 0.05957 0.054688
0 0.699219 0.017578 0.048828 0.035156
0 0.96582 0.378906 0.067383 0.164062
