0 0.02832 0.551758 0.056641 0.075195
0 0.098633 0.407227 0.110352 0.09375
0 0.079102 0.951172 0.15332 0.06543
0 0.373047 0.100586 0.073242 0.086914
0 0.744141 0.019531 0.070312 0.039062
0 0.110352 0.521484 0.109375 0.083984
0 0.996094 0.108398 0.006836 0.067383
0 0.799805 0.986328 0.100586 0.026367
0 0.767578 0.188477 0.068359 0.064453
0 0.239258 0.390625 0.069336 0.110352
0 0.52832 0.109375 0.137695 0.101562
0 0.65332 0.9375 0.095703 0.057617
0 0.546875 0.623047 0.179688 0.09082
0 0.545898 0.5625 0.120117 0.081055
0 0.800781 0.571289 0.110352 0.097656
0 0.302734 0.424805 0.081055 0.119141
0 0.696289 0.048828 0.102539 0.0625
0 0.737305 0.121094 0.085938 0.064453
0 0.852539 0.242188 0.087891 0.09082
0 0.648438 0.1875 0.087891 0.081055
0 0.700195 0.276367 0.152344 0.078125
0 0.605469 0.369141 0.120117 0.087891
0 0.557617 0.706055 0.116211 0.09082
0 0.942383 0.824219 0.069336 0.0625
0 0.751953 0.90625 0.107422 0.070312
0 0.848633 0.919922 0.068359 0.094727
0 0.838867 0.861328 0.077148 0.058594
0 0.03418 0.644531 0.068359 0.060547
0 0.046875 0.209961 0.09375 0.091797
0 0.162109 0.12207 0.089844 0.068359
0 0.102539 0.058594 0.121094 0.083984
0 0.032227 0.032227 0.06543 0.064453
0 0.722656 0.334961 0.058594 0.084961
0 0.550781 0.166992 0.144531 0.108398
0 0.192383 0.413086 0.051758 0.081055
0 0.036133 0.782227 0.073242 0.076172
0 0.84082 0.123047 0.039062 0.050781
