0 0.373047 0.078125 0.083984 0.077148
0 0.945312 0.112305 0.108398 0.073242
0 0.550781 0.042969 0.060547 0.073242
0 0.482422 0.171875 0.083984 0.042969
0 0.46875 0.211914 0.047852 0.0625
0 0.546875 0.27832 0.094727 0.0625
0 0.530273 0.361328 0.077148 0.055664
0 0.345703 0.219727 0.079102 0.053711
0 0.711914 0.119141 0.105469 0.138672
0 0.849609 0.129883 0.144531 0.070312
0 0.90918 0.05957 0.181641 0.05957
0 0.911133 0.021484 0.071289 0.043945
0 0.837891 0.279297 0.051758 0.102539
0 0.856445 0.262695 0.083984 0.058594
0 0.939453 0.387695 0.121094 0.071289
0 0.125 0.520508 0.09082 0.076172
0 0.208008 0.482422 0.069336 0.075195
0 0.302734 0.484375 0.061523 0.087891
0 0.381836 0.442383 0.100586 0.0625
0 0.27832 0.328125 0.091797 0.05957
0 0.245117 0.244141 0.097656 0.066406
0 0.107422 0.328125 0.070312 0.066406
0 0.201172 0.368164 0.084961 0.074219
0 0.262695 0.410156 0.080078 0.056641
0 0.046875 0.286133 0.064453 0.060547
0 0.051758 0.369141 0.080078 0.055664
0 0.041016 0.204102 0.054688 0.051758
0 0.946289 0.618164 0.09082 0.082031
0 0.735352 0.678711 0.121094 0.09082
0 0.893555 0.787109 0.117188 0.081055
0 0.880859 0.892578 0.078125 0.087891
0 0.932617 0.849609 0.073242 0.05957
0 0.753906 0.84082 0.073242 0.0625
0 0.551758 0.723633 0.069336 0.09668
0 0.424805 0.678711 0.09082 0.057617
0 0.318359 0.741211 0.114258 0.083008
0 0.244141 0.71875 0.131836 0.066406
0 0.06543 0.6875 0.099609 0.084961
0 0.022461 0.729492 0.043945 0.080078
0 0.114258 0.856445 0.069336 0.067383
0 0.106445 0.774414 0.087891 0.071289
0 0.199219 0.898438 0.087891 0.083984
0 0.270508 0.887695 0.076172 0.099609
0 0.402344 0.952148 0.141602 0.095703
0 0.355469 0.972656 0.084961 0.054688
0 0.050781 0.97168 0.102539 0.055664
0 0.745117 0.958984 0.09668 0.067383
0 0.577148 0.928711 0.109375 0.068359
0 0.484375 0.839844 0.063477 0.075195
0 0.581055 0.853516 0.075195 0.06543
0 0.442383 0.916992 0.078125 0.047852
0 0.473633 0.768555 0.085938 0.076172
0 0.433594 0.522461 0.058594 0.075195
