0 0.037109 0.049805 0.075195 0.099609
0 0.147461 0.120117 0.107422 0.064453
0 0.164062 0.178711 0.078125 0.052734
0 0.162109 0.246094 0.100586 0.061523
0 0.335938 0.107422 0.056641 0.082031
0 0.383789 0.145508 0.068359 0.055664
0 0.413086 0.076172 0.058594 0.067383
0 0.487305 0.030273 0.053711 0.048828
0 0.608398 0.12207 0.057617 0.083008
0 0.456055 0.324219 0.078125 0.079102
0 0.142578 0.526367 0.064453 0.049805
0 0.116211 0.490234 0.05957 0.051758
0 0.210938 0.475586 0.073242 0.043945
0 0.214844 0.518555 0.072266 0.047852
0 0.386719 0.470703 0.071289 0.057617
0 0.525391 0.404297 0.068359 0.068359
0 0.598633 0.451172 0.055664 0.0625
0 0.673828 0.464844 0.058594 0.082031
0 0.413086 0.592773 0.06543 0.079102
0 0.505859 0.625977 0.12793 0.0625
0 0.285156 0.707031 0.055664 0.0625
0 0.189453 0.8125 0.092773 0.087891
0 0.516602 0.741211 0.084961 0.083984
0 0.461914 0.869141 0.072266 0.060547
0 0.554688 0.919922 0.079102 0.075195
0 0.613281 0.818359 0.055664 0.050781
0 0.341797 0.972656 0.061523 0.053711
0 0.428711 0.982422 0.066406 0.035156
0 0.485352 0.935547 0.068359 0.0625
0 0.714844 0.94043 0.072266 0.087891
0 0.748047 0.835938 0.068359 0.094727
0 0.819336 0.888672 0.09375 0.069336
0 0.808594 0.709961 0.066406 0.082031
0 0.975586 0.84082 0.047852 0.085938
0 0.920898 0.93457 0.051758 0.076172
0 0.891602 0.524414 0.082031 0.075195
0 0.873047 0.44043 0.075195 0.067383
0 0.828125 0.399414 0.066406 0.109375
0 0.797852 0.304688 0.081055 0.097656
0 0.955078 0.136719 0.088867 0.073242
0 0.966797 0.047852 0.066406 0.057617
0 0.039062 0.602539 0.064453 0.068359
0 0.548828 0.844727 0.041016 0.0625
0 0.827148 0.487305 0.051758 0.038086
