0 0.460938 0.589844 0.072266 0.080078
0 0.371094 0.624023 0.073242 0.069336
0 0.584961 0.558594 0.088867 0.070312
0 0.65918 0.175781 0.075195 0.095703
0 0.859375 0.655273 0.043945 0.084961
0 0.205078 0.147461 0.054688 0.098633
0 0.586914 0.601562 0.083984 0.067383
0 0.461914 0.514648 0.09082 0.116211
0 0.870117 0.47168 0.044922 0.109375
0 0.213867 0.621094 0.076172 0.073242
0 0.197266 0.529297 0.136719 0.085938
0 0.668945 0.490234 0.074219 0.085938
0 0.954102 0.213867 0.058594 0.083008
0 0.015625 0.854492 0.03125 0.05957
0 0.789062 0.180664 0.044922 0.138672
0 0.770508 0.508789 0.043945 0.072266
0 0.786133 0.582031 0.048828 0.069336
0 0.09375 0.477539 0.089844 0.125977
0 0.972656 0.886719 0.053711 0.074219
0 0.200195 0.919922 0.105469 0.054688
0 0.014648 0.208984 0.030273 0.087891
0 0.625 0.549805 0.05957 0.066406
0 0.792969 0.789062 0.101562 0.129883
0 0.332031 0.481445 0.050781 0.078125
0 0.942383 0.487305 0.049805 0.102539
0 0.27832 0.456055 0.040039 0.083984
0 0.413086 0.978516 0.025391 0.041992
0 0.042969 0.800781 0.061523 0.064453
0 0.59375 0.470703 0.061523 0.069336
0 0.724609 0.080078 0.043945 0.125977
0 0.224609 0.977539 0.082031 0.044922
0 0.306641 0.574219 0.043945 0.06543
0 0.083008 0.925781 0.067383 0.035156
0 0.366211 0.432617 0.060547 0.050781
0 0.336914 0.543945 0.041992 0.058594
0 0.621094 0.228516 0.045898 0.066406
0 0.907227 0.037109 0.042969 0.0625
0 0.766602 0.632812 0.030273 0.049805
0 0.490234 0.750977 0.058594 0.050781
0 0.645508 0.701172 0.042969 0.044922
0 0.467773 0.013672 0.042969 0.025391
0 0.990234 0.521484 0.019531 0.042969
0 0.922852 0.976562 0.070312 0.046875
0 0.191406 0.015625 0.049805 0.026367
0 0.425781 0.291016 0.063477 0.035156
0 0.702148 0.417969 0.048828 0.048828
