0 0.888672 0.947266 0.075195 0.104492
0 0.512695 0.62793 0.073242 0.102539
0 0.611328 0.749023 0.075195 0.15918
0 0.774414 0.863281 0.070312 0.117188
0 0.216797 0.704102 0.134766 0.080078
0 0.566406 0.202148 0.094727 0.189453
0 0.087891 0.863281 0.107422 0.107422
0 0.095703 0.605469 0.087891 0.09375
0 0.804688 0.439453 0.070312 0.073242
0 0.753906 0.321289 0.069336 0.110352
0 0.27832 0.966797 0.078125 0.06543
0 0.53418 0.441406 0.089844 0.139648
0 0.06543 0.958984 0.077148 0.069336
0 0.811523 0.632812 0.079102 0.068359
0 0.824219 0.203125 0.070312 0.112305
0 0.847656 0.517578 0.092773 0.102539
0 0.498047 0.051758 0.047852 0.099609
0 0.273438 0.144531 0.074219 0.067383
0 0.802734 0.163086 0.047852 0.102539
0 0.564453 0.529297 0.095703 0.105469
0 0.15918 0.749023 0.05957 0.075195
0 0.839844 0.036133 0.072266 0.070312
0 0.128906 0.851562 0.075195 0.079102
