0 0.353516 0.1875 0.080078 0.091797
0 0.762695 0.524414 0.086914 0.068359
0 0.59668 0.196289 0.09375 0.092773
0 0.979492 0.328125 0.040039 0.083984
0 0.038086 0.920898 0.077148 0.060547
0 0.048828 0.209961 0.097656 0.061523
0 0.169922 0.327148 0.110352 0.080078
0 0.05957 0.392578 0.118164 0.067383
0 0.044922 0.540039 0.09082 0.102539
0 0.311523 0.344727 0.081055 0.058594
0 0.901367 0.168945 0.091797 0.112305
0 0.191406 0.69043 0.075195 0.078125
0 0.959961 0.395508 0.079102 0.095703
0 0.900391 0.556641 0.09082 0.084961
0 0.380859 0.703125 0.139648 0.089844
0 0.787109 0.430664 0.084961 0.073242
0 0.508789 0.296875 0.05957 0.085938
0 0.143555 0.24707 0.066406 0.075195
0 0.958008 0.449219 0.081055 0.078125
0 0.830078 0.713867 0.15332 0.105469
0 0.757812 0.074219 0.101562 0.078125
0 0.868164 0.703125 0.082031 0.060547
0 0.757812 0.450195 0.076172 0.05957
0 0.240234 0.335938 0.104492 0.078125
0 0.035156 0.03418 0.069336 0.06543
0 0.699219 0.943359 0.091797 0.045898
0 0.454102 0.073242 0.089844 0.054688
0 0.458008 0.44043 0.113281 0.057617
0 0.098633 0.333984 0.072266 0.047852
0 0.195312 0.916992 0.112305 0.081055
0 0.09375 0.916992 0.098633 0.043945
0 0.347656 0.666992 0.116211 0.052734
0 0.962891 0.026367 0.041992 0.053711
0 0.87793 0.364258 0.095703 0.083984
0 0.695312 0.90332 0.098633 0.055664
0 0.805664 0.382812 0.083984 0.057617
0 0.745117 0.373047 0.087891 0.043945
0 0.945312 0.28418 0.041016 0.078125
0 0.168945 0.458008 0.117188 0.058594
0 0.592773 0.280273 0.108398 0.070312
0 0.834961 0.297852 0.054688 0.084961
0 0.416992 0.018555 0.057617 0.037109
0 0.370117 0.388672 0.081055 0.049805
0 0.682617 0.80957 0.064453 0.043945
0 0.776367 0.737305 0.0625 0.077148
0 0.211914 0.28418 0.05957 0.063477
0 0.092773 0.795898 0.071289 0.047852
0 0.150391 0.845703 0.128906 0.078125
0 0.539062 0.085938 0.067383 0.043945
0 0.666992 0.297852 0.103516 0.040039
0 0.787109 0.8125 0.0625 0.035156
0 0.204102 0.768555 0.063477 0.037109
0 0.211914 0.024414 0.052734 0.044922
0 0.68457 0.038086 0.09082 0.042969
0 0.701172 0.444336 0.042969 0.0625
0 0.530273 0.806641 0.064453 0.037109
0 0.526367 0.985352 0.082031 0.024414
0 0.194336 0.959961 0.084961 0.061523
0 0.295898 0.986328 0.051758 0.019531
0 0.363281 0.980469 0.067383 0.027344
0 0.316406 0.951172 0.188477 0.076172
0 0.323242 0.90332 0.070312 0.051758
0 0.266602 0.871094 0.075195 0.070312
0 0.664062 0.074219 0.085938 0.038086
0 0.242188 0.038086 0.081055 0.050781
0 0.30957 0.044922 0.104492 0.083984
