0 0.462891 0.321289 0.078125 0.097656
0 0.582031 0.541992 0.109375 0.064453
0 0.552734 0.493164 0.100586 0.118164
0 0.352539 0.27832 0.170898 0.071289
0 0.368164 0.739258 0.05957 0.070312
0 0.862305 0.908203 0.121094 0.087891
0 0.085938 0.672852 0.172852 0.100586
0 0.511719 0.49707 0.055664 0.058594
0 0.375 0.333984 0.072266 0.079102
0 0.462891 0.43457 0.112305 0.099609
0 0.058594 0.271484 0.094727 0.120117
0 0.236328 0.494141 0.045898 0.038086
0 0.029297 0.894531 0.052734 0.055664
0 0.288086 0.69043 0.175781 0.102539
0 0.94043 0.366211 0.119141 0.102539
0 0.569336 0.052734 0.09082 0.103516
0 0.558594 0.382812 0.098633 0.079102
0 0.469727 0.168945 0.060547 0.076172
0 0.454102 0.227539 0.0625 0.048828
0 0.504883 0.201172 0.084961 0.066406
0 0.573242 0.234375 0.107422 0.09375
0 0.642578 0.254883 0.09375 0.078125
0 0.581055 0.28418 0.104492 0.092773
0 0.449219 0.827148 0.045898 0.032227
0 0.84082 0.802734 0.03125 0.040039
