0 0.461914 0.235352 0.179688 0.092773
0 0.15918 0.154297 0.089844 0.06543
0 0.390625 0.037109 0.107422 0.074219
0 0.735352 0.089844 0.092773 0.089844
0 0.845703 0.054688 0.117188 0.109375
0 0.283203 0.630859 0.102539 0.107422
0 0.240234 0.246094 0.147461 0.097656
0 0.438477 0.379883 0.125977 0.082031
0 0.217773 0.454102 0.080078 0.089844
0 0.074219 0.076172 0.070312 0.097656
0 0.381836 0.546875 0.133789 0.080078
0 0.798828 0.450195 0.125977 0.083984
0 0.625 0.602539 0.157227 0.067383
0 0.083008 0.305664 0.072266 0.067383
0 0.679688 0.297852 0.080078 0.057617
0 0.867188 0.276367 0.100586 0.072266
0 0.023438 0.041992 0.046875 0.084961
0 0.092773 0.019531 0.077148 0.039062
0 0.439453 0.300781 0.120117 0.063477
0 0.674805 0.254883 0.080078 0.057617
0 0.28125 0.085938 0.075195 0.052734
0 0.170898 0.037109 0.078125 0.074219
