0 0.224609 0.139648 0.072266 0.086914
0 0.776367 0.50293 0.099609 0.072266
0 0.875977 0.125 0.105469 0.079102
0 0.008789 0.594727 0.015625 0.052734
0 0.297852 0.516602 0.066406 0.0625
0 0.960938 0.706055 0.068359 0.068359
0 0.405273 0.225586 0.070312 0.077148
0 0.166992 0.199219 0.066406 0.055664
0 0.383789 0.904297 0.086914 0.083008
0 0.229492 0.799805 0.092773 0.068359
0 0.323242 0.835938 0.085938 0.053711
0 0.577148 0.03125 0.09082 0.061523
0 0.099609 0.30957 0.146484 0.058594
0 0.912109 0.042969 0.067383 0.048828
0 0.057617 0.506836 0.078125 0.057617
0 0.016602 0.03418 0.03418 0.064453
0 0.78418 0.220703 0.056641 0.040039
0 0.1875 0.017578 0.066406 0.035156
0 0.448242 0.548828 0.099609 0.060547
0 0.790039 0.106445 0.042969 0.071289
0 0.154297 0.47168 0.038086 0.071289
0 0.566406 0.773438 0.057617 0.047852
0 0.087891 0.644531 0.057617 0.054688
0 0.198242 0.370117 0.058594 0.052734
0 0.722656 0.84082 0.070312 0.071289
0 0.873047 0.313477 0.072266 0.045898
0 0.087891 0.981445 0.079102 0.033203
0 0.804688 0.728516 0.060547 0.052734
0 0.120117 0.62207 0.085938 0.072266
0 0.202148 0.600586 0.058594 0.043945
0 0.696289 0.530273 0.06543 0.058594
0 0.629883 0.305664 0.061523 0.041016
0 0.373047 0.333008 0.088867 0.060547
0 0.328125 0.908203 0.103516 0.046875
0 0.378906 0.032227 0.120117 0.041016
0 0.381836 0.075195 0.055664 0.069336
0 0.594727 0.670898 0.069336 0.048828
0 0.618164 0.198242 0.066406 0.057617
0 0.270508 0.207031 0.091797 0.046875
0 0.073242 0.230469 0.051758 0.099609
0 0.191406 0.519531 0.051758 0.057617
0 0.75293 0.990234 0.060547 0.019531
0 0.048828 0.416016 0.098633 0.049805
0 0.902344 0.963867 0.09668 0.054688
0 0.953125 0.53418 0.075195 0.05957
0 0.460938 0.330078 0.076172 0.047852
0 0.163086 0.467773 0.039062 0.064453
0 0.881836 0.070312 0.092773 0.041992
0 0.050781 0.952148 0.098633 0.050781
0 0.424805 0.273438 0.040039 0.0625
0 0.192383 0.441406 0.087891 0.041016
0 0.675781 0.018555 0.070312 0.038086
0 0.393555 0.288086 0.064453 0.043945
0 0.726562 0.925781 0.050781 0.046875
0 0.791992 0.657227 0.043945 0.046875
0 0.788086 0.847656 0.09082 0.0625
0 0.967773 0.580078 0.05957 0.051758
0 0.817383 0.955078 0.09375 0.057617
0 0.018555 0.361328 0.037109 0.050781
0 0.804688 0.603516 0.060547 0.050781
0 0.614258 0.548828 0.09375 0.053711
0 0.032227 0.838867 0.063477 0.039062
0 0.568359 0.499023 0.078125 0.055664
0 0.901367 0.928711 0.077148 0.029297
0 0.508789 0.073242 0.087891 0.052734
0 0.211914 0.942383 0.111328 0.052734
0 0.394531 0.018555 0.043945 0.035156
0 0.033203 0.121094 0.06543 0.057617
0 0.486328 0.583984 0.043945 0.066406
0 0.964844 0.652344 0.049805 0.052734
0 0.948242 0.117188 0.054688 0.056641
0 0.276367 0.243164 0.098633 0.041992
0 0.308594 0.320312 0.055664 0.053711
0 0.21582 0.477539 0.067383 0.041016
0 0.458008 0.399414 0.05957 0.053711
0 0.982422 0.382812 0.03418 0.051758
0 0.649414 0.929688 0.073242 0.048828
0 0.436523 0.673828 0.081055 0.053711
0 0.353516 0.648438 0.091797 0.06543
0 0.131836 0.563477 0.048828 0.03418
0 0.59082 0.56543 0.114258 0.054688
0 0.240234 0.739258 0.106445 0.068359
0 0.303711 0.621094 0.09668 0.067383
0 0.555664 0.902344 0.05957 0.056641
0 0.564453 0.96875 0.06543 0.049805
0 0.658203 0.980469 0.055664 0.03418
0 0.867188 0.008789 0.061523 0.018555
0 0.270508 0.49707 0.125 0.040039
