0 0.674805 0.628906 0.104492 0.0625
0 0.646484 0.182617 0.094727 0.067383
0 0.261719 0.498047 0.112305 0.125
0 0.498047 0.533203 0.072266 0.091797
0 0.84668 0.177734 0.094727 0.067383
0 0.355469 0.02832 0.067383 0.056641
0 0.297852 0.258789 0.061523 0.06543
0 0.630859 0.834961 0.078125 0.067383
0 0.974609 0.400391 0.049805 0.057617
0 0.582031 0.02832 0.134766 0.056641
0 0.461914 0.873047 0.126953 0.126953
0 0.474609 0.683594 0.154297 0.165039
0 0.25293 0.114258 0.083008 0.070312
0 0.373047 0.141602 0.077148 0.09082
0 0.499023 0.240234 0.055664 0.12207
0 0.041016 0.291016 0.083008 0.052734
0 0.000977 0.969727 0.001953 0.060547
0 0.37793 0.738281 0.092773 0.082031
0 0.974609 0.230469 0.050781 0.052734
0 0.354492 0.605469 0.060547 0.072266
0 0.453125 0.244141 0.052734 0.114258
0 0.342773 0.240234 0.049805 0.056641
