0 0.479492 0.489258 0.080078 0.058594
0 0.962891 0.03418 0.074219 0.068359
0 0.268555 0.269531 0.12793 0.060547
0 0.051758 0.50293 0.092773 0.055664
0 0.166992 0.233398 0.060547 0.068359
0 0.223633 0.852539 0.118164 0.050781
0 0.123047 0.69043 0.097656 0.043945
0 0.867188 0.723633 0.086914 0.050781
0 0.834961 0.864258 0.142578 0.063477
0 0.946289 0.701172 0.107422 0.041992
0 0.043945 0.875977 0.086914 0.041016
0 0.229492 0.595703 0.105469 0.057617
0 0.455078 0.907227 0.125 0.054688
0 0.645508 0.524414 0.149414 0.078125
0 0.044922 0.151367 0.09082 0.076172
0 0.957031 0.775391 0.085938 0.081055
0 0.389648 0.826172 0.167969 0.049805
0 0.091797 0.042969 0.148438 0.047852
0 0.160156 0.751953 0.083984 0.058594
0 0.459961 0.734375 0.12793 0.101562
0 0.457031 0.134766 0.121094 0.041992
0 0.77832 0.009766 0.080078 0.020508
0 0.893555 0.476562 0.142578 0.075195
0 0.876953 0.195312 0.079102 0.061523
0 0.980469 0.513672 0.039062 0.079102
0 0.21875 0.628906 0.125 0.041992
0 0.379883 0.623047 0.101562 0.053711
0 0.128906 0.978516 0.100586 0.030273
0 0.575195 0.826172 0.117188 0.125
0 0.042969 0.419922 0.085938 0.102539
0 0.24707 0.50293 0.118164 0.126953
0 0.576172 0.682617 0.091797 0.041016
0 0.880859 0.338867 0.100586 0.0625
0 0.162109 0.851562 0.074219 0.064453
0 0.785156 0.612305 0.109375 0.055664
0 0.583984 0.765625 0.104492 0.033203
0 0.725586 0.81543 0.142578 0.042969
0 0.599609 0.56543 0.052734 0.076172
0 0.947266 0.438477 0.083008 0.073242
0 0.339844 0.125977 0.080078 0.050781
0 0.875977 0.96875 0.110352 0.045898
0 0.288086 0.754883 0.092773 0.042969
0 0.331055 0.325195 0.141602 0.052734
0 0.483398 0.967773 0.0625 0.038086
0 0.975586 0.886719 0.048828 0.082031
0 0.124023 0.65332 0.072266 0.02832
0 0.829102 0.929688 0.09375 0.040039
0 0.947266 0.313477 0.105469 0.023438
0 0.411133 0.398438 0.124023 0.048828
0 0.154297 0.50293 0.072266 0.063477
0 0.303711 0.527344 0.143555 0.139648
0 0.789062 0.15332 0.099609 0.050781
0 0.326172 0.6875 0.107422 0.053711
0 0.254883 0.93457 0.061523 0.033203
0 0.209961 0.982422 0.066406 0.02832
0 0.829102 0.285156 0.081055 0.050781
0 0.032227 0.100586 0.064453 0.033203
0 0.055664 0.9375 0.064453 0.026367
0 0.116211 0.948242 0.041016 0.046875
0 0.548828 0.635742 0.086914 0.036133
0 0.385742 0.504883 0.082031 0.052734
0 0.209961 0.898438 0.044922 0.074219
0 0.043945 0.44082 0.088477 0.03125
0 0.958008 0.34375 0.069336 0.05957
0 0.851562 0.261719 0.137695 0.05957
0 0.988281 0.508789 0.023438 0.089844
0 0.365234 0.586914 0.076172 0.063477
0 0.791992 0.647461 0.144531 0.033203
0 0.324219 0.021484 0.085938 0.033203
0 0.022461 0.345703 0.043945 0.024414
0 0.722656 0.991211 0.060547 0.017578
0 0.875977 0.180664 0.086914 0.064453
0 0.017578 0.672852 0.033203 0.023438
0 0.890625 0.985352 0.082031 0.029297
0 0.916992 0.016602 0.041992 0.03418
0 0.447266 0.076172 0.179688 0.049805
0 0.493164 0.987305 0.105469 0.024414
0 0.948242 0.863281 0.053711 0.032227
