0 0.033203 0.84375 0.067383 0.068359
0 0.533203 0.545898 0.123047 0.0625
0 0.032227 0.582031 0.064453 0.064453
0 0.694336 0.608398 0.094727 0.0625
0 0.610352 0.481445 0.092773 0.069336
0 0.693359 0.819336 0.171875 0.105469
0 0.697266 0.324219 0.179688 0.115234
0 0.87793 0.729492 0.147461 0.064453
0 0.454102 0.645508 0.149414 0.072266
0 0.797852 0.375977 0.157227 0.072266
0 0.709961 0.924805 0.112305 0.099609
0 0.685547 0.72168 0.102539 0.055664
0 0.571289 0.952148 0.110352 0.095703
0 0.751953 0.174805 0.189453 0.134766
0 0.826172 0.511719 0.152344 0.05957
0 0.668945 0.157227 0.139648 0.064453
0 0.759766 0.55957 0.089844 0.095703
0 0.579102 0.657227 0.15918 0.099609
0 0.865234 0.958008 0.148438 0.072266
0 0.938477 0.033203 0.123047 0.063477
0 0.900391 0.863281 0.131836 0.056641
0 0.820312 0.958984 0.113281 0.082031
0 0.837891 0.912109 0.12793 0.035156
0 0.961914 0.900391 0.070312 0.073242
0 0.949219 0.793945 0.100586 0.055664
0 0.920898 0.697266 0.157227 0.064453
0 0.945312 0.645508 0.109375 0.072266
0 0.951172 0.231445 0.09668 0.0625
0 0.951172 0.47168 0.09668 0.055664
0 0.575195 0.708008 0.078125 0.057617
0 0.688477 0.040039 0.083984 0.081055
0 0.833984 0.054688 0.168945 0.107422
0 0.922852 0.139648 0.152344 0.077148
0 0.9375 0.331055 0.123047 0.112305
0 0.930664 0.429688 0.137695 0.077148
