0 0.162109 0.010742 0.160156 0.022461
0 0.948242 0.738281 0.102539 0.113281
0 0.191406 0.101562 0.120117 0.129883
0 0.641602 0.425781 0.075195 0.082031
0 0.552734 0.006836 0.192383 0.014648
0 0.150391 0.708008 0.118164 0.087891
0 0.12793 0.302734 0.112305 0.077148
0 0.810547 0.779297 0.112305 0.120117
0 0.929688 0.108398 0.080078 0.082031
0 0.605469 0.710938 0.132812 0.097656
0 0.251953 0.499023 0.095703 0.09082
0 0.939453 0.873047 0.105469 0.132812
0 0.259766 0.430664 0.070312 0.078125
0 0.544922 0.357422 0.272461 0.102539
0 0.874023 0.533203 0.104492 0.107422
0 0.975586 0.27832 0.047852 0.097656
0 0.323242 0.835938 0.197266 0.126953
0 0.170898 0.87793 0.158203 0.083008
0 0.310547 0.063477 0.092773 0.126953
0 0.859375 0.181641 0.129883 0.114258
0 0.666016 0.509766 0.0625 0.044922
0 0.836914 0.310547 0.070312 0.057617
0 0.640625 0.233398 0.072266 0.162109
0 0.709961 0.300781 0.080078 0.171875
0 0.374023 0.164062 0.069336 0.094727
0 0.810547 0.87207 0.147461 0.080078
0 0.685547 0.630859 0.132812 0.117188
0 0.34375 0.833008 0.209961 0.083008
0 0.728516 0.584961 0.197266 0.092773
0 0.423828 0.426758 0.094727 0.209961
0 0.796875 0.225586 0.160156 0.092773
0 0.057617 0.832031 0.077148 0.304688
0 0.319336 0.213867 0.070312 0.075195
0 0.521484 0.865234 0.069336 0.047852
0 0.886719 0.951172 0.100586 0.097656
0 0.459961 0.973633 0.082031 0.052734
0 0.928711 0.55957 0.084961 0.080078
0 0.114258 0.463867 0.075195 0.084961
0 0.204102 0.855469 0.03418 0.102539
0 0.563477 0.975586 0.042969 0.047852
0 0.947266 0.884766 0.105469 0.105469
0 0.842773 0.863281 0.102539 0.052734
