0 0.15918 0.227539 0.080078 0.081055
0 0.865234 0.073242 0.112305 0.126953
0 0.510742 0.363281 0.056641 0.046875
0 0.829102 0.59082 0.088867 0.083008
0 0.713867 0.1875 0.084961 0.077148
0 0.59375 0.324219 0.075195 0.084961
0 0.09668 0.81543 0.100586 0.102539
0 0.053711 0.788086 0.0625 0.047852
0 0.638672 0.054688 0.120117 0.105469
0 0.685547 0.476562 0.070312 0.067383
0 0.696289 0.914062 0.094727 0.084961
0 0.770508 0.048828 0.097656 0.084961
0 0.739258 0.847656 0.070312 0.083008
0 0.614258 0.697266 0.104492 0.098633
0 0.685547 0.744141 0.051758 0.048828
0 0.308594 0.030273 0.094727 0.060547
0 0.789062 0.726562 0.05957 0.037109
0 0.711914 0.679688 0.050781 0.040039
