0 0.436523 0.728516 0.129883 0.107422
0 0.329102 0.129883 0.09668 0.110352
0 0.349609 0.455078 0.100586 0.083008
0 0.740234 0.552734 0.075195 0.067383
0 0.891602 0.238281 0.09082 0.091797
0 0.916992 0.163086 0.099609 0.068359
0 0.942383 0.714844 0.115234 0.147461
0 0.634766 0.797852 0.097656 0.094727
0 0.033203 0.155273 0.066406 0.085938
0 0.936523 0.503906 0.108398 0.100586
0 0.117188 0.106445 0.107422 0.111328
0 0.296875 0.625 0.070312 0.067383
0 0.742188 0.06543 0.073242 0.106445
0 0.77832 0.214844 0.070312 0.082031
0 0.330078 0.839844 0.099609 0.068359
0 0.334961 0.522461 0.097656 0.099609
