0 0.094727 0.222656 0.055664 0.058594
0 0.140625 0.230469 0.0625 0.061523
0 0.150391 0.330078 0.063477 0.057617
0 0.142578 0.386719 0.050781 0.053711
0 0.196289 0.417969 0.095703 0.047852
0 0.282227 0.420898 0.068359 0.074219
0 0.165039 0.522461 0.069336 0.068359
0 0.353516 0.509766 0.0625 0.086914
0 0.335938 0.583008 0.060547 0.078125
0 0.410156 0.584961 0.077148 0.080078
0 0.192383 0.636719 0.052734 0.087891
0 0.232422 0.706055 0.057617 0.053711
0 0.170898 0.710938 0.057617 0.057617
0 0.104492 0.714844 0.060547 0.050781
0 0.129883 0.748047 0.056641 0.05957
0 0.097656 0.853516 0.067383 0.058594
0 0.111328 0.927734 0.043945 0.071289
0 0.186523 0.852539 0.056641 0.048828
0 0.275391 0.826172 0.06543 0.075195
0 0.34375 0.834961 0.09375 0.056641
0 0.347656 0.741211 0.09082 0.057617
0 0.50293 0.739258 0.074219 0.054688
0 0.579102 0.71875 0.069336 0.060547
0 0.579102 0.767578 0.092773 0.069336
0 0.575195 0.888672 0.068359 0.078125
0 0.728516 0.905273 0.063477 0.05957
0 0.686523 0.858398 0.064453 0.080078
0 0.818359 0.851562 0.068359 0.072266
0 0.871094 0.982422 0.066406 0.035156
0 0.256836 0.165039 0.054688 0.057617
0 0.389648 0.131836 0.0625 0.061523
0 0.383789 0.201172 0.056641 0.077148
0 0.419922 0.186523 0.056641 0.071289
0 0.954102 0.938477 0.09082 0.069336
0 0.948242 0.794922 0.057617 0.060547
0 0.895508 0.780273 0.047852 0.05957
0 0.918945 0.847656 0.071289 0.079102
0 0.724609 0.705078 0.077148 0.066406
0 0.829102 0.712891 0.058594 0.060547
0 0.541992 0.594727 0.063477 0.075195
0 0.636719 0.549805 0.074219 0.092773
0 0.679688 0.522461 0.076172 0.066406
0 0.609375 0.429688 0.097656 0.072266
0 0.666016 0.460938 0.056641 0.0625
0 0.580078 0.345703 0.082031 0.070312
0 0.694336 0.323242 0.069336 0.061523
0 0.783203 0.400391 0.089844 0.045898
0 0.841797 0.302734 0.088867 0.075195
0 0.893555 0.451172 0.068359 0.060547
0 0.65918 0.25 0.078125 0.070312
0 0.592773 0.226562 0.125977 0.100586
0 0.972656 0.509766 0.053711 0.085938
0 0.816406 0.581055 0.06543 0.113281
0 0.813477 0.526367 0.056641 0.045898
0 0.961914 0.599609 0.067383 0.079102
0 0.869141 0.679688 0.091797 0.071289
0 0.923828 0.688477 0.072266 0.091797
0 0.982422 0.669922 0.035156 0.070312
0 0.862305 0.361328 0.057617 0.055664
0 0.876953 0.419922 0.057617 0.049805
0 0.19043 0.629883 0.105469 0.067383
