0 0.114258 0.114258 0.06543 0.112305
0 0.28125 0.173828 0.075195 0.091797
0 0.064453 0.25 0.086914 0.077148
0 0.191406 0.271484 0.080078 0.049805
0 0.223633 0.314453 0.081055 0.053711
0 0.344727 0.307617 0.098633 0.089844
0 0.074219 0.720703 0.072266 0.057617
0 0.143555 0.65918 0.085938 0.097656
0 0.244141 0.577148 0.125 0.05957
0 0.248047 0.636719 0.158203 0.087891
0 0.365234 0.59375 0.149414 0.163086
0 0.402344 0.739258 0.085938 0.071289
0 0.349609 0.707031 0.06543 0.088867
0 0.566406 0.675781 0.115234 0.103516
0 0.396484 0.804688 0.260742 0.085938
0 0.356445 0.915039 0.101562 0.168945
0 0.146484 0.942383 0.075195 0.115234
0 0.501953 0.944336 0.125 0.074219
0 0.899414 0.938477 0.19043 0.123047
0 0.930664 0.915039 0.068359 0.169922
0 0.959961 0.477539 0.080078 0.078125
0 0.761719 0.672852 0.091797 0.075195
0 0.754883 0.600586 0.129883 0.169922
0 0.693359 0.560547 0.145508 0.0625
0 0.84375 0.552734 0.080078 0.06543
0 0.788086 0.483398 0.070312 0.084961
0 0.821289 0.399414 0.086914 0.145508
0 0.713867 0.419922 0.079102 0.144531
0 0.626953 0.404297 0.152344 0.097656
0 0.961914 0.264648 0.076172 0.060547
0 0.850586 0.196289 0.089844 0.054688
0 0.674805 0.25293 0.075195 0.078125
0 0.607422 0.172852 0.098633 0.084961
0 0.709961 0.107422 0.165039 0.21582
