0 0.982422 0.198242 0.03418 0.086914
0 0.78125 0.092773 0.091797 0.080078
0 0.072266 0.396484 0.092773 0.046875
0 0.953125 0.501953 0.088867 0.061523
0 0.494141 0.158203 0.079102 0.060547
0 0.206055 0.738281 0.081055 0.066406
0 0.22168 0.237305 0.076172 0.0625
0 0.473633 0.427734 0.111328 0.080078
0 0.989258 0.920898 0.020508 0.044922
0 0.614844 0.836426 0.084082 0.049609
0 0.316406 0.219727 0.098633 0.080078
0 0.423828 0.28418 0.086914 0.063477
0 0.214844 0.485352 0.083984 0.060547
0 0.640625 0.197266 0.073242 0.073242
0 0.446289 0.773438 0.088867 0.056641
0 0.405273 0.540039 0.120117 0.055664
0 0.991211 0.304688 0.016602 0.052734
0 0.901367 0.28125 0.072266 0.054688
0 0.469727 0.94043 0.070312 0.040039
0 0.083984 0.495117 0.070312 0.045898
0 0.754883 0.552734 0.099609 0.040039
0 0.145508 0.107422 0.114258 0.047852
0 0.37793 0.727539 0.113281 0.042969
0 0.980469 0.633789 0.039062 0.039062
0 0.026367 0.446289 0.052734 0.037109
0 0.637695 0.117188 0.119141 0.131836
0 0.939453 0.115234 0.074219 0.032227
0 0.750977 0.519531 0.102539 0.040039
0 0.8125 0.038086 0.077148 0.073242
0 0.154297 0.621094 0.102539 0.036133
0 0.703125 0.960938 0.077148 0.072266
0 0.082031 0.239258 0.085938 0.040039
0 0.763672 0.919922 0.064453 0.036133
0 0.766602 0.583984 0.073242 0.047852
0 0.094727 0.902344 0.135742 0.068359
0 0.484375 0.341797 0.136719 0.057617
0 0.308594 0.65625 0.080078 0.025391
0 0.944336 0.456055 0.070312 0.09082
0 0.071289 0.026367 0.089844 0.053711
0 0.547852 0.976562 0.087891 0.026367
0 0.322266 0.038086 0.108398 0.045898
0 0.426758 0.325195 0.142578 0.072266
0 0.044922 0.326172 0.087891 0.036133
0 0.02832 0.081055 0.053711 0.021484
0 0.750977 0.683594 0.067383 0.03125
0 0.856445 0.499023 0.092773 0.049805
0 0.25293 0.942383 0.107422 0.046875
0 0.189453 0.155273 0.084961 0.042969
0 0.477539 0.862305 0.074219 0.027344
0 0.988281 0.799805 0.023438 0.016602
0 0.735352 0.398438 0.102539 0.044922
0 0.043945 0.589844 0.078125 0.042969
0 0.991211 0.552734 0.017578 0.040039
0 0.487305 0.041016 0.061523 0.03418
0 0.126953 0.972656 0.132812 0.040039
0 0.254883 0.051758 0.09375 0.038086
0 0.295898 0.083984 0.081055 0.033203
0 0.93457 0.644531 0.073242 0.045898
0 0.354492 0.013672 0.051758 0.027344
0 0.107422 0.018555 0.101562 0.037109
0 0.491211 0.051758 0.068359 0.037109
0 0.397461 0.551758 0.085938 0.057617
0 0.435547 0.702148 0.044922 0.019531
0 0.480469 0.893555 0.142578 0.042969
0 0.510742 0.883789 0.106445 0.03125
0 0.835938 0.921875 0.092773 0.050781
