0 0.047852 0.341797 0.071289 0.154297
0 0.246094 0.410156 0.085938 0.115234
0 0.319336 0.269531 0.078125 0.088867
0 0.172852 0.069336 0.074219 0.136719
0 0.422852 0.050781 0.129883 0.101562
0 0.011719 0.518555 0.024414 0.075195
0 0.089844 0.585938 0.116211 0.080078
0 0.125977 0.509766 0.078125 0.064453
0 0.205078 0.591797 0.054688 0.06543
0 0.356445 0.605469 0.105469 0.142578
0 0.511719 0.575195 0.09082 0.060547
0 0.510742 0.722656 0.131836 0.0625
0 0.091797 0.9375 0.116211 0.048828
0 0.182617 0.817383 0.077148 0.081055
0 0.297852 0.841797 0.066406 0.089844
0 0.019531 0.880859 0.039062 0.155273
0 0.84375 0.986328 0.066406 0.026367
0 0.902344 0.858398 0.073242 0.152344
0 0.985352 0.688477 0.029297 0.111328
0 0.958984 0.692383 0.063477 0.091797
0 0.977539 0.8125 0.043945 0.149414
0 0.852539 0.568359 0.091797 0.106445
0 0.811523 0.449219 0.069336 0.06543
0 0.675781 0.494141 0.088867 0.070312
0 0.545898 0.488281 0.099609 0.086914
0 0.560547 0.358398 0.092773 0.160156
0 0.660156 0.246094 0.077148 0.195312
0 0.657227 0.227539 0.064453 0.089844
0 0.725586 0.214844 0.082031 0.115234
0 0.74707 0.142578 0.09668 0.12207
0 0.930664 0.367188 0.110352 0.079102
0 0.888672 0.087891 0.110352 0.133789
0 0.990234 0.092773 0.019531 0.113281
0 0.246094 0.017578 0.072266 0.035156
