0 0.182617 0.361328 0.084961 0.069336
0 0.392578 0.431641 0.111328 0.069336
0 0.566406 0.410156 0.075195 0.053711
0 0.802734 0.40625 0.098633 0.078125
0 0.90918 0.429688 0.075195 0.072266
0 0.864258 0.239258 0.125977 0.069336
0 0.709961 0.318359 0.06543 0.075195
0 0.665039 0.438477 0.067383 0.058594
0 0.736328 0.548828 0.094727 0.082031
0 0.729492 0.469727 0.118164 0.109375
0 0.799805 0.607422 0.141602 0.094727
0 0.644531 0.697266 0.105469 0.074219
0 0.700195 0.816406 0.087891 0.058594
0 0.902344 0.926758 0.118164 0.085938
0 0.556641 0.696289 0.061523 0.086914
0 0.602539 0.605469 0.061523 0.060547
0 0.492188 0.553711 0.079102 0.086914
0 0.429688 0.626953 0.073242 0.066406
0 0.424805 0.697266 0.074219 0.058594
0 0.299805 0.683594 0.070312 0.053711
0 0.350586 0.75293 0.074219 0.092773
0 0.514648 0.789062 0.101562 0.076172
0 0.616211 0.818359 0.072266 0.063477
0 0.640625 0.891602 0.073242 0.071289
0 0.568359 0.936523 0.079102 0.049805
0 0.907227 0.677734 0.080078 0.072266
0 0.333984 0.967773 0.09082 0.063477
0 0.291992 0.912109 0.102539 0.072266
0 0.240234 0.841797 0.089844 0.071289
0 0.092773 0.499023 0.060547 0.071289
0 0.142578 0.505859 0.076172 0.081055
0 0.22168 0.524414 0.050781 0.067383
0 0.077148 0.558594 0.071289 0.054688
0 0.055664 0.597656 0.078125 0.058594
0 0.103516 0.413086 0.074219 0.071289
0 0.15625 0.183594 0.086914 0.063477
0 0.066406 0.024414 0.075195 0.048828
0 0.414062 0.069336 0.078125 0.073242
0 0.419922 0.256836 0.072266 0.055664
0 0.506836 0.198242 0.129883 0.052734
0 0.476562 0.116211 0.076172 0.079102
0 0.661133 0.023438 0.134766 0.046875
0 0.966797 0.140625 0.06543 0.072266
0 0.798828 0.182617 0.082031 0.064453
0 0.482422 0.899414 0.0625 0.060547
0 0.053711 0.34668 0.06543 0.052734
0 0.290039 0.818359 0.040039 0.058594
0 0.063477 0.680664 0.078125 0.063477
