0 0.392578 0.042969 0.068359 0.085938
0 0.46875 0.056641 0.05957 0.058594
0 0.56543 0.177734 0.06543 0.070312
0 0.301758 0.293945 0.09668 0.104492
0 0.148438 0.356445 0.066406 0.103516
0 0.447266 0.330078 0.098633 0.101562
0 0.492188 0.373047 0.069336 0.094727
0 0.443359 0.467773 0.125 0.060547
0 0.121094 0.579102 0.101562 0.063477
0 0.333008 0.632812 0.098633 0.071289
0 0.445312 0.547852 0.06543 0.0625
0 0.482422 0.612305 0.130859 0.066406
0 0.106445 0.75293 0.070312 0.082031
0 0.257812 0.822266 0.101562 0.083008
0 0.336914 0.951172 0.197266 0.063477
0 0.560547 0.970703 0.068359 0.058594
0 0.616211 0.954102 0.075195 0.091797
0 0.679688 0.975586 0.060547 0.048828
0 0.71875 0.849609 0.081055 0.091797
0 0.504883 0.756836 0.060547 0.067383
0 0.605469 0.75 0.056641 0.069336
0 0.739258 0.15332 0.074219 0.075195
0 0.582031 0.019531 0.05957 0.040039
0 0.972656 0.088867 0.052734 0.075195
0 0.942383 0.244141 0.110352 0.107422
0 0.863281 0.332031 0.068359 0.073242
0 0.818359 0.399414 0.067383 0.092773
0 0.946289 0.600586 0.106445 0.081055
0 0.800781 0.696289 0.067383 0.069336
0 0.898438 0.96582 0.0625 0.068359
0 0.818359 0.973633 0.060547 0.052734
0 0.077148 0.570312 0.099609 0.067383
0 0.030273 0.911133 0.054688 0.121094
0 0.306641 0.208008 0.083984 0.077148
0 0.797852 0.198242 0.046875 0.0625
