0 0.164062 0.12793 0.085938 0.087891
0 0.120117 0.116211 0.050781 0.079102
0 0.088867 0.083008 0.040039 0.067383
0 0.243164 0.172852 0.067383 0.0625
0 0.231445 0.214844 0.144531 0.076172
0 0.356445 0.224609 0.086914 0.051758
0 0.310547 0.275391 0.055664 0.056641
0 0.366211 0.288086 0.060547 0.064453
0 0.323242 0.358398 0.086914 0.041016
0 0.410156 0.324219 0.070312 0.074219
0 0.488281 0.261719 0.05957 0.064453
0 0.480469 0.201172 0.051758 0.050781
0 0.606445 0.178711 0.109375 0.058594
0 0.667969 0.296875 0.084961 0.068359
0 0.780273 0.177734 0.066406 0.080078
0 0.746094 0.108398 0.09082 0.071289
0 0.694336 0.057617 0.076172 0.064453
0 0.638672 0.09082 0.080078 0.088867
0 0.786133 0.293945 0.068359 0.076172
0 0.828125 0.347656 0.089844 0.067383
0 0.732422 0.319336 0.05957 0.043945
0 0.689453 0.352539 0.072266 0.058594
0 0.477539 0.046875 0.074219 0.051758
0 0.459961 0.089844 0.069336 0.050781
0 0.462891 0.151367 0.071289 0.061523
0 0.695312 0.977539 0.077148 0.041992
0 0.051758 0.047852 0.097656 0.050781
0 0.106445 0.266602 0.071289 0.061523
0 0.056641 0.339844 0.068359 0.0625
0 0.139648 0.317383 0.114258 0.056641
0 0.228516 0.429688 0.06543 0.102539
0 0.362305 0.429688 0.069336 0.049805
0 0.404297 0.530273 0.064453 0.083008
0 0.333008 0.651367 0.060547 0.0625
0 0.138672 0.495117 0.073242 0.042969
0 0.180664 0.455078 0.043945 0.058594
0 0.109375 0.543945 0.072266 0.094727
0 0.03418 0.580078 0.069336 0.125
0 0.05957 0.668945 0.078125 0.046875
0 0.121094 0.65332 0.068359 0.078125
0 0.311523 0.712891 0.132812 0.040039
0 0.444336 0.641602 0.045898 0.06543
0 0.495117 0.642578 0.051758 0.054688
0 0.609375 0.634766 0.064453 0.078125
0 0.717773 0.608398 0.057617 0.06543
0 0.833008 0.65332 0.060547 0.043945
0 0.931641 0.499023 0.053711 0.108398
0 0.986328 0.456055 0.027344 0.103516
0 0.963867 0.328125 0.061523 0.079102
0 0.879883 0.484375 0.160156 0.176758
0 0.96875 0.169922 0.0625 0.068359
0 0.9375 0.137695 0.079102 0.080078
0 0.939453 0.081055 0.055664 0.054688
0 0.882812 0.061523 0.052734 0.094727
0 0.972656 0.019531 0.054688 0.040039
0 0.878906 0.724609 0.082031 0.054688
0 0.77832 0.65625 0.046875 0.073242
0 0.814453 0.716797 0.053711 0.054688
0 0.874023 0.766602 0.077148 0.042969
0 0.790039 0.774414 0.073242 0.048828
0 0.951172 0.862305 0.095703 0.069336
0 0.961914 0.90625 0.076172 0.061523
0 0.865234 0.920898 0.076172 0.103516
0 0.889648 0.881836 0.051758 0.081055
0 0.922852 0.963867 0.079102 0.055664
0 0.708984 0.899414 0.129883 0.060547
0 0.794922 0.961914 0.087891 0.0625
0 0.666016 0.950195 0.083984 0.047852
0 0.554688 0.870117 0.045898 0.056641
0 0.634766 0.724609 0.078125 0.081055
0 0.380859 0.882812 0.089844 0.069336
0 0.327148 0.791992 0.06543 0.074219
0 0.392578 0.806641 0.073242 0.043945
0 0.386719 0.761719 0.074219 0.049805
0 0.196289 0.898438 0.080078 0.054688
0 0.017578 0.797852 0.036133 0.046875
0 0.624023 0.423828 0.053711 0.058594
0 0.354492 0.101562 0.054688 0.078125
0 0.536133 0.369141 0.075195 0.02832
0 0.279297 0.036133 0.038086 0.037109
0 0.283203 0.15918 0.050781 0.050781
0 0.124023 0.40625 0.046875 0.039062
0 0.112305 0.704102 0.038086 0.030273
0 0.560547 0.03125 0.056641 0.041992
0 0.584961 0.880859 0.052734 0.041016
