0 0.118164 0.249023 0.107422 0.12207
0 0.040039 0.368164 0.080078 0.109375
0 0.03125 0.091797 0.0625 0.061523
0 0.077148 0.056641 0.055664 0.114258
0 0.579102 0.045898 0.110352 0.091797
0 0.652344 0.074219 0.066406 0.069336
0 0.952148 0.080078 0.079102 0.06543
0 0.59375 0.259766 0.083984 0.098633
0 0.273438 0.333008 0.073242 0.128906
0 0.320312 0.357422 0.071289 0.115234
0 0.101562 0.519531 0.129883 0.053711
0 0.212891 0.520508 0.075195 0.06543
0 0.265625 0.514648 0.081055 0.053711
0 0.40332 0.501953 0.095703 0.108398
0 0.035156 0.591797 0.071289 0.061523
0 0.074219 0.835938 0.128906 0.047852
0 0.213867 0.848633 0.108398 0.051758
0 0.310547 0.862305 0.061523 0.078125
0 0.276367 0.748047 0.067383 0.052734
0 0.380859 0.664062 0.068359 0.130859
0 0.459961 0.683594 0.077148 0.077148
0 0.637695 0.772461 0.130859 0.081055
0 0.408203 0.776367 0.101562 0.067383
0 0.452148 0.811523 0.064453 0.078125
0 0.529297 0.810547 0.084961 0.063477
0 0.383789 0.895508 0.083008 0.070312
0 0.324219 0.954102 0.081055 0.056641
0 0.15625 0.908203 0.09668 0.085938
0 0.582031 0.952148 0.104492 0.073242
0 0.786133 0.830078 0.077148 0.091797
0 0.820312 0.582031 0.108398 0.06543
0 0.879883 0.419922 0.072266 0.109375
0 0.801758 0.365234 0.054688 0.143555
0 0.754883 0.381836 0.05957 0.105469
0 0.905273 0.293945 0.044922 0.131836
0 0.911133 0.944336 0.152344 0.111328
0 0.5 0.017578 0.050781 0.035156
0 0.645508 0.707031 0.089844 0.049805
0 0.482422 0.598633 0.0625 0.055664
0 0.734375 0.902344 0.054688 0.09668
0 0.141602 0.043945 0.092773 0.088867
0 0.147461 0.033203 0.080078 0.064453
0 0.152344 0.506836 0.047852 0.03418
0 0.143555 0.808594 0.105469 0.05957
0 0.453125 0.730469 0.071289 0.063477
0 0.385742 0.537109 0.072266 0.052734
0 0.854492 0.037109 0.033203 0.054688
0 0.875 0.807617 0.110352 0.069336
