0 0.163086 0.337891 0.083984 0.058594
0 0.089844 0.394531 0.056641 0.067383
0 0.180664 0.394531 0.112305 0.072266
0 0.223633 0.457031 0.091797 0.051758
0 0.232422 0.209961 0.088867 0.099609
0 0.072266 0.126953 0.084961 0.067383
0 0.133789 0.088867 0.083984 0.071289
0 0.238281 0.079102 0.09668 0.0625
0 0.074219 0.709961 0.068359 0.091797
0 0.21582 0.676758 0.086914 0.125
0 0.208008 0.834961 0.076172 0.131836
0 0.212891 0.950195 0.06543 0.095703
0 0.148438 0.845703 0.075195 0.048828
0 0.420898 0.791992 0.085938 0.076172
0 0.606445 0.893555 0.049805 0.052734
0 0.751953 0.864258 0.085938 0.069336
0 0.683594 0.939453 0.075195 0.09082
0 0.933594 0.907227 0.09375 0.110352
0 0.956055 0.783203 0.060547 0.080078
0 0.966797 0.674805 0.066406 0.086914
0 0.96582 0.326172 0.068359 0.110352
0 0.884766 0.283203 0.121094 0.088867
0 0.012695 0.896484 0.026367 0.064453
0 0.061523 0.981445 0.064453 0.036133
0 0.326172 0.914062 0.087891 0.098633
0 0.335938 0.793945 0.058594 0.076172
0 0.960938 0.155273 0.077148 0.106445
0 0.817383 0.054688 0.117188 0.110352
0 0.013672 0.026367 0.027344 0.052734
0 0.147461 0.552734 0.068359 0.075195
0 0.542969 0.500977 0.045898 0.063477
0 0.808594 0.679688 0.067383 0.054688
0 0.796875 0.397461 0.060547 0.043945
