0 0.931641 0.1875 0.081055 0.100586
0 0.074219 0.249023 0.088867 0.05957
0 0.31543 0.772461 0.074219 0.068359
0 0.946289 0.255859 0.101562 0.058594
0 0.920898 0.586914 0.118164 0.091797
0 0.287109 0.833008 0.115234 0.05957
0 0.694336 0.227539 0.088867 0.067383
0 0.338867 0.197266 0.069336 0.05957
0 0.490234 0.046875 0.086914 0.046875
0 0.839844 0.175781 0.107422 0.05957
0 0.5 0.727539 0.053711 0.067383
0 0.146484 0.052734 0.104492 0.044922
0 0.075195 0.674805 0.080078 0.033203
0 0.301758 0.413086 0.131836 0.052734
0 0.368164 0.601562 0.091797 0.047852
0 0.738281 0.87793 0.128906 0.052734
0 0.142578 0.24707 0.117188 0.047852
0 0.632812 0.205078 0.087891 0.072266
0 0.070312 0.581055 0.094727 0.035156
0 0.072266 0.638672 0.097656 0.036133
0 0.871094 0.592773 0.067383 0.061523
0 0.232422 0.558594 0.045898 0.058594
0 0.600586 0.085938 0.069336 0.029297
0 0.59668 0.648438 0.056641 0.029297
0 0.344727 0.084961 0.057617 0.043945
0 0.983398 0.691406 0.032227 0.061523
0 0.680664 0.267578 0.074219 0.089844
0 0.291992 0.011719 0.105469 0.023438
0 0.210938 0.290039 0.12793 0.033203
0 0.813477 0.397461 0.0625 0.039062
0 0.645215 0.692188 0.101758 0.044727
0 0.881836 0.902344 0.181641 0.044922
0 0.827148 0.335938 0.111328 0.058594
0 0.007812 0.749023 0.016602 0.023438
0 0.388672 0.344727 0.023438 0.064453
0 0.205078 0.801758 0.100586 0.039062
0 0.255859 0.607422 0.071289 0.023438
0 0.537109 0.711914 0.054688 0.02832
0 0.557617 0.932617 0.136719 0.039062
0 0.742188 0.643555 0.02832 0.058594
0 0.414062 0.336914 0.081055 0.042969
0 0.4375 0.264648 0.078125 0.053711
0 0.46582 0.124023 0.076172 0.032227
0 0.367188 0.039062 0.069336 0.032227
0 0.043945 0.605469 0.083984 0.030273
0 0.97168 0.035156 0.054688 0.036133
0 0.223633 0.323242 0.045898 0.037109
0 0.800781 0.540039 0.06543 0.019531
0 0.805664 0.686523 0.063477 0.038086
0 0.902344 0.72168 0.042969 0.019531
0 0.188477 0.523438 0.055664 0.052734
0 0.430664 0.664062 0.09375 0.02832
0 0.169922 0.823242 0.040039 0.047852
0 0.897461 0.051758 0.094727 0.049805
0 0.022461 0.541992 0.045898 0.029297
0 0.973633 0.972656 0.048828 0.037109
0 0.671191 0.635449 0.086914 0.037109
0 0.732422 0.738281 0.060547 0.043945
0 0.362305 0.65918 0.085938 0.045898
0 0.879883 0.981445 0.071289 0.033203
0 0.501953 0.302734 0.15332 0.061523
0 0.608398 0.626953 0.041016 0.026367
0 0.426758 0.501953 0.048828 0.032227
0 0.476562 0.546875 0.053711 0.044922
0 0.021484 0.416016 0.042969 0.040039
