0 0.050781 0.943359 0.079102 0.099609
0 0.072266 0.823242 0.109375 0.097656
0 0.125 0.77832 0.070312 0.074219
0 0.15918 0.732422 0.069336 0.054688
0 0.25293 0.761719 0.066406 0.069336
0 0.260742 0.695312 0.063477 0.050781
0 0.401367 0.673828 0.067383 0.064453
0 0.442383 0.78418 0.067383 0.068359
0 0.305664 0.891602 0.05957 0.056641
0 0.456055 0.660156 0.069336 0.083984
0 0.313477 0.979492 0.088867 0.041016
0 0.489258 0.859375 0.041992 0.066406
0 0.452148 0.975586 0.072266 0.048828
0 0.058594 0.601562 0.081055 0.092773
0 0.016602 0.617188 0.033203 0.051758
0 0.039062 0.519531 0.077148 0.074219
0 0.175781 0.53418 0.06543 0.071289
0 0.125 0.496094 0.058594 0.066406
0 0.177734 0.475586 0.072266 0.056641
0 0.25293 0.473633 0.073242 0.085938
0 0.036133 0.439453 0.069336 0.072266
0 0.041992 0.02832 0.076172 0.053711
0 0.088867 0.066406 0.066406 0.056641
0 0.285156 0.067383 0.083008 0.105469
0 0.381836 0.125977 0.063477 0.053711
0 0.210938 0.176758 0.101562 0.0625
0 0.485352 0.216797 0.069336 0.069336
0 0.383789 0.328125 0.083008 0.120117
0 0.204102 0.332031 0.076172 0.088867
0 0.37207 0.484375 0.067383 0.073242
0 0.433594 0.44043 0.051758 0.063477
0 0.480469 0.444336 0.056641 0.129883
0 0.321289 0.581055 0.046875 0.054688
0 0.389648 0.563477 0.091797 0.097656
0 0.456055 0.547852 0.053711 0.074219
0 0.561523 0.077148 0.054688 0.057617
0 0.595703 0.126953 0.0625 0.056641
0 0.638672 0.067383 0.077148 0.060547
0 0.724609 0.105469 0.047852 0.089844
0 0.774414 0.129883 0.071289 0.098633
0 0.879883 0.100586 0.081055 0.082031
0 0.870117 0.173828 0.068359 0.063477
0 0.916016 0.207031 0.046875 0.066406
0 0.708984 0.268555 0.050781 0.060547
0 0.703125 0.360352 0.063477 0.06543
0 0.775391 0.370117 0.068359 0.115234
0 0.904297 0.345703 0.068359 0.121094
0 0.924805 0.291992 0.058594 0.088867
0 0.938477 0.44043 0.06543 0.071289
0 0.927734 0.506836 0.051758 0.056641
0 0.844727 0.516602 0.079102 0.071289
0 0.668945 0.516602 0.052734 0.058594
0 0.582031 0.520508 0.091797 0.073242
0 0.547852 0.547852 0.054688 0.05957
0 0.986328 0.746094 0.026367 0.075195
0 0.826172 0.72168 0.071289 0.060547
0 0.904297 0.739258 0.09375 0.05957
0 0.598633 0.779297 0.072266 0.076172
0 0.81543 0.96582 0.128906 0.061523
0 0.722656 0.970703 0.080078 0.057617
0 0.682617 0.65918 0.058594 0.064453
0 0.322266 0.796875 0.046875 0.063477
0 0.308594 0.952148 0.079102 0.058594
0 0.859375 0.664062 0.061523 0.051758
0 0.931641 0.625977 0.048828 0.05957
0 0.853516 0.345703 0.057617 0.09082
0 0.633789 0.532227 0.049805 0.047852
