0 0.356445 0.108398 0.101562 0.073242
0 0.450195 0.092773 0.067383 0.049805
0 0.652344 0.020508 0.097656 0.041992
0 0.696289 0.071289 0.079102 0.067383
0 0.986328 0.230469 0.027344 0.071289
0 0.793945 0.426758 0.098633 0.079102
0 0.583984 0.3125 0.088867 0.073242
0 0.488281 0.270508 0.095703 0.06543
0 0.27832 0.194336 0.107422 0.079102
0 0.116211 0.25293 0.073242 0.061523
0 0.03125 0.266602 0.063477 0.077148
0 0.173828 0.333984 0.097656 0.081055
0 0.199219 0.404297 0.087891 0.072266
0 0.34668 0.446289 0.097656 0.055664
0 0.595703 0.573242 0.111328 0.079102
0 0.166992 0.655273 0.09082 0.066406
0 0.421875 0.751953 0.121094 0.071289
0 0.314453 0.782227 0.069336 0.06543
0 0.180664 0.78125 0.071289 0.085938
0 0.623047 0.729492 0.106445 0.073242
0 0.575195 0.631836 0.085938 0.073242
0 0.398438 0.515625 0.070312 0.055664
0 0.798828 0.602539 0.084961 0.078125
0 0.892578 0.508789 0.094727 0.081055
0 0.988281 0.483398 0.023438 0.057617
0 0.383789 0.892578 0.073242 0.071289
0 0.133789 0.948242 0.095703 0.083008
0 0.048828 0.967773 0.061523 0.050781
0 0.362305 0.96875 0.061523 0.061523
0 0.577148 0.832031 0.089844 0.115234
0 0.672852 0.90918 0.075195 0.111328
0 0.730469 0.765625 0.080078 0.063477
0 0.755859 0.708984 0.079102 0.057617
0 0.947266 0.931641 0.081055 0.053711
0 0.796875 0.953125 0.057617 0.049805
0 0.787109 0.141602 0.081055 0.069336
0 0.783203 0.071289 0.067383 0.063477
0 0.486328 0.883789 0.051758 0.061523
0 0.03418 0.112305 0.069336 0.049805
0 0.342773 0.327148 0.129883 0.115234
0 0.016602 0.553711 0.03418 0.060547
0 0.292969 0.629883 0.091797 0.088867
0 0.5625 0.978516 0.083008 0.041992
0 0.829102 0.722656 0.060547 0.061523
0 0.847656 0.663086 0.073242 0.054688
0 0.655273 0.34668 0.061523 0.061523
