0 0.524414 0.28125 0.084961 0.094727
0 0.256836 0.220703 0.166016 0.140625
0 0.386719 0.424805 0.099609 0.064453
0 0.342773 0.206055 0.09375 0.097656
0 0.979492 0.401367 0.040039 0.100586
0 0.462891 0.665039 0.091797 0.091797
0 0.898438 0.011719 0.100586 0.024414
0 0.339844 0.081055 0.046875 0.09375
0 0.927734 0.774414 0.144531 0.091797
0 0.3125 0.080078 0.060547 0.078125
0 0.605469 0.037109 0.120117 0.074219
0 0.172852 0.273438 0.129883 0.113281
0 0.897461 0.945312 0.115234 0.109375
0 0.279297 0.921875 0.170898 0.109375
0 0.913086 0.079102 0.110352 0.074219
0 0.980469 0.813477 0.039062 0.070312
0 0.814453 0.952148 0.068359 0.087891
0 0.186523 0.578125 0.145508 0.115234
0 0.228516 0.50293 0.174805 0.102539
0 0.300781 0.448242 0.130859 0.050781
0 0.28125 0.398438 0.092773 0.068359
0 0.34082 0.338867 0.082031 0.070312
0 0.286133 0.34082 0.06543 0.049805
0 0.661133 0.251953 0.067383 0.079102
0 0.585938 0.25 0.078125 0.09082
0 0.411133 0.129883 0.071289 0.066406
0 0.376953 0.057617 0.044922 0.076172
