0 0.652344 0.583984 0.132812 0.107422
0 0.485352 0.069336 0.166992 0.09375
0 0.069336 0.238281 0.139648 0.117188
0 0.320312 0.683594 0.108398 0.084961
0 0.904297 0.670898 0.120117 0.136719
0 0.839844 0.166016 0.1875 0.169922
0 0.045898 0.765625 0.091797 0.117188
0 0.587891 0.15332 0.172852 0.123047
0 0.18457 0.364258 0.102539 0.09082
0 0.504883 0.416016 0.138672 0.116211
0 0.310547 0.902344 0.102539 0.084961
0 0.623047 0.410156 0.129883 0.107422
0 0.359375 0.049805 0.115234 0.099609
0 0.149414 0.595703 0.129883 0.132812
0 0.382812 0.813477 0.12207 0.107422
0 0.135742 0.881836 0.091797 0.104492
0 0.810547 0.890625 0.117188 0.078125
0 0.240234 0.644531 0.09668 0.095703
0 0.240234 0.051758 0.092773 0.06543
0 0.841797 0.768555 0.086914 0.076172
