0 0.84668 0.137695 0.080078 0.144531
0 0.839844 0.296875 0.133789 0.113281
0 0.820312 0.325195 0.080078 0.061523
0 0.970703 0.388672 0.057617 0.105469
0 0.786133 0.032227 0.076172 0.064453
0 0.96582 0.032227 0.067383 0.06543
0 0.990234 0.023438 0.018555 0.047852
0 0.5625 0.053711 0.050781 0.108398
0 0.507812 0.015625 0.058594 0.032227
0 0.277344 0.080078 0.12793 0.161133
0 0.108398 0.056641 0.073242 0.113281
0 0.446289 0.128906 0.147461 0.121094
0 0.386719 0.048828 0.12793 0.097656
0 0.53418 0.231445 0.132812 0.085938
0 0.470703 0.248047 0.117188 0.074219
0 0.292969 0.216797 0.060547 0.073242
0 0.208984 0.162109 0.09668 0.083008
0 0.5625 0.370117 0.114258 0.094727
0 0.737305 0.451172 0.144531 0.067383
0 0.728516 0.564453 0.146484 0.145508
0 0.844727 0.548828 0.097656 0.140625
0 0.916992 0.496094 0.099609 0.120117
0 0.985352 0.506836 0.029297 0.087891
0 0.983398 0.828125 0.033203 0.110352
0 0.890625 0.789062 0.077148 0.075195
0 0.655273 0.801758 0.137695 0.095703
0 0.724609 0.833984 0.116211 0.158203
0 0.585938 0.685547 0.091797 0.074219
0 0.678711 0.657227 0.138672 0.141602
0 0.487305 0.630859 0.089844 0.108398
0 0.404297 0.483398 0.130859 0.15332
0 0.261719 0.445312 0.152344 0.130859
0 0.318359 0.647461 0.135742 0.053711
0 0.21582 0.702148 0.083984 0.041016
0 0.194336 0.782227 0.078125 0.077148
0 0.348633 0.829102 0.109375 0.097656
0 0.212891 0.878906 0.097656 0.137695
0 0.048828 0.963867 0.098633 0.072266
0 0.802734 0.959961 0.132812 0.080078
0 0.570312 0.945312 0.113281 0.061523
0 0.15625 0.485352 0.116211 0.175781
0 0.054688 0.521484 0.109375 0.085938
0 0.021484 0.425781 0.042969 0.082031
0 0.043945 0.386719 0.087891 0.09375
0 0.054688 0.270508 0.102539 0.135742
0 0.222656 0.311523 0.116211 0.097656
0 0.347656 0.363281 0.106445 0.057617
