0 0.5 0.648438 0.106445 0.087891
0 0.84668 0.619141 0.083008 0.058594
0 0.660156 0.71582 0.15625 0.097656
0 0.454102 0.759766 0.145508 0.087891
0 0.823242 0.399414 0.084961 0.069336
0 0.87207 0.829102 0.120117 0.094727
0 0.719727 0.644531 0.104492 0.082031
0 0.884766 0.998047 0.086914 0.003906
0 0.959961 0.756836 0.079102 0.081055
0 0.915039 0.257812 0.066406 0.068359
0 0.449219 0.839844 0.138672 0.06543
0 0.921875 0.577148 0.061523 0.05957
0 0.759766 0.410156 0.086914 0.078125
0 0.113281 0.822266 0.121094 0.099609
0 0.790039 0.560547 0.121094 0.071289
0 0.608398 0.266602 0.086914 0.086914
0 0.375977 0.911133 0.126953 0.081055
0 0.648438 0.063477 0.158203 0.070312
0 0.032227 0.023438 0.064453 0.047852
0 0.615234 0.649414 0.138672 0.083984
0 0.967773 0.897461 0.063477 0.114258
0 0.701172 0.493164 0.146484 0.081055
0 0.717773 0.891602 0.110352 0.094727
0 0.831055 0.947266 0.114258 0.105469
0 0.0625 0.416992 0.125977 0.095703
0 0.237305 0.761719 0.100586 0.056641
0 0.84668 0.469727 0.115234 0.064453
0 0.34082 0.12207 0.169922 0.087891
0 0.827148 0.259766 0.143555 0.086914
0 0.496094 0.083008 0.078125 0.072266
0 0.146484 0.75 0.105469 0.076172
0 0.014648 0.652344 0.030273 0.071289
0 0.078125 0.381836 0.068359 0.066406
0 0.71875 0.448242 0.155273 0.071289
0 0.606445 0.032227 0.110352 0.064453
0 0.551758 0.098633 0.107422 0.044922
0 0.039062 0.066406 0.079102 0.05957
0 0.717773 0.948242 0.06543 0.06543
0 0.6875 0.984375 0.047852 0.03125
0 0.020508 0.492188 0.041016 0.058594
