0 0.970703 0.230469 0.058594 0.098633
0 0.50293 0.520508 0.092773 0.12793
0 0.655273 0.198242 0.12207 0.097656
0 0.75293 0.910156 0.102539 0.067383
0 0.801758 0.604492 0.094727 0.060547
0 0.101562 0.359375 0.084961 0.179688
0 0.870117 0.676758 0.077148 0.075195
0 0.169922 0.570312 0.125 0.0625
0 0.649414 0.654297 0.064453 0.099609
0 0.246094 0.793945 0.107422 0.084961
0 0.633789 0.973633 0.075195 0.052734
0 0.829102 0.948242 0.080078 0.102539
0 0.589844 0.769531 0.089844 0.060547
0 0.825195 0.288086 0.077148 0.097656
0 0.825195 0.84082 0.073242 0.087891
0 0.331055 0.601562 0.097656 0.079102
0 0.614258 0.526367 0.094727 0.06543
0 0.663086 0.807617 0.072266 0.077148
0 0.646484 0.320312 0.110352 0.12793
0 0.722656 0.84082 0.057617 0.068359
0 0.119141 0.806641 0.055664 0.055664
0 0.399414 0.891602 0.060547 0.055664
0 0.462891 0.666992 0.067383 0.064453
0 0.640625 0.108398 0.102539 0.046875
0 0.323242 0.417969 0.126953 0.12793
0 0.322266 0.773438 0.080078 0.078125
0 0.501953 0.15332 0.179688 0.107422
0 0.751953 0.458984 0.154297 0.06543
0 0.318359 0.09668 0.078125 0.129883
0 0.614258 0.90918 0.054688 0.125
0 0.470703 0.341797 0.097656 0.155273
0 0.185547 0.649414 0.067383 0.095703
0 0.970703 0.694336 0.057617 0.070312
0 0.101562 0.885742 0.09082 0.072266
0 0.052734 0.139648 0.102539 0.140625
0 0.348633 0.333008 0.072266 0.067383
0 0.867188 0.158203 0.089844 0.117188
0 0.552734 0.327148 0.077148 0.089844
0 0.935547 0.899414 0.12207 0.075195
0 0.748047 0.243164 0.077148 0.091797
0 0.056641 0.040039 0.110352 0.077148
0 0.841797 0.484375 0.070312 0.060547
0 0.261719 0.419922 0.054688 0.067383
0 0.394531 0.297852 0.054688 0.083008
0 0.400391 0.051758 0.092773 0.080078
0 0.180664 0.043945 0.042969 0.084961
0 0.268555 0.118164 0.072266 0.102539
0 0.201172 0.355469 0.0625 0.0625
0 0.046875 0.095703 0.092773 0.102539
0 0.110352 0.03418 0.047852 0.06543
0 0.226562 0.02832 0.055664 0.052734
0 0.208008 0.058594 0.046875 0.052734
0 0.421875 0.118164 0.075195 0.162109
0 0.808594 0.02832 0.042969 0.056641
0 0.844727 0.095703 0.120117 0.191406
0 0.024414 0.40625 0.044922 0.094727
0 0.024414 0.333008 0.044922 0.077148
0 0.222656 0.480469 0.067383 0.067383
0 0.126953 0.523438 0.044922 0.037109
0 0.579102 0.275391 0.055664 0.131836
0 0.337891 0.654297 0.092773 0.040039
0 0.083008 0.80957 0.072266 0.074219
0 0.787109 0.573242 0.064453 0.037109
0 0.638672 0.80957 0.049805 0.095703
0 0.941406 0.849609 0.06543 0.060547
