0 0.875977 0.042969 0.107422 0.085938
0 0.671875 0.041992 0.088867 0.084961
0 0.364258 0.015625 0.212891 0.032227
0 0.418945 0.055664 0.068359 0.112305
0 0.292969 0.083984 0.068359 0.070312
0 0.551758 0.401367 0.112305 0.128906
0 0.483398 0.530273 0.054688 0.068359
0 0.271484 0.530273 0.124023 0.076172
0 0.402344 0.418945 0.103516 0.120117
0 0.28125 0.418945 0.071289 0.05957
0 0.15918 0.361328 0.085938 0.052734
0 0.043945 0.320312 0.087891 0.206055
0 0.020508 0.594727 0.041992 0.095703
0 0.048828 0.474609 0.098633 0.046875
0 0.068359 0.578125 0.063477 0.072266
0 0.148438 0.6875 0.092773 0.158203
0 0.261719 0.727539 0.106445 0.101562
0 0.354492 0.580078 0.154297 0.140625
0 0.539062 0.607422 0.193359 0.074219
0 0.685547 0.540039 0.113281 0.151367
0 0.707031 0.698242 0.078125 0.206055
0 0.911133 0.433594 0.0625 0.074219
0 0.984375 0.570312 0.030273 0.119141
0 0.979492 0.736328 0.041016 0.142578
0 0.900391 0.821289 0.086914 0.143555
0 0.787109 0.808594 0.083008 0.179688
0 0.521484 0.857422 0.110352 0.258789
0 0.545898 0.806641 0.069336 0.248047
0 0.317383 0.942383 0.119141 0.088867
0 0.239258 0.970703 0.111328 0.054688
0 0.120117 0.944336 0.115234 0.0625
0 0.983398 0.929688 0.032227 0.064453
0 0.859375 0.983398 0.208984 0.032227
