0 0.974609 0.28418 0.050781 0.079102
0 0.891602 0.19043 0.068359 0.075195
0 0.970703 0.131836 0.057617 0.063477
0 0.801758 0.017578 0.083984 0.036133
0 0.96875 0.501953 0.043945 0.080078
0 0.987305 0.524414 0.025391 0.083008
0 0.860352 0.542969 0.09375 0.063477
0 0.831055 0.426758 0.075195 0.056641
0 0.683594 0.453125 0.052734 0.055664
0 0.683594 0.510742 0.056641 0.058594
0 0.767578 0.544922 0.053711 0.083984
0 0.683594 0.615234 0.069336 0.0625
0 0.827148 0.692383 0.081055 0.05957
0 0.453125 0.53418 0.053711 0.044922
0 0.577148 0.522461 0.068359 0.076172
0 0.569336 0.4375 0.06543 0.072266
0 0.493164 0.432617 0.080078 0.081055
0 0.458984 0.478516 0.066406 0.050781
0 0.65332 0.235352 0.055664 0.046875
0 0.441406 0.217773 0.066406 0.050781
0 0.270508 0.142578 0.072266 0.050781
0 0.133789 0.087891 0.049805 0.050781
0 0.166992 0.301758 0.064453 0.06543
0 0.638672 0.027344 0.051758 0.054688
0 0.425781 0.03125 0.054688 0.0625
0 0.523438 0.137695 0.078125 0.092773
0 0.581055 0.19043 0.041016 0.084961
0 0.884766 0.788086 0.069336 0.072266
0 0.84082 0.870117 0.097656 0.077148
0 0.736328 0.847656 0.067383 0.076172
0 0.694336 0.827148 0.076172 0.049805
0 0.709961 0.766602 0.079102 0.054688
0 0.620117 0.770508 0.102539 0.104492
0 0.574219 0.827148 0.084961 0.057617
0 0.388672 0.716797 0.057617 0.077148
0 0.457031 0.731445 0.068359 0.06543
0 0.24707 0.706055 0.074219 0.070312
0 0.316406 0.729492 0.063477 0.051758
0 0.228516 0.910156 0.095703 0.113281
0 0.097656 0.949219 0.088867 0.058594
0 0.72168 0.970703 0.071289 0.058594
0 0.081055 0.566406 0.079102 0.041016
0 0.103516 0.592773 0.063477 0.054688
0 0.046875 0.631836 0.094727 0.09082
0 0.108398 0.814453 0.067383 0.077148
0 0.099609 0.725586 0.056641 0.056641
0 0.363281 0.541016 0.054688 0.048828
0 0.254883 0.673828 0.073242 0.052734
0 0.917969 0.900391 0.055664 0.083008
