0 0.889648 0.214844 0.078125 0.105469
0 0.378906 0.231445 0.108398 0.098633
0 0.463867 0.363281 0.114258 0.047852
0 0.366211 0.31543 0.123047 0.12207
0 0.756836 0.616211 0.06543 0.058594
0 0.339844 0.985352 0.123047 0.029297
0 0.981445 0.287109 0.036133 0.140625
0 0.859375 0.908203 0.112305 0.086914
0 0.686523 0.613281 0.06543 0.073242
0 0.145508 0.986328 0.078125 0.027344
0 0.861328 0.364258 0.105469 0.050781
0 0.043945 0.026367 0.084961 0.052734
0 0.354492 0.253906 0.117188 0.098633
0 0.861328 0.836914 0.073242 0.094727
0 0.859375 0.099609 0.09375 0.039062
0 0.813477 0.922852 0.070312 0.078125
0 0.863281 0.436523 0.110352 0.064453
0 0.829102 0.836914 0.074219 0.094727
0 0.264648 0.579102 0.104492 0.133789
0 0.969727 0.699219 0.060547 0.058594
0 0.478516 0.324219 0.116211 0.080078
0 0.585938 0.203125 0.084961 0.114258
0 0.576172 0.12793 0.123047 0.079102
0 0.739258 0.331055 0.09375 0.048828
0 0.759766 0.746094 0.069336 0.054688
0 0.614258 0.482422 0.09375 0.044922
0 0.142578 0.881836 0.071289 0.157227
0 0.053711 0.930664 0.105469 0.064453
0 0.248047 0.649414 0.123047 0.086914
0 0.546875 0.630859 0.067383 0.044922
0 0.15625 0.394531 0.135742 0.102539
0 0.647461 0.762695 0.115234 0.041016
0 0.050781 0.356445 0.102539 0.050781
0 0.49707 0.702148 0.125977 0.060547
0 0.68457 0.378906 0.054688 0.045898
0 0.825195 0.46875 0.098633 0.048828
0 0.349609 0.695312 0.199219 0.157227
0 0.192383 0.639648 0.110352 0.101562
0 0.163086 0.55957 0.15918 0.101562
0 0.640625 0.231445 0.073242 0.058594
0 0.460938 0.604492 0.106445 0.060547
0 0.195312 0.331055 0.123047 0.116211
0 0.217773 0.813477 0.111328 0.12207
0 0.701172 0.197266 0.05957 0.05957
0 0.836914 0.984375 0.051758 0.030273
0 0.116211 0.65918 0.125 0.12793
0 0.424805 0.866211 0.055664 0.09668
0 0.282227 0.762695 0.045898 0.073242
0 0.09375 0.273438 0.098633 0.133789
0 0.792969 0.729492 0.091797 0.047852
0 0.057617 0.970703 0.116211 0.058594
0 0.15918 0.098633 0.12207 0.055664
0 0.359375 0.370117 0.115234 0.201172
0 0.878906 0.253906 0.075195 0.098633
0 0.084961 0.548828 0.075195 0.06543
0 0.770508 0.28125 0.126953 0.108398
0 0.255859 0.061523 0.091797 0.123047
0 0.467773 0.946289 0.15332 0.043945
0 0.293945 0.057617 0.042969 0.041992
0 0.216797 0.901367 0.101562 0.100586
0 0.52832 0.654297 0.048828 0.054688
0 0.960938 0.460938 0.077148 0.041992
0 0.044922 0.263672 0.089844 0.079102
0 0.663086 0.023438 0.045898 0.047852
0 0.219727 0.099609 0.141602 0.146484
0 0.806641 0.013672 0.036133 0.027344
0 0.576172 0.519531 0.089844 0.03125
0 0.887695 0.754883 0.056641 0.053711
0 0.041992 0.579102 0.064453 0.071289
0 0.959961 0.851562 0.080078 0.041992
0 0.585938 0.915039 0.058594 0.071289
0 0.679688 0.870117 0.058594 0.055664
0 0.756836 0.958984 0.083008 0.06543
0 0.926758 0.435547 0.081055 0.039062
0 0.979492 0.696289 0.040039 0.115234
0 0.010742 0.643555 0.021484 0.048828
