0 0.064453 0.831055 0.094727 0.118164
0 0.021484 0.048828 0.043945 0.097656
0 0.232422 0.050781 0.12207 0.09668
0 0.447266 0.024414 0.076172 0.049805
0 0.694336 0.101562 0.068359 0.082031
0 0.532227 0.162109 0.09668 0.09082
0 0.625 0.198242 0.091797 0.106445
0 0.722656 0.275391 0.09375 0.098633
0 0.363281 0.299805 0.076172 0.070312
0 0.130859 0.101562 0.052734 0.081055
0 0.023438 0.180664 0.047852 0.073242
0 0.089844 0.245117 0.05957 0.075195
0 0.533203 0.396484 0.083984 0.072266
0 0.427734 0.353516 0.083984 0.072266
0 0.378906 0.404297 0.073242 0.073242
0 0.442383 0.476562 0.078125 0.091797
0 0.244141 0.393555 0.094727 0.088867
0 0.686523 0.486328 0.072266 0.076172
0 0.745117 0.488281 0.075195 0.079102
0 0.896484 0.433594 0.102539 0.079102
0 0.962891 0.521484 0.073242 0.053711
0 0.862305 0.673828 0.104492 0.087891
0 0.681641 0.632812 0.080078 0.082031
0 0.322266 0.628906 0.069336 0.085938
0 0.470703 0.650391 0.081055 0.084961
0 0.231445 0.898438 0.085938 0.083008
0 0.331055 0.913086 0.083984 0.105469
0 0.375 0.860352 0.073242 0.05957
0 0.469727 0.853516 0.110352 0.060547
0 0.628906 0.791992 0.111328 0.073242
0 0.628906 0.945312 0.098633 0.109375
0 0.447266 0.952148 0.083984 0.095703
0 0.888672 0.792969 0.0625 0.067383
0 0.799805 0.740234 0.092773 0.056641
0 0.478516 0.243164 0.105469 0.050781
0 0.614258 0.53125 0.060547 0.057617
0 0.72168 0.547852 0.075195 0.054688
