0 0.018555 0.748047 0.037109 0.079102
0 0.09375 0.833008 0.072266 0.05957
0 0.025391 0.476562 0.051758 0.083984
0 0.044922 0.298828 0.089844 0.074219
0 0.047852 0.202148 0.09668 0.073242
0 0.033203 0.011719 0.067383 0.024414
0 0.257812 0.296875 0.082031 0.068359
0 0.18457 0.393555 0.077148 0.087891
0 0.308594 0.455078 0.070312 0.087891
0 0.379883 0.423828 0.056641 0.06543
0 0.357422 0.382812 0.058594 0.056641
0 0.512695 0.311523 0.075195 0.083008
0 0.380859 0.21582 0.073242 0.060547
0 0.555664 0.19043 0.09082 0.095703
0 0.631836 0.459961 0.06543 0.073242
0 0.714844 0.421875 0.068359 0.079102
0 0.740234 0.360352 0.069336 0.064453
0 0.80957 0.421875 0.076172 0.072266
0 0.755859 0.705078 0.125 0.076172
0 0.148438 0.695312 0.061523 0.066406
0 0.40625 0.791016 0.075195 0.069336
0 0.257812 0.794922 0.054688 0.053711
0 0.295898 0.850586 0.067383 0.070312
0 0.170898 0.912109 0.067383 0.104492
0 0.201172 0.977539 0.075195 0.044922
0 0.644531 0.953125 0.094727 0.088867
0 0.732422 0.833984 0.057617 0.074219
0 0.802734 0.84082 0.089844 0.070312
0 0.767578 0.776367 0.081055 0.063477
0 0.931641 0.78418 0.135742 0.079102
0 0.966797 0.876953 0.066406 0.071289
0 0.40918 0.291992 0.041992 0.054688
0 0.911133 0.133789 0.125 0.083984
0 0.216797 0.362305 0.051758 0.057617
0 0.200195 0.946289 0.080078 0.070312
0 0.78418 0.672852 0.061523 0.038086
