0 0.583984 0.967773 0.069336 0.063477
0 0.663086 0.672852 0.067383 0.083008
0 0.376953 0.277344 0.095703 0.083008
0 0.71875 0.725586 0.077148 0.092773
0 0.576172 0.774414 0.078125 0.089844
0 0.951172 0.524414 0.097656 0.089844
0 0.90332 0.3125 0.104492 0.09668
0 0.738281 0.191406 0.091797 0.094727
0 0.800781 0.597656 0.072266 0.086914
0 0.632812 0.515625 0.083008 0.082031
0 0.577148 0.625977 0.061523 0.098633
0 0.857422 0.490234 0.089844 0.086914
0 0.580078 0.47168 0.099609 0.089844
0 0.491211 0.875 0.068359 0.092773
0 0.869141 0.181641 0.104492 0.120117
0 0.667969 0.404297 0.092773 0.099609
0 0.835938 0.833008 0.075195 0.077148
0 0.669922 0.274414 0.067383 0.084961
0 0.597656 0.100586 0.077148 0.137695
0 0.675781 0.083008 0.072266 0.112305
0 0.681641 0.859375 0.079102 0.0625
0 0.307617 0.485352 0.088867 0.088867
0 0.819336 0.978516 0.165039 0.041992
0 0.610352 0.245117 0.083008 0.086914
0 0.766602 0.280273 0.069336 0.102539
0 0.50293 0.172852 0.067383 0.12793
0 0.955078 0.743164 0.088867 0.074219
0 0.734375 0.59082 0.080078 0.087891
0 0.575195 0.862305 0.052734 0.054688
0 0.749023 0.410156 0.084961 0.102539
0 0.899414 0.668945 0.040039 0.06543
0 0.623047 0.144531 0.052734 0.064453
0 0.354492 0.451172 0.06543 0.058594
0 0.485352 0.041016 0.080078 0.082031
0 0.856445 0.040039 0.075195 0.070312
0 0.932617 0.226562 0.092773 0.094727
0 0.821289 0.396484 0.075195 0.094727
0 0.97168 0.875 0.056641 0.040039
0 0.966797 0.120117 0.06543 0.157227
0 0.539062 0.592773 0.066406 0.09668
0 0.96875 0.829102 0.0625 0.052734
