0 0.225586 0.333008 0.097656 0.083008
0 0.130859 0.140625 0.091797 0.078125
0 0.015625 0.618164 0.032227 0.087891
0 0.271484 0.458008 0.049805 0.067383
0 0.049805 0.279297 0.071289 0.068359
0 0.926758 0.360352 0.078125 0.060547
0 0.12207 0.568359 0.073242 0.084961
0 0.37793 0.651367 0.118164 0.145508
0 0.051758 0.385742 0.080078 0.068359
0 0.203125 0.561523 0.072266 0.069336
0 0.023438 0.761719 0.046875 0.075195
0 0.313477 0.796875 0.123047 0.150391
0 0.167969 0.882812 0.067383 0.092773
0 0.274414 0.9375 0.080078 0.092773
0 0.084961 0.798828 0.104492 0.095703
0 0.032227 0.46582 0.06543 0.06543
0 0.374023 0.543945 0.075195 0.05957
0 0.038086 0.945312 0.077148 0.083008
0 0.436523 0.939453 0.110352 0.109375
0 0.313477 0.408203 0.097656 0.042969
0 0.34375 0.461914 0.084961 0.075195
0 0.975586 0.129883 0.047852 0.064453
0 0.179688 0.178711 0.081055 0.048828
0 0.09668 0.652344 0.076172 0.072266
0 0.151367 0.511719 0.057617 0.064453
0 0.024414 0.308594 0.049805 0.072266
