0 0.642578 0.147461 0.05957 0.09375
0 0.164062 0.071289 0.083008 0.083984
0 0.12207 0.347656 0.061523 0.086914
0 0.339844 0.166016 0.06543 0.066406
0 0.669922 0.289062 0.033203 0.113281
0 0.557617 0.856445 0.070312 0.061523
0 0.551953 0.699805 0.129688 0.049219
0 0.644531 0.380859 0.061523 0.066406
0 0.436523 0.083008 0.029297 0.097656
0 0.740234 0.703125 0.073242 0.040039
0 0.96875 0.78418 0.0625 0.084961
0 0.029297 0.395508 0.05957 0.109375
0 0.416992 0.854492 0.064453 0.057617
0 0.855469 0.375977 0.072266 0.039062
0 0.327148 0.027344 0.040039 0.050781
0 0.96582 0.467773 0.068359 0.037109
0 0.908203 0.583008 0.052734 0.055664
0 0.608398 0.981445 0.046875 0.036133
0 0.257812 0.289062 0.047852 0.072266
0 0.824219 0.179688 0.046875 0.037109
0 0.875 0.825195 0.063477 0.050781
0 0.395508 0.952148 0.073242 0.026367
0 0.792969 0.057617 0.036133 0.091797
0 0.085938 0.601562 0.069336 0.039062
0 0.366211 0.506836 0.091797 0.053711
0 0.03125 0.361328 0.0625 0.114258
0 0.199219 0.984375 0.094727 0.030273
0 0.731445 0.555664 0.042969 0.080078
0 0.423828 0.365234 0.088867 0.038086
0 0.976562 0.245117 0.046875 0.05957
0 0.042969 0.539062 0.085938 0.046875
0 0.222656 0.661133 0.081055 0.044922
0 0.211914 0.931641 0.098633 0.041016
0 0.350586 0.749023 0.051758 0.036133
0 0.49707 0.069336 0.108398 0.076172
0 0.087891 0.354492 0.06543 0.037109
0 0.027344 0.827148 0.054688 0.041992
0 0.946289 0.954102 0.051758 0.036133
0 0.014648 0.436523 0.029297 0.03125
0 0.875977 0.676758 0.081055 0.05957
0 0.78125 0.536133 0.033203 0.054688
0 0.385742 0.012695 0.033203 0.023438
0 0.461914 0.025391 0.043945 0.051758
0 0.820312 0.68457 0.09082 0.044922
0 0.799805 0.732422 0.074219 0.047852
0 0.301758 0.544922 0.078125 0.041992
0 0.981445 0.557617 0.037109 0.043945
0 0.986328 0.188477 0.026367 0.038086
0 0.789062 0.962891 0.035156 0.027344
0 0.828125 0.982422 0.064453 0.035156
0 0.228516 0.314453 0.049805 0.041992
