0 0.831055 0.71875 0.133789 0.057617
0 0.988281 0.530273 0.023438 0.157227
0 0.84375 0.141602 0.3125 0.083984
0 0.283203 0.418945 0.242188 0.091797
0 0.470703 0.365234 0.132812 0.092773
0 0.638672 0.424805 0.171875 0.120117
0 0.878906 0.443359 0.06543 0.108398
0 0.730469 0.904297 0.148438 0.191406
0 0.550781 0.870117 0.138672 0.245117
0 0.388672 0.776367 0.139648 0.233398
0 0.245117 0.834961 0.083008 0.089844
0 0.012695 0.826172 0.025391 0.09375
0 0.098633 0.242188 0.130859 0.081055
0 0.210938 0.293945 0.121094 0.087891
0 0.214844 0.542969 0.120117 0.072266
0 0.986328 0.78125 0.027344 0.128906
0 0.859375 0.943359 0.081055 0.104492
0 0.03125 0.418945 0.063477 0.063477
0 0.036133 0.540039 0.069336 0.055664
0 0.442383 0.982422 0.054688 0.035156
0 0.369141 0.930664 0.064453 0.086914
0 0.235352 0.976562 0.085938 0.045898
0 0.192383 0.936523 0.054688 0.055664
0 0.084961 0.977539 0.092773 0.043945
0 0.323242 0.288086 0.109375 0.051758
0 0.342773 0.134766 0.12793 0.06543
0 0.09375 0.129883 0.068359 0.070312
0 0.177734 0.057617 0.078125 0.115234
0 0.327148 0.051758 0.073242 0.069336
0 0.476562 0.083984 0.09375 0.073242
0 0.512695 0.268555 0.056641 0.050781
0 0.603516 0.219727 0.098633 0.043945
0 0.543945 0.181641 0.072266 0.091797
0 0.634766 0.59082 0.057617 0.041016
0 0.606445 0.673828 0.133789 0.104492
0 0.923828 0.862305 0.144531 0.105469
0 0.947266 0.62207 0.099609 0.080078
0 0.887695 0.743164 0.056641 0.058594
0 0.738281 0.334961 0.067383 0.067383
0 0.707031 0.231445 0.082031 0.056641
0 0.797852 0.227539 0.092773 0.060547
0 0.666992 0.106445 0.124023 0.060547
0 0.979492 0.262695 0.040039 0.079102
0 0.969727 0.182617 0.05957 0.054688
0 0.540039 0.992188 0.052734 0.015625
