0 0.644531 0.856445 0.140625 0.104492
0 0.654297 0.300781 0.179688 0.082031
0 0.485352 0.658203 0.157227 0.107422
0 0.231445 0.150391 0.104492 0.099609
0 0.387695 0.864258 0.102539 0.084961
0 0.49707 0.05957 0.154297 0.119141
0 0.443359 0.304688 0.107422 0.089844
0 0.529297 0.867188 0.115234 0.099609
0 0.404297 0.158203 0.084961 0.067383
0 0.511719 0.183594 0.080078 0.0625
0 0.675781 0.381836 0.136719 0.094727
0 0.30957 0.208008 0.074219 0.0625
0 0.675781 0.029297 0.158203 0.05957
0 0.15918 0.664062 0.089844 0.09082
0 0.200195 0.225586 0.077148 0.0625
0 0.206055 0.494141 0.071289 0.06543
0 0.391602 0.027344 0.09082 0.054688
0 0.488281 0.96875 0.155273 0.061523
0 0.436523 0.55957 0.075195 0.060547
0 0.264648 0.294922 0.064453 0.057617
0 0.855469 0.635742 0.107422 0.082031
0 0.049805 0.966797 0.099609 0.06543
