0 0.925781 0.304688 0.071289 0.080078
0 0.331055 0.364258 0.078125 0.083984
0 0.941406 0.039062 0.069336 0.077148
0 0.688477 0.280273 0.083984 0.083984
0 0.546875 0.19043 0.100586 0.067383
0 0.984375 0.722656 0.030273 0.045898
0 0.589844 0.533203 0.09082 0.06543
0 0.828125 0.942383 0.068359 0.06543
0 0.743164 0.030273 0.084961 0.049805
0 0.898438 0.067383 0.073242 0.051758
0 0.654297 0.318359 0.12207 0.086914
0 0.875 0.375 0.071289 0.070312
0 0.313477 0.180664 0.069336 0.066406
0 0.074219 0.788086 0.125 0.047852
0 0.499023 0.457031 0.147461 0.0625
0 0.050781 0.869141 0.047852 0.027344
0 0.337891 0.973633 0.05957 0.050781
0 0.132812 0.167969 0.105469 0.041992
0 0.695312 0.064453 0.072266 0.041992
0 0.472656 0.054688 0.069336 0.048828
0 0.291992 0.820312 0.098633 0.063477
0 0.969727 0.387695 0.060547 0.041992
0 0.038086 0.485352 0.077148 0.06543
0 0.210938 0.579102 0.120117 0.041016
0 0.499023 0.821289 0.055664 0.060547
0 0.306641 0.141602 0.045898 0.037109
0 0.271484 0.980469 0.124023 0.038086
0 0.634766 0.789062 0.050781 0.041992
0 0.686523 0.735352 0.106445 0.073242
0 0.693359 0.933594 0.118164 0.057617
0 0.860352 0.726562 0.066406 0.041992
0 0.126953 0.087891 0.084961 0.057617
0 0.026367 0.256836 0.053711 0.06543
0 0.679688 0.646484 0.05957 0.042969
0 0.703125 0.106445 0.054688 0.044922
0 0.452148 0.958984 0.071289 0.030273
0 0.069336 0.03418 0.035156 0.060547
0 0.033203 0.931641 0.066406 0.040039
0 0.037109 0.170898 0.075195 0.037109
0 0.353516 0.674805 0.05957 0.038086
0 0.134766 0.126953 0.085938 0.041016
0 0.919922 0.626953 0.083984 0.0625
0 0.821289 0.19043 0.114258 0.038086
0 0.035156 0.8125 0.070312 0.035156
0 0.370117 0.605469 0.075195 0.075195
0 0.026367 0.588867 0.052734 0.056641
0 0.986328 0.145508 0.026367 0.035156
0 0.738281 0.473633 0.108398 0.041016
0 0.227539 0.514648 0.163086 0.040039
0 0.333984 0.975586 0.106445 0.030273
0 0.711914 0.976562 0.106445 0.037109
0 0.734375 0.623047 0.084961 0.036133
0 0.797852 0.744141 0.101562 0.037109
0 0.90625 0.482422 0.070312 0.046875
0 0.446289 0.977539 0.113281 0.043945
0 0.393555 0.536133 0.09375 0.032227
0 0.461914 0.84668 0.073242 0.040039
0 0.119141 0.852539 0.069336 0.024414
0 0.920898 0.990234 0.042969 0.019531
0 0.875977 0.801758 0.061523 0.058594
0 0.456055 0.412109 0.055664 0.036133
0 0.751953 0.852539 0.079102 0.036133
0 0.826172 0.553711 0.078125 0.03125
0 0.943359 0.59082 0.070312 0.046875
0 0.027344 0.398438 0.054688 0.044922
0 0.875 0.337891 0.067383 0.032227
0 0.143555 0.37207 0.046875 0.037109
0 0.267578 0.329102 0.036133 0.057617
0 0.849609 0.220703 0.072266 0.03125
0 0.117188 0.568359 0.06543 0.03418
0 0.133789 0.530273 0.088867 0.040039
0 0.029297 0.847656 0.058594 0.045898
0 0.243164 0.375 0.102539 0.038086
0 0.682617 0.826172 0.079102 0.022461
0 0.375977 0.77832 0.061523 0.041016
0 0.567383 0.771484 0.06543 0.043945
0 0.574219 0.739258 0.066406 0.046875
0 0.112305 0.751953 0.088867 0.041016
0 0.167969 0.71875 0.133789 0.049805
0 0.017578 0.68457 0.036133 0.038086
0 0.677734 0.772461 0.035156 0.03418
0 0.643555 0.722656 0.102539 0.040039
