0 0.766602 0.714844 0.075195 0.089844
0 0.935547 0.548828 0.0625 0.05957
0 0.106445 0.77832 0.100586 0.078125
0 0.951172 0.876953 0.097656 0.089844
0 0.958008 0.681641 0.083008 0.080078
0 0.113281 0.520508 0.101562 0.077148
0 0.239258 0.431641 0.089844 0.089844
0 0.824219 0.880859 0.094727 0.078125
0 0.87207 0.09082 0.080078 0.072266
0 0.311523 0.374023 0.100586 0.100586
0 0.325195 0.663086 0.12207 0.112305
0 0.732422 0.297852 0.102539 0.102539
0 0.75293 0.642578 0.072266 0.067383
0 0.823242 0.194336 0.078125 0.080078
0 0.150391 0.951172 0.083008 0.097656
0 0.404297 0.405273 0.110352 0.086914
0 0.345703 0.117188 0.087891 0.105469
0 0.787109 0.449219 0.105469 0.084961
0 0.234375 0.911133 0.080078 0.084961
0 0.647461 0.461914 0.112305 0.099609
0 0.291016 0.869141 0.0625 0.075195
0 0.914062 0.43457 0.06543 0.064453
0 0.896484 0.033203 0.160156 0.067383
0 0.220703 0.060547 0.072266 0.054688
