0 0.144531 0.956055 0.088867 0.087891
0 0.584961 0.120117 0.052734 0.089844
0 0.380859 0.331055 0.108398 0.077148
0 0.822266 0.677734 0.085938 0.106445
0 0.733398 0.641602 0.0625 0.085938
0 0.762695 0.494141 0.087891 0.052734
0 0.057617 0.886719 0.076172 0.069336
0 0.467773 0.270508 0.073242 0.071289
0 0.25293 0.838867 0.115234 0.064453
0 0.314453 0.213867 0.066406 0.112305
0 0.785156 0.726562 0.067383 0.05957
0 0.231445 0.963867 0.06543 0.072266
0 0.515625 0.635742 0.142578 0.081055
0 0.199219 0.748047 0.058594 0.083008
0 0.239258 0.746094 0.075195 0.063477
0 0.620117 0.017578 0.046875 0.036133
0 0.552734 0.821289 0.082031 0.103516
0 0.368164 0.107422 0.0625 0.050781
0 0.632812 0.317383 0.097656 0.087891
0 0.801758 0.228516 0.054688 0.05957
0 0.275391 0.280273 0.085938 0.053711
0 0.129883 0.179688 0.046875 0.063477
0 0.720703 0.861328 0.077148 0.047852
0 0.073242 0.707031 0.129883 0.080078
0 0.947266 0.970703 0.055664 0.058594
0 0.28125 0.435547 0.111328 0.067383
0 0.818359 0.383789 0.055664 0.112305
0 0.766602 0.108398 0.085938 0.087891
0 0.5625 0.036133 0.072266 0.043945
0 0.762695 0.548828 0.077148 0.105469
0 0.90332 0.010742 0.043945 0.022461
0 0.092773 0.042969 0.058594 0.086914
0 0.010742 0.209961 0.022461 0.05957
0 0.986328 0.814453 0.027344 0.05957
0 0.758789 0.272461 0.125 0.05957
0 0.858398 0.445312 0.09375 0.073242
0 0.402344 0.459961 0.126953 0.05957
0 0.886719 0.936523 0.049805 0.064453
0 0.400391 0.979492 0.032227 0.040039
0 0.328125 0.921875 0.094727 0.054688
0 0.019531 0.608398 0.040039 0.036133
0 0.118164 0.325195 0.048828 0.131836
0 0.945312 0.480469 0.043945 0.063477
0 0.913086 0.550781 0.063477 0.047852
0 0.098633 0.856445 0.079102 0.041992
0 0.265625 0.881836 0.081055 0.032227
0 0.612305 0.922852 0.040039 0.044922
0 0.236328 0.913086 0.048828 0.021484
0 0.841797 0.576172 0.069336 0.041016
0 0.693359 0.433594 0.060547 0.064453
0 0.524414 0.28125 0.061523 0.06543
0 0.475586 0.980469 0.037109 0.038086
0 0.445312 0.982422 0.029297 0.035156
0 0.543945 0.748047 0.075195 0.039062
0 0.129883 0.039062 0.045898 0.032227
0 0.568359 0.277344 0.056641 0.140625
0 0.288086 0.810547 0.071289 0.040039
