0 0.155273 0.166992 0.174805 0.076172
0 0.209961 0.086914 0.140625 0.132812
0 0.334961 0.070312 0.128906 0.084961
0 0.419922 0.063477 0.09668 0.063477
0 0.483398 0.057617 0.085938 0.102539
0 0.611328 0.166016 0.091797 0.088867
0 0.701172 0.146484 0.158203 0.101562
0 0.574219 0.069336 0.081055 0.09082
0 0.793945 0.035156 0.102539 0.070312
0 0.646484 0.024414 0.077148 0.049805
0 0.920898 0.152344 0.107422 0.101562
0 0.84375 0.228516 0.076172 0.076172
0 0.602539 0.283203 0.078125 0.082031
0 0.730469 0.337891 0.075195 0.077148
0 0.765625 0.474609 0.121094 0.083008
0 0.382812 0.319336 0.128906 0.082031
0 0.442383 0.242188 0.15918 0.079102
0 0.336914 0.189453 0.089844 0.104492
0 0.433594 0.160156 0.088867 0.070312
0 0.171875 0.274414 0.232422 0.130859
0 0.132812 0.30957 0.094727 0.075195
0 0.1875 0.390625 0.161133 0.105469
0 0.175781 0.673828 0.180664 0.136719
0 0.170898 0.772461 0.071289 0.081055
0 0.076172 0.801758 0.100586 0.091797
0 0.327148 0.84082 0.082031 0.079102
0 0.410156 0.880859 0.084961 0.071289
0 0.573242 0.785156 0.075195 0.097656
0 0.833008 0.772461 0.128906 0.088867
0 0.888672 0.708008 0.09375 0.078125
0 0.803711 0.643555 0.09082 0.083984
0 0.651367 0.519531 0.142578 0.109375
0 0.882812 0.321289 0.114258 0.083008
0 0.981445 0.271484 0.037109 0.09375
0 0.083984 0.982422 0.138672 0.035156
0 0.581055 0.975586 0.139648 0.047852
0 0.741211 0.948242 0.060547 0.078125
0 0.779297 0.859375 0.074219 0.078125
0 0.867188 0.918945 0.091797 0.074219
0 0.902344 0.832031 0.0625 0.056641
0 0.980469 0.972656 0.038086 0.053711
