0 0.94043 0.086914 0.119141 0.064453
0 0.276367 0.619141 0.110352 0.216797
0 0.625977 0.817383 0.100586 0.055664
0 0.133789 0.110352 0.117188 0.157227
0 0.03418 0.326172 0.068359 0.091797
0 0.81543 0.652344 0.077148 0.075195
0 0.930664 0.638672 0.075195 0.072266
0 0.618164 0.424805 0.149414 0.179688
0 0.140625 0.355469 0.135742 0.067383
0 0.958984 0.755859 0.072266 0.149414
0 0.942383 0.041992 0.112305 0.077148
0 0.439453 0.149414 0.104492 0.207031
0 0.063477 0.931641 0.09082 0.063477
0 0.729492 0.355469 0.144531 0.180664
0 0.725586 0.486328 0.136719 0.125
0 0.462891 0.748047 0.057617 0.094727
0 0.442383 0.380859 0.12793 0.25
0 0.40625 0.607422 0.09082 0.214844
0 0.166016 0.807617 0.124023 0.110352
0 0.362305 0.947266 0.081055 0.06543
0 0.307617 0.717773 0.141602 0.072266
0 0.071289 0.037109 0.142578 0.074219
0 0.060547 0.794922 0.12207 0.137695
0 0.115234 0.901367 0.072266 0.09375
0 0.646484 0.764648 0.162109 0.109375
0 0.570312 0.182617 0.180664 0.076172
0 0.047852 0.158203 0.09668 0.113281
0 0.280273 0.84082 0.09082 0.085938
0 0.883789 0.505859 0.092773 0.083008
0 0.120117 0.487305 0.150391 0.092773
0 0.124023 0.537109 0.155273 0.095703
0 0.09375 0.605469 0.168945 0.076172
0 0.036133 0.49707 0.073242 0.064453
0 0.894531 0.710938 0.05957 0.071289
0 0.739258 0.733398 0.069336 0.09668
0 0.571289 0.560547 0.117188 0.176758
0 0.799805 0.305664 0.076172 0.087891
0 0.370117 0.134766 0.071289 0.089844
