0 0.37207 0.296875 0.086914 0.061523
0 0.299805 0.198242 0.091797 0.070312
0 0.362305 0.082031 0.097656 0.083984
0 0.527344 0.208984 0.083984 0.092773
0 0.513672 0.102539 0.057617 0.087891
0 0.56543 0.133789 0.066406 0.072266
0 0.649414 0.163086 0.094727 0.081055
0 0.767578 0.03418 0.083984 0.069336
0 0.138672 0.112305 0.058594 0.086914
0 0.023438 0.037109 0.047852 0.075195
0 0.03125 0.228516 0.05957 0.076172
0 0.056641 0.954102 0.06543 0.09082
0 0.137695 0.983398 0.075195 0.033203
0 0.330078 0.832031 0.089844 0.087891
0 0.239258 0.919922 0.0625 0.076172
0 0.451172 0.893555 0.079102 0.110352
0 0.526367 0.956055 0.067383 0.087891
0 0.027344 0.787109 0.055664 0.061523
0 0.613281 0.924805 0.066406 0.126953
0 0.713867 0.963867 0.06543 0.072266
0 0.56543 0.584961 0.109375 0.200195
0 0.143555 0.635742 0.086914 0.084961
0 0.705078 0.554688 0.09082 0.170898
0 0.803711 0.558594 0.088867 0.101562
0 0.789062 0.379883 0.079102 0.135742
0 0.951172 0.348633 0.088867 0.158203
0 0.957031 0.442383 0.045898 0.078125
0 0.892578 0.59375 0.105469 0.086914
0 0.863281 0.649414 0.15625 0.069336
0 0.851562 0.959961 0.067383 0.054688
