0 0.704102 0.553711 0.106445 0.110352
0 0.25293 0.974609 0.112305 0.050781
0 0.907227 0.53125 0.115234 0.121094
0 0.217773 0.49707 0.083008 0.080078
0 0.382812 0.945312 0.095703 0.108398
0 0.249023 0.603516 0.113281 0.123047
0 0.094727 0.280273 0.099609 0.137695
0 0.124023 0.962891 0.114258 0.073242
0 0.621094 0.211914 0.084961 0.103516
0 0.098633 0.821289 0.107422 0.177734
0 0.164062 0.085938 0.148438 0.168945
0 0.085938 0.631836 0.104492 0.128906
0 0.200195 0.275391 0.118164 0.12793
0 0.236328 0.371094 0.077148 0.066406
0 0.054688 0.462891 0.106445 0.142578
0 0.038086 0.697266 0.067383 0.099609
0 0.026367 0.810547 0.049805 0.087891
0 0.037109 0.075195 0.070312 0.147461
