0 0.161133 0.769531 0.05957 0.105469
0 0.322266 0.821289 0.071289 0.080078
0 0.282227 0.882812 0.083984 0.0625
0 0.304688 0.980469 0.075195 0.038086
0 0.245117 0.673828 0.072266 0.05957
0 0.194336 0.59082 0.057617 0.0625
0 0.035156 0.605469 0.070312 0.078125
0 0.026367 0.442383 0.053711 0.099609
0 0.041016 0.330078 0.083008 0.083984
0 0.029297 0.277344 0.05957 0.075195
0 0.133789 0.126953 0.081055 0.072266
0 0.107422 0.072266 0.088867 0.06543
0 0.175781 0.024414 0.06543 0.049805
0 0.303711 0.177734 0.068359 0.057617
0 0.480469 0.18457 0.067383 0.061523
0 0.308594 0.326172 0.077148 0.083008
0 0.183594 0.352539 0.064453 0.070312
0 0.21582 0.422852 0.063477 0.052734
0 0.25293 0.544922 0.060547 0.060547
0 0.382812 0.521484 0.05957 0.078125
0 0.407227 0.431641 0.060547 0.072266
0 0.481445 0.373047 0.057617 0.060547
0 0.52832 0.345703 0.054688 0.063477
0 0.469727 0.450195 0.053711 0.05957
0 0.514648 0.492188 0.072266 0.070312
0 0.585938 0.459961 0.073242 0.051758
0 0.59082 0.537109 0.073242 0.0625
0 0.62793 0.573242 0.056641 0.06543
0 0.568359 0.598633 0.050781 0.053711
0 0.480469 0.700195 0.051758 0.049805
0 0.537109 0.858398 0.067383 0.068359
0 0.56543 0.954102 0.112305 0.064453
0 0.558594 0.982422 0.069336 0.035156
0 0.698242 0.210938 0.068359 0.074219
0 0.87793 0.124023 0.0625 0.0625
0 0.864258 0.163086 0.054688 0.0625
0 0.834961 0.041016 0.086914 0.080078
0 0.985352 0.223633 0.029297 0.066406
0 0.866211 0.369141 0.05957 0.067383
0 0.804688 0.505859 0.052734 0.083984
0 0.90332 0.498047 0.067383 0.051758
0 0.957031 0.478516 0.072266 0.084961
0 0.84082 0.433594 0.076172 0.06543
0 0.722656 0.62793 0.061523 0.067383
0 0.944336 0.773438 0.067383 0.053711
0 0.726562 0.823242 0.05957 0.073242
0 0.762695 0.883789 0.057617 0.09082
0 0.879883 0.896484 0.060547 0.064453
0 0.980469 0.918945 0.038086 0.058594
0 0.976562 0.969727 0.045898 0.058594
0 0.740234 0.024414 0.075195 0.049805
0 0.375977 0.024414 0.068359 0.048828
0 0.452148 0.206055 0.056641 0.036133
0 0.379883 0.448242 0.048828 0.0625
0 0.808594 0.462891 0.069336 0.057617
0 0.009766 0.525391 0.020508 0.042969
0 0.817383 0.991211 0.039062 0.016602
0 0.327148 0.575195 0.081055 0.039062
