0 0.360352 0.368164 0.118164 0.102539
0 0.97168 0.09375 0.055664 0.084961
0 0.704102 0.376953 0.145508 0.125
0 0.805664 0.033203 0.139648 0.0625
0 0.567383 0.364258 0.089844 0.075195
0 0.538086 0.470703 0.102539 0.097656
0 0.833984 0.758789 0.15918 0.120117
0 0.677734 0.837891 0.112305 0.086914
0 0.539062 0.759766 0.129883 0.125
0 0.800781 0.90332 0.101562 0.142578
0 0.418945 0.125 0.129883 0.125
0 0.77832 0.244141 0.177734 0.084961
0 0.650391 0.109375 0.118164 0.094727
0 0.848633 0.103516 0.089844 0.105469
