0 0.058594 0.273438 0.118164 0.12207
0 0.045898 0.919922 0.078125 0.103516
0 0.543945 0.030273 0.064453 0.058594
0 0.165039 0.917969 0.126953 0.074219
0 0.000977 0.821289 0.001953 0.083984
0 0.885742 0.256836 0.155273 0.206055
0 0.068359 0.478516 0.137695 0.060547
0 0.174805 0.568359 0.136719 0.139648
0 0.541016 0.288086 0.130859 0.077148
0 0.223633 0.829102 0.081055 0.067383
0 0.070312 0.37793 0.140625 0.112305
0 0.481445 0.041016 0.085938 0.083008
0 0.797852 0.841797 0.142578 0.095703
0 0.032227 0.801758 0.06543 0.083984
0 0.90332 0.047852 0.163086 0.09668
0 0.037109 0.658203 0.074219 0.087891
0 0.298828 0.025391 0.157227 0.050781
0 0.202148 0.65625 0.189453 0.195312
0 0.625 0.28418 0.133789 0.110352
0 0.141602 0.838867 0.099609 0.126953
0 0.326172 0.151367 0.212891 0.147461
0 0.529297 0.564453 0.063477 0.137695
0 0.101562 0.539062 0.071289 0.091797
0 0.90918 0.948242 0.180664 0.103516
0 0.364258 0.375977 0.189453 0.145508
0 0.514648 0.739258 0.083008 0.082031
0 0.734375 0.431641 0.173828 0.094727
0 0.223633 0.235352 0.120117 0.095703
0 0.942383 0.501953 0.115234 0.078125
0 0.78125 0.78418 0.102539 0.048828
0 0.963867 0.637695 0.071289 0.063477
0 0.509766 0.469727 0.060547 0.061523
0 0.954102 0.37793 0.09082 0.046875
0 0.130859 0.008789 0.044922 0.018555
