0 0.263672 0.046875 0.134766 0.09375
0 0.837891 0.202148 0.139648 0.237305
0 0.838867 0.498047 0.09375 0.087891
0 0.587891 0.652344 0.110352 0.191406
0 0.348633 0.272461 0.084961 0.149414
0 0.296875 0.46582 0.144531 0.164062
0 0.030273 0.126953 0.060547 0.070312
0 0.231445 0.765625 0.103516 0.248047
0 0.852539 0.667969 0.106445 0.15625
0 0.762695 0.672852 0.087891 0.15918
0 0.988281 0.71875 0.023438 0.091797
0 0.791992 0.012695 0.083984 0.025391
0 0.264648 0.296875 0.095703 0.152344
0 0.549805 0.34668 0.108398 0.169922
0 0.694336 0.412109 0.111328 0.100586
0 0.944336 0.115234 0.110352 0.110352
0 0.854492 0.035156 0.083984 0.071289
0 0.526367 0.22168 0.089844 0.081055
0 0.076172 0.583008 0.082031 0.09668
0 0.042969 0.674805 0.085938 0.09082
0 0.955078 0.371094 0.089844 0.112305
0 0.922852 0.586914 0.086914 0.075195
0 0.09375 0.950195 0.081055 0.098633
0 0.265625 0.941406 0.076172 0.116211
0 0.425781 0.833984 0.06543 0.177734
0 0.327148 0.759766 0.094727 0.115234
0 0.416992 0.676758 0.140625 0.152344
0 0.385742 0.555664 0.073242 0.063477
0 0.65332 0.822266 0.097656 0.095703
0 0.725586 0.97168 0.094727 0.056641
0 0.853516 0.792969 0.070312 0.078125
0 0.368164 0.052734 0.083008 0.078125
0 0.234375 0.270508 0.109375 0.089844
0 0.563477 0.988281 0.050781 0.022461
0 0.28125 0.637695 0.104492 0.119141
