0 0.234375 0.005859 0.087891 0.012695
0 0.173828 0.09668 0.125 0.073242
0 0.251953 0.052734 0.079102 0.081055
0 0.727539 0.083008 0.113281 0.166016
0 0.642578 0.022461 0.063477 0.045898
0 0.349609 0.170898 0.083008 0.142578
0 0.316406 0.279297 0.107422 0.082031
0 0.220703 0.219727 0.134766 0.085938
0 0.039062 0.238281 0.078125 0.135742
0 0.412109 0.410156 0.216797 0.136719
0 0.939453 0.182617 0.09668 0.234375
0 0.929688 0.130859 0.081055 0.19043
0 0.893555 0.345703 0.073242 0.206055
0 0.701172 0.475586 0.167969 0.106445
0 0.724609 0.34668 0.072266 0.089844
0 0.504883 0.603516 0.239258 0.154297
0 0.586914 0.630859 0.152344 0.125
0 0.771484 0.71875 0.113281 0.226562
0 0.905273 0.591797 0.099609 0.134766
0 0.870117 0.503906 0.136719 0.086914
0 0.981445 0.583984 0.037109 0.088867
0 0.28418 0.688477 0.126953 0.21875
0 0.023438 0.5625 0.047852 0.085938
0 0.334961 0.925781 0.209961 0.132812
0 0.167969 0.943359 0.175781 0.088867
0 0.511719 0.893555 0.166992 0.169922
0 0.773438 0.81543 0.232422 0.067383
0 0.712891 0.969727 0.124023 0.05957
0 0.911133 0.96875 0.092773 0.061523
0 0.520508 0.081055 0.073242 0.110352
0 0.609375 0.34668 0.195312 0.166992
0 0.729492 0.932617 0.198242 0.108398
0 0.129883 0.463867 0.09375 0.111328
