0 0.152344 0.414062 0.125 0.084961
0 0.467773 0.063477 0.15625 0.126953
0 0.838867 0.071289 0.128906 0.143555
0 0.504883 0.402344 0.084961 0.082031
0 0.505859 0.524414 0.118164 0.091797
0 0.269531 0.623047 0.125 0.133789
0 0.168945 0.668945 0.075195 0.103516
0 0.038086 0.651367 0.072266 0.083984
0 0.076172 0.904297 0.087891 0.09375
0 0.271484 0.789062 0.109375 0.097656
0 0.298828 0.946289 0.06543 0.106445
0 0.425781 0.94043 0.128906 0.086914
0 0.581055 0.866211 0.136719 0.108398
0 0.573242 0.731445 0.075195 0.125
0 0.592773 0.598633 0.089844 0.09375
0 0.80957 0.666992 0.097656 0.150391
0 0.884766 0.798828 0.102539 0.120117
0 0.838867 0.919922 0.101562 0.082031
0 0.847656 0.555664 0.105469 0.116211
0 0.963867 0.083984 0.066406 0.06543
0 0.992188 0.316406 0.015625 0.077148
0 0.121094 0.359375 0.075195 0.076172
0 0.824219 0.152344 0.075195 0.077148
0 0.414062 0.541016 0.078125 0.112305
0 0.764648 0.455078 0.050781 0.074219
0 0.541016 0.976562 0.131836 0.045898
