0 0.37793 0.4375 0.041992 0.084961
0 0.161133 0.69043 0.06543 0.06543
0 0.206055 0.083984 0.074219 0.076172
0 0.295898 0.923828 0.091797 0.152344
0 0.366211 0.235352 0.044922 0.069336
0 0.360352 0.856445 0.079102 0.111328
0 0.019531 0.067383 0.040039 0.061523
0 0.232422 0.832031 0.070312 0.053711
0 0.980469 0.091797 0.03418 0.088867
0 0.107422 0.091797 0.115234 0.077148
0 0.688477 0.488281 0.087891 0.066406
0 0.826172 0.111328 0.048828 0.069336
0 0.286133 0.243164 0.052734 0.063477
0 0.272461 0.171875 0.026367 0.069336
0 0.948242 0.776367 0.039062 0.052734
0 0.384766 0.097656 0.09375 0.047852
0 0.620117 0.338867 0.025391 0.094727
0 0.402344 0.81543 0.069336 0.076172
0 0.025391 0.195312 0.051758 0.044922
0 0.229492 0.638672 0.104492 0.09375
0 0.006836 0.385742 0.014648 0.075195
0 0.242188 0.480469 0.044922 0.061523
0 0.174805 0.193359 0.03418 0.047852
0 0.290039 0.5625 0.044922 0.057617
0 0.110352 0.453125 0.056641 0.072266
0 0.085938 0.541016 0.074219 0.063477
0 0.765625 0.137695 0.025391 0.071289
0 0.905273 0.113281 0.025391 0.058594
0 0.207031 0.592773 0.05957 0.043945
0 0.40625 0.719727 0.047852 0.064453
0 0.022461 0.773438 0.045898 0.051758
0 0.867188 0.266602 0.035156 0.072266
0 0.930664 0.478516 0.036133 0.061523
0 0.933594 0.257812 0.077148 0.046875
0 0.858398 0.493164 0.080078 0.058594
0 0.220703 0.972656 0.115234 0.053711
0 0.671875 0.239258 0.037109 0.103516
0 0.054688 0.859375 0.057617 0.044922
0 0.746094 0.387695 0.067383 0.048828
0 0.897461 0.764648 0.083008 0.040039
0 0.089844 0.585938 0.052734 0.069336
0 0.298828 0.089844 0.056641 0.0625
0 0.704102 0.552734 0.070312 0.041992
0 0.572266 0.279297 0.037109 0.046875
0 0.022461 0.9375 0.045898 0.050781
0 0.686523 0.926758 0.086914 0.041016
0 0.068359 0.392578 0.032227 0.0625
0 0.817383 0.989258 0.061523 0.020508
0 0.435547 0.225586 0.081055 0.041016
0 0.132812 0.412109 0.081055 0.047852
0 0.716211 0.305273 0.052344 0.043359
0 0.320312 0.527344 0.040039 0.044922
0 0.285156 0.618164 0.06543 0.030273
0 0.400391 0.700195 0.080078 0.035156
0 0.523438 0.819336 0.058594 0.037109
0 0.671875 0.823242 0.072266 0.050781
0 0.836914 0.791016 0.041992 0.083984
0 0.919922 0.81543 0.064453 0.054688
0 0.011719 0.834961 0.024414 0.053711
0 0.050781 0.890625 0.067383 0.041992
0 0.368164 0.173828 0.076172 0.068359
0 0.324219 0.134766 0.073242 0.046875
0 0.402344 0.098633 0.051758 0.081055
