0 0.044922 0.168945 0.068359 0.046875
0 0.023438 0.087891 0.046875 0.077148
0 0.213867 0.129883 0.083984 0.086914
0 0.393555 0.107422 0.09375 0.053711
0 0.154297 0.953125 0.085938 0.077148
0 0.941406 0.893555 0.073242 0.074219
0 0.977539 0.84375 0.044922 0.068359
0 0.831055 0.785156 0.081055 0.075195
0 0.666992 0.75 0.147461 0.097656
0 0.462891 0.827148 0.09668 0.101562
0 0.324219 0.735352 0.117188 0.099609
0 0.231445 0.708984 0.113281 0.078125
0 0.240234 0.543945 0.110352 0.087891
0 0.183594 0.581055 0.084961 0.071289
0 0.05957 0.577148 0.084961 0.0625
0 0.269531 0.333984 0.09375 0.102539
0 0.206055 0.407227 0.056641 0.058594
0 0.426758 0.480469 0.115234 0.054688
0 0.388672 0.424805 0.083984 0.061523
0 0.49707 0.568359 0.099609 0.044922
0 0.506836 0.507812 0.064453 0.061523
0 0.599609 0.5 0.09668 0.080078
0 0.669922 0.598633 0.087891 0.06543
0 0.771484 0.611328 0.09082 0.097656
0 0.979492 0.702148 0.041016 0.049805
0 0.899414 0.473633 0.149414 0.130859
0 0.779297 0.364258 0.076172 0.086914
0 0.753906 0.501953 0.098633 0.083984
0 0.485352 0.274414 0.082031 0.150391
0 0.269531 0.191406 0.094727 0.061523
0 0.347656 0.233398 0.084961 0.052734
0 0.390625 0.307617 0.054688 0.054688
0 0.694336 0.331055 0.049805 0.066406
0 0.55957 0.140625 0.09668 0.070312
0 0.520508 0.189453 0.088867 0.06543
0 0.447266 0.039062 0.080078 0.079102
0 0.362305 0.074219 0.060547 0.039062
0 0.540039 0.041992 0.086914 0.083984
0 0.811523 0.040039 0.068359 0.061523
0 0.722656 0.058594 0.072266 0.083008
0 0.94043 0.078125 0.087891 0.083984
0 0.355469 0.607422 0.064453 0.060547
0 0.475586 0.621094 0.103516 0.055664
0 0.56543 0.318359 0.129883 0.082031
0 0.25 0.484375 0.06543 0.055664
