0 0.313477 0.056641 0.056641 0.114258
0 0.053711 0.058594 0.09375 0.05957
0 0.192383 0.088867 0.072266 0.066406
0 0.257812 0.043945 0.049805 0.056641
0 0.053711 0.139648 0.051758 0.083008
0 0.115234 0.119141 0.094727 0.075195
0 0.389648 0.140625 0.092773 0.087891
0 0.428711 0.230469 0.085938 0.073242
0 0.063477 0.307617 0.072266 0.054688
0 0.228516 0.290039 0.115234 0.106445
0 0.290039 0.401367 0.075195 0.073242
0 0.392578 0.428711 0.099609 0.095703
0 0.254883 0.475586 0.080078 0.083008
0 0.297852 0.540039 0.069336 0.056641
0 0.388672 0.510742 0.075195 0.0625
0 0.167969 0.710938 0.066406 0.102539
0 0.267578 0.741211 0.071289 0.068359
0 0.349609 0.638672 0.110352 0.075195
0 0.373047 0.717773 0.094727 0.09082
0 0.333984 0.777344 0.068359 0.076172
0 0.109375 0.845703 0.066406 0.063477
0 0.039062 0.768555 0.06543 0.053711
0 0.106445 0.954102 0.115234 0.056641
0 0.504883 0.801758 0.047852 0.067383
0 0.610352 0.71875 0.080078 0.09082
0 0.589844 0.581055 0.064453 0.0625
0 0.829102 0.611328 0.074219 0.094727
0 0.74707 0.796875 0.061523 0.049805
0 0.839844 0.779297 0.09375 0.076172
0 0.858398 0.706055 0.124023 0.075195
0 0.634766 0.390625 0.071289 0.068359
0 0.602539 0.447266 0.074219 0.088867
0 0.657227 0.495117 0.099609 0.09375
0 0.761719 0.539062 0.111328 0.123047
0 0.81543 0.495117 0.100586 0.056641
0 0.800781 0.241211 0.070312 0.064453
0 0.536133 0.166992 0.085938 0.054688
0 0.670898 0.180664 0.09082 0.068359
0 0.686523 0.118164 0.060547 0.079102
0 0.833008 0.138672 0.052734 0.074219
0 0.796875 0.048828 0.052734 0.077148
0 0.051758 0.5 0.060547 0.057617
0 0.027344 0.87207 0.047852 0.066406
0 0.303711 0.481445 0.068359 0.105469
