0 0.199219 0.014648 0.089844 0.029297
0 0.900391 0.030273 0.09082 0.058594
0 0.96582 0.03125 0.067383 0.056641
0 0.447266 0.045898 0.080078 0.09082
0 0.566406 0.09082 0.054688 0.055664
0 0.397461 0.224609 0.084961 0.118164
0 0.167969 0.157227 0.088867 0.071289
0 0.588867 0.234375 0.135742 0.064453
0 0.603516 0.177734 0.097656 0.053711
0 0.759766 0.205078 0.154297 0.12207
0 0.827148 0.289062 0.105469 0.064453
0 0.608398 0.415039 0.077148 0.066406
0 0.519531 0.431641 0.095703 0.067383
0 0.147461 0.443359 0.06543 0.055664
0 0.25293 0.600586 0.069336 0.050781
0 0.453125 0.585938 0.151367 0.240234
0 0.549805 0.676758 0.076172 0.075195
0 0.477539 0.500977 0.186523 0.253906
0 0.18457 0.863281 0.077148 0.058594
0 0.15332 0.904297 0.119141 0.169922
0 0.041016 0.900391 0.076172 0.077148
0 0.289062 0.917969 0.069336 0.06543
0 0.423828 0.925781 0.089844 0.109375
0 0.857422 0.96875 0.05957 0.061523
0 0.689453 0.925781 0.054688 0.056641
0 0.755859 0.879883 0.080078 0.075195
0 0.710938 0.799805 0.114258 0.116211
0 0.835938 0.811523 0.134766 0.074219
0 0.950195 0.222656 0.072266 0.09082
0 0.978516 0.186523 0.041992 0.070312
0 0.94043 0.868164 0.06543 0.064453
0 0.967773 0.836914 0.064453 0.124023
0 0.825195 0.932617 0.055664 0.063477
0 0.317383 0.770508 0.081055 0.054688
0 0.775391 0.578125 0.051758 0.060547
0 0.100586 0.330078 0.053711 0.052734
0 0.990234 0.366211 0.018555 0.054688
0 0.033203 0.796875 0.06543 0.055664
0 0.016602 0.854492 0.03418 0.049805
0 0.021484 0.443359 0.043945 0.057617
