0 0.833984 0.263672 0.172852 0.119141
0 0.829102 0.336914 0.133789 0.100586
0 0.640625 0.216797 0.102539 0.103516
0 0.375977 0.1875 0.139648 0.102539
0 0.378906 0.097656 0.097656 0.114258
0 0.112305 0.19043 0.137695 0.118164
0 0.011719 0.080078 0.023438 0.160156
0 0.100586 0.045898 0.115234 0.092773
0 0.506836 0.283203 0.071289 0.075195
0 0.314453 0.494141 0.128906 0.110352
0 0.164062 0.479492 0.067383 0.073242
0 0.203125 0.543945 0.12207 0.15918
0 0.005859 0.576172 0.012695 0.078125
0 0.126953 0.835938 0.137695 0.092773
0 0.151367 0.81543 0.079102 0.106445
0 0.244141 0.924805 0.09668 0.150391
0 0.370117 0.875 0.189453 0.087891
0 0.420898 0.75293 0.125 0.121094
0 0.551758 0.647461 0.083008 0.079102
0 0.660156 0.625 0.128906 0.095703
0 0.78125 0.629883 0.095703 0.102539
0 0.642578 0.826172 0.085938 0.082031
0 0.494141 0.832031 0.157227 0.125
0 0.438477 0.985352 0.09375 0.029297
0 0.599609 0.991211 0.060547 0.016602
0 0.851562 0.845703 0.083008 0.108398
0 0.964844 0.950195 0.070312 0.099609
0 0.983398 0.275391 0.033203 0.087891
0 0.81543 0.061523 0.084961 0.085938
0 0.964844 0.15625 0.070312 0.087891
0 0.619141 0.264648 0.09375 0.067383
