0 0.027344 0.155273 0.054688 0.068359
0 0.12793 0.089844 0.098633 0.0625
0 0.196289 0.144531 0.075195 0.088867
0 0.108398 0.194336 0.087891 0.073242
0 0.198242 0.224609 0.09668 0.058594
0 0.529297 0.064453 0.058594 0.074219
0 0.037109 0.62793 0.074219 0.054688
0 0.171875 0.629883 0.075195 0.068359
0 0.227539 0.583008 0.064453 0.073242
0 0.111328 0.757812 0.078125 0.06543
0 0.267578 0.786133 0.089844 0.107422
0 0.363281 0.742188 0.081055 0.084961
0 0.428711 0.620117 0.053711 0.092773
0 0.556641 0.599609 0.070312 0.054688
0 0.678711 0.651367 0.080078 0.099609
0 0.570312 0.791016 0.114258 0.073242
0 0.540039 0.669922 0.077148 0.051758
0 0.568359 0.71875 0.057617 0.057617
0 0.71582 0.755859 0.070312 0.055664
0 0.761719 0.670898 0.054688 0.077148
0 0.857422 0.678711 0.050781 0.06543
0 0.925781 0.698242 0.108398 0.071289
0 0.935547 0.776367 0.076172 0.075195
0 0.84668 0.764648 0.066406 0.070312
0 0.794922 0.746094 0.049805 0.077148
0 0.611328 0.851562 0.077148 0.041992
0 0.663086 0.898438 0.113281 0.063477
0 0.729492 0.879883 0.078125 0.053711
0 0.585938 0.080078 0.125977 0.074219
0 0.62793 0.104492 0.083984 0.081055
0 0.773438 0.078125 0.064453 0.077148
0 0.706055 0.089844 0.083008 0.067383
0 0.832031 0.188477 0.064453 0.076172
0 0.867188 0.24707 0.086914 0.074219
0 0.875 0.3125 0.071289 0.05957
0 0.744141 0.254883 0.102539 0.073242
0 0.65918 0.259766 0.06543 0.076172
0 0.554688 0.327148 0.125977 0.079102
0 0.647461 0.203125 0.113281 0.057617
0 0.553711 0.228516 0.038086 0.067383
0 0.147461 0.18457 0.055664 0.054688
0 0.599609 0.237305 0.075195 0.047852
