0 0.27832 0.338867 0.299805 0.291016
0 0.0625 0.365234 0.102539 0.076172
0 0.040039 0.216797 0.080078 0.079102
0 0.167969 0.137695 0.083008 0.072266
0 0.469727 0.211914 0.118164 0.075195
0 0.625 0.266602 0.150391 0.112305
0 0.549805 0.149414 0.053711 0.068359
0 0.65918 0.137695 0.128906 0.078125
0 0.723633 0.0625 0.165039 0.125977
0 0.952148 0.079102 0.094727 0.116211
0 0.518555 0.056641 0.208008 0.078125
0 0.030273 0.060547 0.060547 0.12207
0 0.748047 0.238281 0.082031 0.072266
0 0.876953 0.222656 0.140625 0.078125
0 0.970703 0.248047 0.058594 0.073242
0 0.916016 0.330078 0.092773 0.134766
0 0.891602 0.333984 0.216797 0.06543
0 0.821289 0.69043 0.155273 0.092773
0 0.969727 0.707031 0.060547 0.085938
0 0.851562 0.975586 0.068359 0.047852
0 0.87207 0.849609 0.095703 0.068359
0 0.766602 0.978516 0.069336 0.042969
0 0.709961 0.952148 0.071289 0.095703
0 0.507812 0.956055 0.075195 0.082031
0 0.411133 0.791016 0.071289 0.067383
0 0.308594 0.599609 0.101562 0.071289
0 0.208984 0.607422 0.113281 0.085938
0 0.245117 0.703125 0.081055 0.076172
0 0.279297 0.735352 0.085938 0.05957
0 0.303711 0.833984 0.082031 0.037109
0 0.055664 0.777344 0.076172 0.050781
0 0.03418 0.949219 0.069336 0.101562
0 0.139648 0.884766 0.055664 0.066406
0 0.375 0.87207 0.05957 0.084961
0 0.402344 0.928711 0.06543 0.061523
0 0.250977 0.907227 0.168945 0.083008
0 0.303711 0.97168 0.085938 0.056641
0 0.119141 0.97168 0.053711 0.055664
0 0.646484 0.648438 0.046875 0.040039
0 0.197266 0.848633 0.055664 0.046875
0 0.633789 0.197266 0.107422 0.067383
