0 0.856445 0.020508 0.057617 0.041992
0 0.538086 0.026367 0.09375 0.052734
0 0.333984 0.026367 0.073242 0.052734
0 0.280273 0.063477 0.084961 0.051758
0 0.121094 0.016602 0.085938 0.032227
0 0.110352 0.401367 0.100586 0.060547
0 0.084961 0.397461 0.085938 0.083008
0 0.049805 0.255859 0.080078 0.057617
0 0.016602 0.177734 0.033203 0.057617
0 0.181641 0.266602 0.050781 0.055664
0 0.250977 0.137695 0.061523 0.041992
0 0.225586 0.142578 0.043945 0.043945
0 0.373047 0.276367 0.079102 0.047852
0 0.232422 0.40625 0.063477 0.082031
0 0.361328 0.430664 0.049805 0.055664
0 0.464844 0.319336 0.09375 0.079102
0 0.474609 0.376953 0.058594 0.071289
0 0.521484 0.427734 0.074219 0.0625
0 0.618164 0.267578 0.112305 0.060547
0 0.55957 0.244141 0.055664 0.057617
0 0.418945 0.106445 0.0625 0.075195
0 0.547852 0.121094 0.074219 0.054688
0 0.740234 0.253906 0.050781 0.063477
0 0.754883 0.347656 0.055664 0.049805
0 0.822266 0.446289 0.053711 0.069336
0 0.818359 0.283203 0.083984 0.057617
0 0.84668 0.263672 0.069336 0.108398
0 0.930664 0.266602 0.088867 0.047852
0 0.959961 0.177734 0.080078 0.068359
0 0.986328 0.154297 0.027344 0.051758
0 0.84668 0.541992 0.133789 0.09375
0 0.910156 0.566406 0.079102 0.097656
0 0.928711 0.679688 0.064453 0.067383
0 0.973633 0.865234 0.051758 0.050781
0 0.910156 0.931641 0.064453 0.088867
0 0.824219 0.892578 0.042969 0.083008
0 0.734375 0.824219 0.042969 0.038086
0 0.668945 0.745117 0.053711 0.056641
0 0.655273 0.817383 0.043945 0.054688
0 0.610352 0.852539 0.103516 0.0625
0 0.626953 0.633789 0.077148 0.063477
0 0.59668 0.673828 0.086914 0.080078
0 0.462891 0.667969 0.049805 0.061523
0 0.404297 0.71582 0.063477 0.046875
0 0.376953 0.84668 0.067383 0.103516
0 0.496094 0.915039 0.057617 0.088867
0 0.416016 0.964844 0.077148 0.060547
0 0.351562 0.542969 0.076172 0.039062
0 0.240234 0.581055 0.106445 0.074219
0 0.196289 0.723633 0.05957 0.066406
0 0.162109 0.726562 0.051758 0.044922
0 0.279297 0.677734 0.072266 0.072266
0 0.298828 0.733398 0.079102 0.055664
0 0.150391 0.574219 0.069336 0.061523
