0 0.53125 0.513672 0.072266 0.09082
0 0.384766 0.71875 0.06543 0.099609
0 0.501953 0.707031 0.069336 0.083984
0 0.518555 0.416016 0.083984 0.089844
0 0.485352 0.75293 0.070312 0.067383
0 0.749023 0.930664 0.118164 0.06543
0 0.550781 0.483398 0.073242 0.081055
0 0.080078 0.068359 0.06543 0.070312
0 0.263672 0.28418 0.072266 0.086914
0 0.46582 0.279297 0.098633 0.052734
0 0.901367 0.793945 0.073242 0.070312
0 0.84082 0.326172 0.030273 0.089844
0 0.120117 0.383789 0.100586 0.09375
0 0.1875 0.675781 0.078125 0.05957
0 0.576172 0.060547 0.103516 0.052734
0 0.900391 0.618164 0.083984 0.069336
0 0.949219 0.976562 0.050781 0.046875
0 0.356445 0.143555 0.100586 0.083008
0 0.022461 0.205078 0.044922 0.092773
0 0.295898 0.145508 0.068359 0.044922
0 0.457031 0.454102 0.057617 0.072266
0 0.770508 0.288086 0.072266 0.09082
0 0.087891 0.385742 0.03418 0.073242
0 0.583984 0.393555 0.105469 0.046875
0 0.369141 0.197266 0.09375 0.063477
0 0.236328 0.463867 0.061523 0.106445
0 0.384766 0.376953 0.115234 0.088867
0 0.089844 0.84668 0.082031 0.049805
0 0.294922 0.038086 0.095703 0.075195
0 0.477539 0.120117 0.048828 0.064453
0 0.895508 0.388672 0.057617 0.06543
0 0.411133 0.083008 0.080078 0.063477
0 0.556641 0.782227 0.043945 0.075195
0 0.81543 0.234375 0.064453 0.051758
0 0.208984 0.730469 0.086914 0.038086
0 0.217773 0.167969 0.05957 0.077148
0 0.381836 0.264648 0.066406 0.042969
0 0.59668 0.754883 0.0625 0.123047
0 0.50293 0.265625 0.097656 0.046875
0 0.625 0.154297 0.06543 0.049805
0 0.560547 0.602539 0.089844 0.039062
0 0.699219 0.083008 0.067383 0.087891
0 0.518555 0.670898 0.051758 0.044922
0 0.542969 0.499023 0.071289 0.09668
0 0.756836 0.570312 0.073242 0.041992
0 0.291016 0.6875 0.121094 0.053711
0 0.629883 0.799805 0.053711 0.053711
0 0.626953 0.251953 0.101562 0.048828
0 0.214844 0.834961 0.082031 0.041992
0 0.972656 0.286133 0.054688 0.166992
0 0.207031 0.294922 0.09668 0.054688
0 0.719727 0.459961 0.09082 0.048828
0 0.040039 0.019531 0.040039 0.039062
0 0.180664 0.485352 0.050781 0.046875
0 0.832031 0.460938 0.09668 0.040039
0 0.681641 0.476562 0.087891 0.040039
0 0.360352 0.631836 0.09082 0.038086
0 0.797852 0.205078 0.076172 0.03418
0 0.288086 0.811523 0.076172 0.037109
0 0.694336 0.866211 0.070312 0.02832
0 0.3125 0.222656 0.052734 0.061523
0 0.523438 0.648438 0.076172 0.026367
0 0.726562 0.536133 0.049805 0.035156
0 0.030273 0.842773 0.061523 0.049805
0 0.261719 0.267578 0.09668 0.043945
0 0.431641 0.394531 0.075195 0.072266
0 0.371094 0.806641 0.111328 0.05957
0 0.234375 0.085938 0.160156 0.077148
0 0.204102 0.75293 0.069336 0.044922
0 0.740234 0.980469 0.05957 0.038086
0 0.416016 0.119141 0.069336 0.039062
0 0.121094 0.036133 0.09082 0.071289
0 0.703125 0.828125 0.045898 0.047852
0 0.037109 0.707031 0.074219 0.041016
0 0.717773 0.383789 0.045898 0.043945
0 0.764648 0.886719 0.073242 0.049805
0 0.899414 0.873047 0.09082 0.045898
0 0.018555 0.650391 0.035156 0.041016
0 0.008789 0.56543 0.018555 0.038086
0 0.195312 0.448242 0.061523 0.044922
0 0.519531 0.061523 0.048828 0.058594
0 0.041016 0.951172 0.082031 0.039062
