0 0.817383 0.40918 0.078125 0.091797
0 0.273438 0.512695 0.069336 0.072266
0 0.089844 0.136719 0.066406 0.082031
0 0.829102 0.711914 0.073242 0.109375
0 0.239258 0.300781 0.066406 0.073242
0 0.71875 0.444336 0.06543 0.100586
0 0.21875 0.405273 0.102539 0.109375
0 0.808594 0.823242 0.055664 0.098633
0 0.311523 0.118164 0.074219 0.086914
0 0.12793 0.100586 0.049805 0.09375
0 0.628906 0.510742 0.057617 0.070312
0 0.626953 0.774414 0.053711 0.079102
0 0.46875 0.072266 0.044922 0.105469
0 0.170898 0.533203 0.041016 0.086914
0 0.089844 0.956055 0.075195 0.055664
0 0.441406 0.533203 0.078125 0.083984
0 0.419922 0.03418 0.060547 0.068359
0 0.455078 0.306641 0.0625 0.06543
0 0.334961 0.614258 0.054688 0.071289
0 0.645508 0.204102 0.03418 0.069336
0 0.710938 0.125977 0.054688 0.132812
0 0.108398 0.578125 0.063477 0.05957
0 0.624023 0.387695 0.0625 0.130859
0 0.223633 0.954102 0.056641 0.087891
0 0.34082 0.40332 0.056641 0.146484
0 0.22168 0.638672 0.063477 0.06543
0 0.552734 0.610352 0.061523 0.06543
0 0.024414 0.777344 0.049805 0.136719
0 0.019531 0.504883 0.039062 0.057617
0 0.046875 0.978516 0.040039 0.042969
0 0.703125 0.675781 0.053711 0.06543
0 0.291992 0.212891 0.05957 0.099609
0 0.435547 0.588867 0.071289 0.095703
0 0.973633 0.56543 0.051758 0.069336
0 0.594727 0.02832 0.040039 0.053711
0 0.699219 0.50293 0.03418 0.070312
0 0.228516 0.207031 0.024414 0.091797
0 0.868164 0.634766 0.039062 0.056641
0 0.110352 0.482422 0.088867 0.041992
0 0.427734 0.631836 0.064453 0.073242
0 0.811523 0.237305 0.060547 0.046875
0 0.027344 0.273438 0.054688 0.130859
0 0.428711 0.708984 0.050781 0.049805
0 0.680664 0.606445 0.044922 0.066406
0 0.15625 0.654297 0.046875 0.063477
0 0.535156 0.266602 0.026367 0.049805
0 0.424805 0.464844 0.051758 0.060547
0 0.145508 0.882812 0.113281 0.09082
0 0.186523 0.21582 0.071289 0.0625
0 0.495117 0.599609 0.03418 0.06543
0 0.303711 0.974609 0.02832 0.049805
0 0.204102 0.191406 0.025391 0.094727
0 0.976562 0.019531 0.03418 0.038086
0 0.397461 0.323242 0.041016 0.044922
0 0.072266 0.895508 0.052734 0.044922
0 0.989258 0.4375 0.020508 0.091797
0 0.97168 0.87207 0.050781 0.060547
0 0.522461 0.452148 0.089844 0.102539
