0 0.40625 0.285156 0.083984 0.078125
0 0.463867 0.347656 0.089844 0.05957
0 0.546875 0.363281 0.064453 0.056641
0 0.532227 0.316406 0.061523 0.041992
0 0.475586 0.193359 0.09375 0.137695
0 0.513672 0.130859 0.080078 0.072266
0 0.385742 0.032227 0.080078 0.064453
0 0.241211 0.086914 0.074219 0.05957
0 0.464844 0.018555 0.061523 0.038086
0 0.033203 0.047852 0.067383 0.046875
0 0.283203 0.422852 0.089844 0.086914
0 0.220703 0.464844 0.077148 0.063477
0 0.135742 0.427734 0.084961 0.080078
0 0.100586 0.505859 0.163086 0.060547
0 0.114258 0.587891 0.124023 0.066406
0 0.361328 0.549805 0.075195 0.09082
0 0.299805 0.536133 0.063477 0.058594
0 0.195312 0.300781 0.118164 0.117188
0 0.255859 0.324219 0.074219 0.080078
0 0.533203 0.5625 0.071289 0.068359
0 0.320312 0.725586 0.071289 0.145508
0 0.261719 0.729492 0.078125 0.088867
0 0.149414 0.679688 0.138672 0.075195
0 0.137695 0.759766 0.113281 0.106445
0 0.124023 0.858398 0.100586 0.049805
0 0.583984 0.791016 0.084961 0.086914
0 0.701172 0.754883 0.123047 0.087891
0 0.805664 0.699219 0.104492 0.089844
0 0.801758 0.782227 0.054688 0.063477
0 0.800781 0.851562 0.081055 0.052734
0 0.71582 0.865234 0.106445 0.070312
0 0.575195 0.958008 0.142578 0.083008
0 0.535156 0.854492 0.080078 0.080078
0 0.413086 0.832031 0.115234 0.058594
0 0.441406 0.900391 0.117188 0.083984
0 0.867188 0.777344 0.0625 0.085938
0 0.917969 0.771484 0.052734 0.061523
0 0.744141 0.376953 0.077148 0.0625
0 0.841797 0.34668 0.09082 0.039062
0 0.875977 0.291016 0.076172 0.05957
0 0.986328 0.137695 0.026367 0.136719
0 0.947266 0.181641 0.071289 0.111328
0 0.836914 0.100586 0.054688 0.092773
0 0.870117 0.120117 0.056641 0.040039
0 0.033203 0.951172 0.066406 0.066406
0 0.086914 0.982422 0.066406 0.035156
0 0.117188 0.939453 0.101562 0.0625
0 0.039062 0.856445 0.078125 0.066406
0 0.045898 0.882812 0.070312 0.051758
