0 0.922852 0.344727 0.154297 0.106445
0 0.416016 0.279297 0.098633 0.128906
0 0.495117 0.068359 0.102539 0.103516
0 0.930664 0.740234 0.083008 0.126953
0 0.561523 0.480469 0.079102 0.137695
0 0.458008 0.782227 0.103516 0.202148
0 0.608398 0.047852 0.091797 0.09668
0 0.553711 0.607422 0.155273 0.101562
0 0.830078 0.21582 0.177734 0.105469
0 0.740234 0.667969 0.126953 0.108398
0 0.805664 0.748047 0.137695 0.09668
0 0.919922 0.429688 0.080078 0.102539
0 0.530273 0.875977 0.082031 0.094727
0 0.145508 0.6875 0.174805 0.075195
0 0.220703 0.348633 0.182617 0.120117
0 0.196289 0.12793 0.09668 0.070312
0 0.585938 0.689453 0.073242 0.077148
0 0.664062 0.557617 0.135742 0.163086
0 0.806641 0.969727 0.135742 0.060547
0 0.376953 0.03125 0.075195 0.063477
0 0.425781 0.55957 0.177734 0.099609
0 0.282227 0.871094 0.208008 0.111328
0 0.354492 0.895508 0.081055 0.182617
0 0.071289 0.783203 0.139648 0.116211
0 0.044922 0.259766 0.085938 0.099609
