0 0.334961 0.024414 0.174805 0.049805
0 0.911133 0.011719 0.147461 0.023438
0 0.959961 0.532227 0.079102 0.209961
0 0.748047 0.269531 0.125 0.12793
0 0.626953 0.18457 0.083008 0.09375
0 0.175781 0.254883 0.143555 0.102539
0 0.521484 0.362305 0.114258 0.104492
0 0.985352 0.126953 0.029297 0.070312
0 0.663086 0.62207 0.131836 0.128906
0 0.362305 0.551758 0.079102 0.086914
0 0.12793 0.516602 0.106445 0.112305
0 0.655273 0.933594 0.097656 0.132812
0 0.407227 0.834961 0.134766 0.085938
0 0.108398 0.853516 0.128906 0.09375
0 0.421875 0.947266 0.134766 0.071289
0 0.760742 0.053711 0.142578 0.107422
0 0.90625 0.078125 0.117188 0.081055
0 0.899414 0.250977 0.104492 0.084961
0 0.892578 0.957031 0.09082 0.085938
0 0.052734 0.083984 0.105469 0.071289
0 0.144531 0.083008 0.084961 0.058594
0 0.69043 0.473633 0.06543 0.054688
0 0.586914 0.677734 0.075195 0.075195
0 0.748047 0.344727 0.070312 0.043945
0 0.373047 0.720703 0.064453 0.083984
0 0.111328 0.706055 0.054688 0.079102
0 0.09375 0.958984 0.0625 0.067383
0 0.154297 0.967773 0.086914 0.063477
0 0.701172 0.847656 0.087891 0.055664
0 0.833008 0.014648 0.087891 0.030273
