0 0.954102 0.172852 0.09082 0.086914
0 0.703125 0.345703 0.080078 0.069336
0 0.811523 0.557617 0.069336 0.092773
0 0.950195 0.30957 0.098633 0.084961
0 0.970703 0.836914 0.057617 0.120117
0 0.795898 0.064453 0.077148 0.128906
0 0.858398 0.719727 0.078125 0.099609
0 0.801758 0.231445 0.049805 0.055664
0 0.975586 0.40332 0.047852 0.082031
0 0.620117 0.167969 0.06543 0.080078
0 0.935547 0.533203 0.077148 0.078125
0 0.90918 0.454102 0.080078 0.069336
0 0.766602 0.62207 0.09082 0.074219
0 0.870117 0.621094 0.086914 0.072266
0 0.956055 0.730469 0.087891 0.072266
0 0.876953 0.371094 0.054688 0.09082
0 0.924805 0.143555 0.06543 0.075195
