0 0.388672 0.875 0.094727 0.092773
0 0.879883 0.375977 0.094727 0.089844
0 0.30957 0.442383 0.107422 0.094727
0 0.138672 0.023438 0.129883 0.046875
0 0.263672 0.592773 0.139648 0.104492
0 0.033203 0.020508 0.066406 0.041992
0 0.050781 0.854492 0.077148 0.092773
0 0.020508 0.217773 0.041016 0.070312
0 0.098633 0.368164 0.085938 0.070312
0 0.1875 0.813477 0.080078 0.089844
0 0.116211 0.443359 0.094727 0.082031
0 0.045898 0.492188 0.091797 0.070312
0 0.024414 0.270508 0.048828 0.056641
0 0.037109 0.952148 0.074219 0.095703
0 0.922852 0.489258 0.097656 0.078125
0 0.963867 0.100586 0.068359 0.099609
0 0.972656 0.478516 0.053711 0.077148
0 0.366211 0.900391 0.112305 0.061523
0 0.117188 0.584961 0.063477 0.074219
0 0.021484 0.736328 0.042969 0.110352
