0 0.239258 0.921875 0.061523 0.092773
0 0.420898 0.045898 0.050781 0.092773
0 0.054688 0.046875 0.069336 0.088867
0 0.503906 0.588867 0.049805 0.107422
0 0.491211 0.22168 0.050781 0.099609
0 0.361328 0.510742 0.054688 0.102539
0 0.396484 0.324219 0.0625 0.083008
0 0.484375 0.710938 0.045898 0.091797
0 0.817383 0.371094 0.048828 0.09668
0 0.105469 0.929688 0.048828 0.079102
0 0.12793 0.395508 0.054688 0.079102
0 0.272461 0.635742 0.046875 0.067383
0 0.201172 0.454102 0.06543 0.103516
0 0.65625 0.529297 0.048828 0.098633
0 0.890625 0.90918 0.068359 0.05957
0 0.832031 0.700195 0.032227 0.097656
0 0.397461 0.786133 0.027344 0.072266
0 0.486328 0.338867 0.045898 0.076172
0 0.876953 0.501953 0.029297 0.09082
0 0.542969 0.605469 0.061523 0.073242
0 0.394531 0.501953 0.047852 0.079102
0 0.088867 0.554688 0.051758 0.094727
0 0.956055 0.069336 0.03125 0.083984
0 0.696289 0.039062 0.039062 0.078125
0 0.499023 0.149414 0.039062 0.113281
0 0.302734 0.578125 0.036133 0.080078
0 0.573242 0.96582 0.041016 0.068359
0 0.777344 0.899414 0.039062 0.069336
0 0.561523 0.827148 0.041016 0.075195
0 0.980469 0.798828 0.038086 0.064453
0 0.986328 0.948242 0.027344 0.077148
0 0.683594 0.266602 0.041016 0.164062
0 0.725586 0.326172 0.03125 0.082031
0 0.506836 0.024414 0.03418 0.048828
0 0.650391 0.842773 0.030273 0.102539
0 0.547852 0.057617 0.038086 0.084961
0 0.365234 0.761719 0.030273 0.063477
0 0.431641 0.425781 0.052734 0.045898
0 0.588867 0.920898 0.063477 0.09375
0 0.263672 0.404297 0.051758 0.075195
0 0.039062 0.758789 0.032227 0.06543
0 0.194336 0.683594 0.046875 0.072266
0 0.138672 0.785156 0.039062 0.071289
0 0.12793 0.887695 0.046875 0.080078
0 0.008789 0.022461 0.018555 0.044922
0 0.404297 0.59375 0.040039 0.077148
0 0.546875 0.436523 0.046875 0.09082
0 0.930664 0.729492 0.038086 0.091797
0 0.660156 0.96582 0.03125 0.055664
0 0.895508 0.263672 0.030273 0.102539
0 0.952148 0.700195 0.032227 0.069336
0 0.803711 0.518555 0.024414 0.094727
0 0.610352 0.765625 0.03418 0.085938
0 0.665039 0.02832 0.023438 0.056641
0 0.464844 0.09375 0.038086 0.067383
0 0.978516 0.272461 0.02832 0.09668
0 0.288086 0.045898 0.048828 0.063477
0 0.548828 0.911133 0.030273 0.077148
0 0.148438 0.988281 0.033203 0.023438
0 0.981445 0.015625 0.027344 0.03125
0 0.317383 0.491211 0.058594 0.103516
0 0.987305 0.143555 0.024414 0.072266
0 0.06543 0.626953 0.061523 0.095703
0 0.507812 0.512695 0.048828 0.092773
0 0.893555 0.449219 0.024414 0.091797
0 0.169922 0.630859 0.039062 0.069336
0 0.145508 0.584961 0.047852 0.082031
0 0.34668 0.788086 0.039062 0.053711
