0 0.663086 0.334961 0.061523 0.091797
0 0.709961 0.03418 0.080078 0.05957
0 0.852539 0.321289 0.079102 0.102539
0 0.936523 0.435547 0.108398 0.082031
0 0.458984 0.266602 0.125977 0.080078
0 0.301758 0.212891 0.075195 0.081055
0 0.826172 0.143555 0.086914 0.066406
0 0.933594 0.651367 0.068359 0.069336
0 0.875977 0.767578 0.041016 0.073242
0 0.174805 0.306641 0.078125 0.095703
0 0.78125 0.876953 0.073242 0.109375
0 0.708984 0.104492 0.037109 0.091797
0 0.477539 0.34082 0.134766 0.0625
0 0.30957 0.650391 0.068359 0.064453
0 0.080078 0.863281 0.082031 0.085938
0 0.208008 0.387695 0.107422 0.073242
0 0.311523 0.407227 0.072266 0.061523
0 0.160156 0.195312 0.074219 0.053711
0 0.220703 0.435547 0.117188 0.064453
0 0.704102 0.319336 0.077148 0.060547
0 0.402344 0.706055 0.106445 0.058594
0 0.882812 0.068359 0.079102 0.080078
0 0.300781 0.3125 0.058594 0.086914
0 0.043945 0.982422 0.088867 0.035156
0 0.426758 0.847656 0.173828 0.106445
0 0.611328 0.832031 0.086914 0.056641
0 0.831055 0.46582 0.086914 0.074219
0 0.364258 0.981445 0.133789 0.036133
0 0.12793 0.425781 0.050781 0.058594
0 0.250977 0.316406 0.091797 0.058594
0 0.144531 0.982422 0.053711 0.03418
0 0.458984 0.292969 0.088867 0.06543
0 0.788086 0.96582 0.073242 0.054688
0 0.243164 0.984375 0.111328 0.03125
0 0.561523 0.978516 0.140625 0.041992
0 0.946289 0.772461 0.052734 0.064453
0 0.308594 0.054688 0.123047 0.047852
0 0.744141 0.896484 0.071289 0.057617
0 0.925781 0.042969 0.05957 0.082031
0 0.338867 0.945312 0.125 0.037109
0 0.694336 0.828125 0.068359 0.12793
0 0.610352 0.883789 0.067383 0.049805
0 0.988281 0.130859 0.022461 0.071289
0 0.083008 0.262695 0.089844 0.112305
0 0.953125 0.905273 0.091797 0.069336
0 0.588867 0.731445 0.152344 0.058594
0 0.520508 0.674805 0.137695 0.054688
0 0.474609 0.869141 0.105469 0.075195
0 0.356445 0.918945 0.068359 0.02832
0 0.176758 0.896484 0.150391 0.050781
0 0.035156 0.229492 0.071289 0.091797
0 0.110352 0.419922 0.049805 0.058594
0 0.6875 0.907227 0.09082 0.040039
0 0.418945 0.673828 0.173828 0.102539
0 0.356445 0.768555 0.068359 0.050781
0 0.666992 0.696289 0.101562 0.110352
0 0.097656 0.493164 0.069336 0.047852
0 0.517578 0.956055 0.087891 0.079102
