0 0.214844 0.180664 0.115234 0.158203
0 0.59668 0.683594 0.094727 0.097656
0 0.479492 0.362305 0.160156 0.09375
0 0.209961 0.564453 0.112305 0.120117
0 0.942383 0.077148 0.102539 0.109375
0 0.583984 0.823242 0.219727 0.072266
0 0.316406 0.442383 0.097656 0.106445
0 0.484375 0.956055 0.113281 0.078125
0 0.94043 0.161133 0.112305 0.097656
0 0.918945 0.366211 0.114258 0.113281
0 0.349609 0.039062 0.134766 0.077148
0 0.62793 0.869141 0.243164 0.075195
0 0.962891 0.642578 0.074219 0.103516
0 0.079102 0.507812 0.056641 0.081055
0 0.05957 0.167969 0.080078 0.12793
0 0.62207 0.142578 0.205078 0.102539
0 0.970703 0.216797 0.057617 0.049805
0 0.9375 0.912109 0.125 0.070312
