0 0.040039 0.084961 0.076172 0.167969
0 0.224609 0.237305 0.067383 0.075195
0 0.487305 0.22168 0.077148 0.082031
0 0.458984 0.126953 0.064453 0.246094
0 0.586914 0.09082 0.230469 0.182617
0 0.816406 0.268555 0.152344 0.285156
0 0.917969 0.376953 0.052734 0.116211
0 0.80957 0.461914 0.073242 0.172852
0 0.969727 0.310547 0.05957 0.21875
0 0.216797 0.480469 0.073242 0.165039
0 0.332031 0.519531 0.134766 0.135742
0 0.462891 0.458984 0.081055 0.133789
0 0.573242 0.549805 0.061523 0.057617
0 0.744141 0.643555 0.084961 0.101562
0 0.375 0.768555 0.145508 0.112305
0 0.493164 0.831055 0.069336 0.124023
0 0.901367 0.760742 0.064453 0.087891
0 0.972656 0.786133 0.053711 0.073242
0 0.901367 0.834961 0.075195 0.087891
0 0.650391 0.935547 0.317383 0.12793
0 0.158203 0.012695 0.050781 0.025391
0 0.510742 0.040039 0.091797 0.081055
0 0.992188 0.365234 0.015625 0.046875
