0 0.459961 0.130859 0.111328 0.163086
0 0.557617 0.405273 0.112305 0.084961
0 0.664062 0.204102 0.166992 0.196289
0 0.387695 0.382812 0.223633 0.157227
0 0.198242 0.12793 0.068359 0.101562
0 0.15625 0.323242 0.094727 0.083008
0 0.555664 0.335938 0.078125 0.083008
0 0.055664 0.081055 0.083008 0.128906
0 0.043945 0.245117 0.087891 0.138672
0 0.05957 0.798828 0.105469 0.094727
0 0.048828 0.945312 0.094727 0.108398
0 0.085938 0.030273 0.110352 0.056641
0 0.124023 0.109375 0.060547 0.113281
0 0.099609 0.186523 0.076172 0.142578
