0 0.462891 0.036133 0.116211 0.064453
0 0.610352 0.063477 0.077148 0.048828
0 0.560547 0.123047 0.050781 0.044922
0 0.5 0.151367 0.052734 0.06543
0 0.630859 0.171875 0.057617 0.046875
0 0.673828 0.205078 0.06543 0.045898
0 0.569336 0.193359 0.044922 0.043945
0 0.561523 0.242188 0.145508 0.068359
0 0.620117 0.347656 0.085938 0.129883
0 0.701172 0.318359 0.0625 0.083008
0 0.731445 0.295898 0.107422 0.095703
0 0.523438 0.385742 0.06543 0.094727
0 0.34668 0.408203 0.145508 0.082031
0 0.174805 0.366211 0.109375 0.075195
0 0.148438 0.079102 0.092773 0.050781
0 0.219727 0.101562 0.078125 0.151367
0 0.303711 0.049805 0.070312 0.088867
0 0.273438 0.25293 0.111328 0.076172
0 0.353516 0.274414 0.088867 0.058594
0 0.393555 0.22168 0.080078 0.043945
0 0.269531 0.172852 0.06543 0.047852
0 0.292969 0.522461 0.068359 0.063477
0 0.393555 0.625977 0.079102 0.047852
0 0.082031 0.620117 0.070312 0.094727
0 0.158203 0.662109 0.113281 0.070312
0 0.241211 0.774414 0.063477 0.075195
0 0.088867 0.806641 0.061523 0.094727
0 0.152344 0.907227 0.073242 0.137695
0 0.030273 0.893555 0.056641 0.140625
0 0.089844 0.918945 0.091797 0.161133
0 0.564453 0.682617 0.087891 0.053711
0 0.71582 0.625977 0.063477 0.051758
0 0.647461 0.772461 0.103516 0.079102
0 0.558594 0.78125 0.066406 0.083984
0 0.444336 0.779297 0.058594 0.058594
0 0.482422 0.775391 0.075195 0.046875
0 0.530273 0.857422 0.097656 0.115234
0 0.56543 0.857422 0.05957 0.078125
0 0.734375 0.852539 0.12207 0.058594
0 0.863281 0.96582 0.05957 0.067383
0 0.854492 0.678711 0.076172 0.06543
0 0.842773 0.549805 0.089844 0.091797
0 0.685547 0.512695 0.125 0.098633
0 0.757812 0.532227 0.079102 0.111328
0 0.966797 0.46582 0.06543 0.049805
0 0.957031 0.414062 0.069336 0.053711
0 0.930664 0.253906 0.131836 0.068359
0 0.767578 0.072266 0.070312 0.144531
0 0.836914 0.166016 0.054688 0.069336
0 0.889648 0.162109 0.05957 0.060547
0 0.932617 0.196289 0.046875 0.066406
0 0.97168 0.18457 0.055664 0.051758
0 0.926758 0.045898 0.087891 0.088867
0 0.851562 0.022461 0.055664 0.045898
0 0.046875 0.126953 0.05957 0.071289
0 0.853516 0.458008 0.040039 0.066406
