0 0.931641 0.099609 0.075195 0.107422
0 0.449219 0.298828 0.100586 0.053711
0 0.515625 0.725586 0.125977 0.082031
0 0.123047 0.182617 0.104492 0.079102
0 0.193359 0.775391 0.15625 0.077148
0 0.798828 0.966797 0.092773 0.061523
0 0.914062 0.295898 0.085938 0.046875
0 0.30957 0.148438 0.104492 0.077148
0 0.240234 0.459961 0.174805 0.05957
0 0.546875 0.569336 0.098633 0.051758
0 0.064453 0.760742 0.129883 0.09375
0 0.907227 0.582031 0.146484 0.071289
0 0.991211 0.561523 0.016602 0.047852
0 0.256836 0.852539 0.101562 0.098633
0 0.615234 0.507812 0.176758 0.104492
0 0.780273 0.595703 0.106445 0.088867
0 0.494141 0.847656 0.080078 0.045898
0 0.878906 0.086914 0.071289 0.089844
0 0.183594 0.282227 0.177734 0.057617
0 0.516602 0.086914 0.09082 0.054688
0 0.245117 0.222656 0.045898 0.060547
0 0.583008 0.170898 0.071289 0.071289
0 0.323242 0.262695 0.09375 0.041016
0 0.410156 0.047852 0.144531 0.095703
0 0.03418 0.807617 0.067383 0.042969
0 0.384766 0.396484 0.080078 0.080078
0 0.348633 0.688477 0.118164 0.060547
0 0.271484 0.9375 0.103516 0.044922
0 0.695312 0.855469 0.123047 0.060547
0 0.086914 0.982422 0.104492 0.025391
0 0.495117 0.204102 0.100586 0.03125
0 0.558594 0.522461 0.064453 0.035156
0 0.871094 0.228516 0.170898 0.0625
0 0.117188 0.885742 0.073242 0.03418
0 0.213867 0.367188 0.183594 0.075195
0 0.799805 0.277344 0.089844 0.051758
0 0.061523 0.506836 0.060547 0.0625
0 0.916016 0.987305 0.06543 0.025391
0 0.071289 0.833008 0.111328 0.022461
0 0.020508 0.077148 0.041016 0.042969
0 0.834961 0.150391 0.147461 0.081055
0 0.338867 0.083984 0.126953 0.139648
0 0.316406 0.027344 0.09082 0.051758
0 0.191406 0.615234 0.205078 0.047852
0 0.630859 0.795898 0.083008 0.037109
0 0.725586 0.083008 0.045898 0.03418
0 0.322266 0.229492 0.042969 0.035156
0 0.850586 0.510742 0.083984 0.095703
0 0.234375 0.341797 0.114258 0.048828
0 0.435547 0.412109 0.092773 0.106445
0 0.257812 0.411133 0.120117 0.055664
0 0.211914 0.507812 0.070312 0.042969
0 0.213867 0.214844 0.077148 0.041016
0 0.895508 0.526367 0.092773 0.051758
0 0.77832 0.131836 0.098633 0.070312
0 0.072266 0.550781 0.129883 0.049805
0 0.369141 0.881836 0.0625 0.055664
0 0.529297 0.955078 0.070312 0.047852
0 0.591797 0.935547 0.09375 0.042969
0 0.598633 0.972656 0.099609 0.053711
