0 0.258887 0.106934 0.103906 0.11123
0 0.749023 0.369141 0.037109 0.076172
0 0.361328 0.141602 0.050781 0.099609
0 0.880859 0.813477 0.066406 0.063477
0 0.058594 0.754883 0.068359 0.074219
0 0.178711 0.954102 0.098633 0.09082
0 0.901367 0.1875 0.053711 0.108398
0 0.90332 0.043945 0.069336 0.087891
0 0.481445 0.52832 0.070312 0.056641
0 0.617188 0.478516 0.071289 0.057617
0 0.119141 0.038086 0.060547 0.077148
0 0.939453 0.124023 0.044922 0.091797
0 0.683594 0.685547 0.073242 0.077148
0 0.054688 0.551758 0.110352 0.058594
0 0.107422 0.473633 0.157227 0.075195
0 0.022461 0.100586 0.044922 0.047852
0 0.116211 0.913086 0.09082 0.054688
0 0.046875 0.855469 0.029297 0.064453
0 0.782227 0.097656 0.02832 0.069336
0 0.983398 0.058594 0.032227 0.116211
0 0.780273 0.030273 0.033203 0.060547
0 0.40918 0.628906 0.067383 0.064453
0 0.503906 0.287109 0.054688 0.098633
0 0.825195 0.783203 0.051758 0.134766
0 0.662109 0.198242 0.060547 0.09375
0 0.507812 0.46582 0.073242 0.049805
0 0.741211 0.010742 0.045898 0.022461
0 0.242188 0.566406 0.077148 0.060547
0 0.097656 0.710938 0.03125 0.085938
0 0.59082 0.829102 0.108398 0.061523
0 0.885742 0.929688 0.151367 0.140625
0 0.083008 0.118164 0.0625 0.064453
0 0.924805 0.425781 0.091797 0.046875
0 0.253906 0.695312 0.113281 0.072266
0 0.599609 0.323242 0.06543 0.146484
0 0.304688 0.458008 0.083984 0.116211
0 0.839844 0.154297 0.050781 0.109375
0 0.401367 0.391602 0.129883 0.107422
0 0.048828 0.446289 0.097656 0.089844
0 0.37793 0.540039 0.057617 0.085938
0 0.806641 0.693359 0.033203 0.0625
0 0.305664 0.264648 0.100586 0.049805
0 0.699219 0.040039 0.050781 0.051758
0 0.946289 0.079102 0.052734 0.077148
0 0.385742 0.041992 0.076172 0.042969
0 0.568359 0.982422 0.068359 0.035156
0 0.34082 0.573242 0.101562 0.049805
0 0.358398 0.416016 0.073242 0.03125
0 0.954102 0.608398 0.030273 0.09668
0 0.566406 0.948242 0.027344 0.067383
0 0.976562 0.487305 0.045898 0.048828
0 0.980469 0.551758 0.039062 0.082031
0 0.97168 0.40332 0.055664 0.076172
0 0.157227 0.713867 0.043945 0.051758
0 0.191406 0.118164 0.050781 0.040039
