0 0.049805 0.0625 0.100586 0.089844
0 0.041016 0.921875 0.083008 0.091797
0 0.272461 0.952148 0.072266 0.095703
0 0.169922 0.914062 0.057617 0.078125
0 0.054688 0.694336 0.087891 0.165039
0 0.200195 0.739258 0.087891 0.099609
0 0.24707 0.576172 0.131836 0.073242
0 0.291992 0.626953 0.080078 0.072266
0 0.115234 0.508789 0.073242 0.048828
0 0.079102 0.584961 0.067383 0.047852
0 0.042969 0.363281 0.085938 0.083984
0 0.191406 0.388672 0.076172 0.09082
0 0.277344 0.396484 0.085938 0.088867
0 0.369141 0.449219 0.080078 0.084961
0 0.467773 0.486328 0.091797 0.075195
0 0.498047 0.572266 0.056641 0.109375
0 0.623047 0.680664 0.116211 0.102539
0 0.481445 0.765625 0.095703 0.136719
0 0.368164 0.864258 0.095703 0.073242
0 0.245117 0.859375 0.058594 0.060547
0 0.37207 0.672852 0.123047 0.061523
0 0.12207 0.176758 0.124023 0.070312
0 0.240234 0.100586 0.118164 0.134766
0 0.318359 0.204102 0.077148 0.116211
0 0.441406 0.162109 0.132812 0.068359
0 0.539062 0.067383 0.054688 0.098633
0 0.635742 0.193359 0.141602 0.074219
0 0.62207 0.256836 0.078125 0.060547
0 0.459961 0.360352 0.069336 0.095703
0 0.728516 0.362305 0.080078 0.158203
0 0.806641 0.388672 0.103516 0.057617
0 0.731445 0.573242 0.060547 0.069336
0 0.813477 0.550781 0.064453 0.049805
0 0.888672 0.519531 0.081055 0.039062
0 0.307617 0.023438 0.075195 0.047852
0 0.421875 0.076172 0.054688 0.06543
0 0.449219 0.018555 0.087891 0.037109
0 0.584961 0.092773 0.040039 0.055664
0 0.946289 0.303711 0.105469 0.151367
0 0.849609 0.174805 0.092773 0.069336
0 0.918945 0.039062 0.067383 0.079102
0 0.964844 0.038086 0.069336 0.076172
0 0.828125 0.733398 0.081055 0.082031
0 0.705078 0.78418 0.126953 0.051758
0 0.695312 0.838867 0.120117 0.082031
0 0.6875 0.891602 0.064453 0.056641
0 0.551758 0.97168 0.119141 0.055664
0 0.901367 0.94043 0.069336 0.073242
0 0.804688 0.837891 0.057617 0.0625
0 0.932617 0.636719 0.081055 0.083984
0 0.960938 0.580078 0.078125 0.052734
0 0.354492 0.797852 0.082031 0.075195
