0 0.918945 0.097656 0.120117 0.12207
0 0.758789 0.44043 0.110352 0.102539
0 0.092773 0.87207 0.141602 0.095703
0 0.792969 0.292969 0.098633 0.086914
0 0.52832 0.408203 0.134766 0.102539
0 0.265625 0.489258 0.113281 0.084961
0 0.526367 0.634766 0.094727 0.099609
0 0.679688 0.136719 0.09082 0.099609
0 0.095703 0.679688 0.158203 0.115234
0 0.97168 0.202148 0.055664 0.099609
0 0.330078 0.30957 0.087891 0.084961
0 0.84375 0.631836 0.084961 0.094727
0 0.293945 0.882812 0.19043 0.108398
0 0.794922 0.782227 0.080078 0.09082
0 0.532227 0.71875 0.078125 0.070312
0 0.321289 0.072266 0.097656 0.145508
0 0.975586 0.487305 0.047852 0.083984
0 0.970703 0.921875 0.057617 0.094727
0 0.946289 0.881836 0.082031 0.084961
0 0.962891 0.69043 0.067383 0.083008
0 0.379883 0.126953 0.105469 0.105469
0 0.041992 0.118164 0.080078 0.091797
0 0.310547 0.964844 0.092773 0.070312
0 0.030273 0.957031 0.061523 0.079102
