0 0.058594 0.751953 0.067383 0.083008
0 0.595703 0.349609 0.054688 0.099609
0 0.445312 0.240234 0.076172 0.097656
0 0.438477 0.582031 0.109375 0.051758
0 0.902344 0.885742 0.09668 0.075195
0 0.564453 0.046875 0.054688 0.09375
0 0.058594 0.454102 0.09668 0.06543
0 0.192383 0.759766 0.084961 0.116211
0 0.091797 0.056641 0.108398 0.072266
0 0.359375 0.291016 0.077148 0.076172
0 0.193359 0.900391 0.0625 0.099609
0 0.420898 0.686523 0.103516 0.052734
0 0.592773 0.135742 0.056641 0.139648
0 0.834961 0.917969 0.056641 0.077148
0 0.770508 0.170898 0.073242 0.052734
0 0.03418 0.163086 0.067383 0.083984
0 0.979492 0.868164 0.036133 0.076172
0 0.441406 0.796875 0.044922 0.072266
0 0.450195 0.459961 0.070312 0.052734
0 0.65625 0.663086 0.09082 0.041016
0 0.876953 0.082031 0.056641 0.162109
0 0.830078 0.386719 0.047852 0.073242
0 0.723633 0.925781 0.049805 0.077148
0 0.755859 0.209961 0.043945 0.094727
0 0.188477 0.62793 0.09668 0.066406
0 0.269531 0.411133 0.121094 0.0625
0 0.048828 0.316406 0.097656 0.075195
0 0.652344 0.87793 0.045898 0.072266
0 0.638672 0.878906 0.043945 0.070312
0 0.785156 0.341797 0.09668 0.054688
0 0.192383 0.780273 0.067383 0.077148
0 0.24707 0.230469 0.067383 0.066406
0 0.368164 0.461914 0.084961 0.047852
0 0.056641 0.650391 0.106445 0.050781
0 0.754883 0.069336 0.100586 0.044922
0 0.713867 0.023438 0.045898 0.047852
0 0.145508 0.449219 0.083984 0.054688
0 0.31543 0.224609 0.056641 0.058594
0 0.19043 0.954102 0.130859 0.060547
0 0.929688 0.121094 0.068359 0.058594
0 0.637695 0.447266 0.066406 0.052734
0 0.255859 0.601562 0.09668 0.045898
0 0.084961 0.699219 0.09375 0.047852
0 0.890625 0.477539 0.06543 0.054688
0 0.125 0.509766 0.0625 0.032227
0 0.768555 0.401367 0.074219 0.052734
0 0.821289 0.489258 0.087891 0.051758
0 0.944336 0.416992 0.085938 0.053711
0 0.638672 0.091797 0.083984 0.051758
0 0.976562 0.748047 0.046875 0.048828
0 0.46875 0.137695 0.089844 0.048828
0 0.395508 0.958984 0.081055 0.038086
0 0.725586 0.162109 0.061523 0.058594
0 0.803711 0.834961 0.063477 0.044922
0 0.65625 0.014648 0.040039 0.030273
0 0.396484 0.924805 0.027344 0.075195
0 0.788086 0.118164 0.058594 0.042969
0 0.733398 0.631836 0.056641 0.037109
0 0.313477 0.032227 0.089844 0.041016
0 0.855469 0.584961 0.102539 0.117188
0 0.552734 0.963867 0.079102 0.052734
0 0.870117 0.608398 0.072266 0.067383
0 0.878906 0.973633 0.091797 0.052734
0 0.461914 0.981445 0.048828 0.037109
0 0.418945 0.014648 0.068359 0.029297
0 0.302734 0.765625 0.114258 0.104492
0 0.483398 0.5625 0.086914 0.043945
0 0.609375 0.914062 0.060547 0.042969
0 0.517578 0.607422 0.057617 0.0625
0 0.709961 0.381836 0.056641 0.051758
0 0.716797 0.474609 0.056641 0.060547
0 0.779297 0.461914 0.063477 0.052734
0 0.677734 0.147461 0.053711 0.055664
0 0.59082 0.206055 0.066406 0.041016
0 0.772461 0.890625 0.075195 0.063477
