0 0.680664 0.916992 0.0625 0.084961
0 0.743164 0.724609 0.082031 0.115234
0 0.780273 0.818359 0.067383 0.078125
0 0.777344 0.972656 0.066406 0.054688
0 0.915039 0.875 0.067383 0.076172
0 0.699219 0.196289 0.084961 0.110352
0 0.787109 0.285156 0.099609 0.12207
0 0.792969 0.37793 0.067383 0.077148
0 0.731445 0.415039 0.06543 0.067383
0 0.756836 0.560547 0.070312 0.061523
0 0.694336 0.639648 0.064453 0.064453
0 0.974609 0.654297 0.050781 0.069336
0 0.861328 0.146484 0.06543 0.110352
0 0.920898 0.532227 0.091797 0.071289
0 0.806641 0.068359 0.049805 0.132812
0 0.954102 0.863281 0.041016 0.083008
0 0.602539 0.099609 0.06543 0.082031
0 0.806641 0.18457 0.069336 0.099609
0 0.667969 0.069336 0.057617 0.049805
0 0.597656 0.03418 0.066406 0.06543
0 0.882812 0.039062 0.0625 0.075195
0 0.976562 0.026367 0.040039 0.049805
0 0.918945 0.126953 0.084961 0.089844
0 0.755859 0.099609 0.046875 0.134766
0 0.704102 0.128906 0.06543 0.06543
0 0.961914 0.582031 0.067383 0.055664
0 0.833008 0.947266 0.051758 0.049805
