0 0.136719 0.977539 0.134766 0.044922
0 0.916016 0.592773 0.145508 0.125
0 0.655273 0.589844 0.097656 0.176758
0 0.238281 0.767578 0.123047 0.282227
0 0.922852 0.494141 0.154297 0.097656
0 0.708984 0.15918 0.245117 0.134766
0 0.829102 0.325195 0.084961 0.12207
0 0.480469 0.568359 0.240234 0.126953
0 0.920898 0.082031 0.158203 0.164062
0 0.293945 0.05957 0.110352 0.115234
0 0.900391 0.772461 0.123047 0.092773
0 0.044922 0.666016 0.09082 0.152344
0 0.083008 0.298828 0.12793 0.405273
0 0.723633 0.363281 0.183594 0.342773
0 0.558594 0.053711 0.072266 0.104492
0 0.675781 0.694336 0.091797 0.0625
0 0.908203 0.922852 0.135742 0.149414
0 0.69043 0.31543 0.197266 0.137695
0 0.794922 0.757812 0.165039 0.162109
0 0.337891 0.204102 0.463867 0.175781
0 0.774414 0.725586 0.134766 0.15918
0 0.138672 0.560547 0.143555 0.237305
0 0.951172 0.941406 0.097656 0.115234
0 0.061523 0.539062 0.069336 0.155273
0 0.738281 0.917969 0.162109 0.163086
