0 0.447266 0.396484 0.135742 0.095703
0 0.802734 0.491211 0.109375 0.152344
0 0.859375 0.313477 0.055664 0.061523
0 0.929688 0.326172 0.06543 0.05957
0 0.878906 0.174805 0.06543 0.118164
0 0.96875 0.157227 0.061523 0.075195
0 0.96875 0.025391 0.0625 0.050781
0 0.990234 0.681641 0.019531 0.080078
0 0.174805 0.095703 0.124023 0.172852
0 0.475586 0.055664 0.098633 0.09082
0 0.208984 0.450195 0.071289 0.058594
0 0.09375 0.423828 0.09375 0.117188
0 0.037109 0.555664 0.054688 0.057617
0 0.09668 0.661133 0.119141 0.193359
0 0.077148 0.847656 0.09668 0.053711
0 0.637695 0.735352 0.083984 0.053711
0 0.509766 0.961914 0.071289 0.075195
0 0.118164 0.904297 0.046875 0.041016
0 0.043945 0.942383 0.087891 0.083984
0 0.56543 0.571289 0.104492 0.106445
