0 0.837891 0.307617 0.079102 0.083008
0 0.916992 0.303711 0.060547 0.0625
0 0.977539 0.269531 0.043945 0.103516
0 0.828125 0.054688 0.069336 0.074219
0 0.609375 0.017578 0.077148 0.036133
0 0.554688 0.027344 0.047852 0.054688
0 0.75 0.189453 0.09082 0.080078
0 0.658203 0.237305 0.097656 0.069336
0 0.53418 0.271484 0.112305 0.083984
0 0.527344 0.368164 0.0625 0.056641
0 0.483398 0.382812 0.06543 0.078125
0 0.501953 0.431641 0.046875 0.061523
0 0.56543 0.429688 0.052734 0.06543
0 0.741211 0.476562 0.069336 0.068359
0 0.750977 0.357422 0.082031 0.060547
0 0.925781 0.466797 0.083984 0.072266
0 0.948242 0.510742 0.06543 0.042969
0 0.350586 0.261719 0.072266 0.049805
0 0.286133 0.206055 0.064453 0.069336
0 0.206055 0.223633 0.086914 0.104492
0 0.181641 0.0625 0.045898 0.050781
0 0.233398 0.066406 0.051758 0.054688
0 0.420898 0.009766 0.076172 0.019531
0 0.081055 0.0625 0.070312 0.092773
0 0.141602 0.032227 0.045898 0.06543
0 0.076172 0.207031 0.081055 0.094727
0 0.089844 0.295898 0.080078 0.072266
0 0.102539 0.386719 0.12207 0.073242
0 0.267578 0.354492 0.099609 0.069336
0 0.294922 0.455078 0.108398 0.063477
0 0.5 0.527344 0.085938 0.0625
0 0.097656 0.50293 0.063477 0.052734
0 0.788086 0.5625 0.082031 0.055664
0 0.960938 0.832031 0.054688 0.052734
0 0.941406 0.902344 0.074219 0.076172
0 0.988281 0.766602 0.023438 0.069336
0 0.855469 0.78125 0.082031 0.058594
0 0.570312 0.734375 0.0625 0.060547
0 0.399414 0.716797 0.084961 0.061523
0 0.362305 0.782227 0.091797 0.063477
0 0.413086 0.90332 0.092773 0.083984
0 0.512695 0.895508 0.06543 0.064453
0 0.666016 0.939453 0.047852 0.055664
0 0.262695 0.910156 0.080078 0.075195
0 0.026367 0.783203 0.053711 0.100586
0 0.136719 0.529297 0.064453 0.040039
0 0.038086 0.912109 0.070312 0.045898
0 0.555664 0.891602 0.048828 0.040039
0 0.277344 0.021484 0.060547 0.043945
0 0.946289 0.399414 0.051758 0.051758
0 0.904297 0.916016 0.058594 0.049805
0 0.680664 0.37207 0.052734 0.048828
0 0.162109 0.419922 0.060547 0.043945
