0 0.408203 0.145508 0.117188 0.087891
0 0.423828 0.453125 0.145508 0.117188
0 0.703125 0.466797 0.142578 0.070312
0 0.583984 0.162109 0.114258 0.089844
0 0.587891 0.485352 0.152344 0.067383
0 0.352539 0.624023 0.12207 0.075195
0 0.323242 0.457031 0.091797 0.095703
0 0.546875 0.371094 0.140625 0.084961
0 0.693359 0.631836 0.152344 0.070312
0 0.436523 0.847656 0.119141 0.06543
0 0.457031 0.735352 0.117188 0.070312
0 0.742188 0.34375 0.195312 0.134766
0 0.84375 0.136719 0.174805 0.06543
0 0.249023 0.861328 0.094727 0.075195
0 0.791992 0.09082 0.154297 0.056641
0 0.705078 0.145508 0.166992 0.0625
0 0.620117 0.314453 0.163086 0.080078
0 0.725586 0.708008 0.177734 0.052734
0 0.485352 0.650391 0.092773 0.067383
0 0.592773 0.707031 0.131836 0.054688
0 0.655273 0.34375 0.118164 0.0625
0 0.459961 0.268555 0.112305 0.0625
0 0.883789 0.258789 0.097656 0.064453
0 0.685547 0.204102 0.072266 0.049805
0 0.459961 0.084961 0.125 0.067383
0 0.597656 0.081055 0.162109 0.049805
0 0.724609 0.029297 0.115234 0.054688
0 0.141602 0.614258 0.06543 0.057617
0 0.630859 0.543945 0.139648 0.044922
