0 0.499023 0.9375 0.068359 0.083984
0 0.017578 0.09668 0.036133 0.120117
0 0.024414 0.416016 0.048828 0.076172
0 0.855469 0.040039 0.048828 0.077148
0 0.357422 0.063477 0.052734 0.116211
0 0.546875 0.449219 0.075195 0.068359
0 0.628906 0.068359 0.081055 0.108398
0 0.374023 0.417969 0.036133 0.084961
0 0.96875 0.123047 0.056641 0.077148
0 0.030273 0.84082 0.049805 0.066406
0 0.304688 0.599609 0.087891 0.071289
0 0.258789 0.109375 0.070312 0.094727
0 0.0625 0.930664 0.125 0.086914
0 0.085938 0.204102 0.047852 0.084961
0 0.460938 0.115234 0.088867 0.069336
0 0.831055 0.336914 0.05957 0.116211
0 0.220703 0.636719 0.086914 0.050781
0 0.282227 0.710938 0.079102 0.085938
0 0.301758 0.897461 0.080078 0.089844
0 0.858398 0.603516 0.057617 0.082031
0 0.642578 0.162109 0.05957 0.081055
0 0.039062 0.624023 0.079102 0.069336
0 0.540039 0.636719 0.077148 0.061523
0 0.705078 0.707031 0.042969 0.083008
0 0.473633 0.047852 0.030273 0.095703
0 0.620117 0.246094 0.056641 0.12793
0 0.47168 0.408203 0.052734 0.103516
0 0.379883 0.824219 0.139648 0.12793
0 0.6875 0.269531 0.057617 0.120117
0 0.729492 0.93457 0.055664 0.068359
0 0.984375 0.435547 0.03125 0.066406
0 0.422852 0.729492 0.056641 0.055664
0 0.234375 0.447266 0.125 0.069336
0 0.197266 0.375 0.074219 0.098633
0 0.575195 0.362305 0.044922 0.092773
0 0.114258 0.737305 0.060547 0.048828
0 0.463867 0.545898 0.097656 0.097656
0 0.37207 0.319336 0.041016 0.141602
0 0.201172 0.509766 0.067383 0.083008
0 0.595703 0.711914 0.051758 0.115234
0 0.757812 0.016602 0.053711 0.03418
0 0.982422 0.878906 0.03418 0.075195
0 0.571289 0.930664 0.071289 0.054688
0 0.771484 0.162109 0.081055 0.055664
0 0.852539 0.869141 0.139648 0.072266
0 0.391602 0.287109 0.049805 0.080078
0 0.894531 0.976562 0.086914 0.045898
0 0.37793 0.140625 0.029297 0.066406
0 0.986328 0.973633 0.022461 0.047852
0 0.806641 0.40625 0.030273 0.066406
0 0.955078 0.607422 0.032227 0.072266
0 0.547852 0.030273 0.072266 0.060547
0 0.820312 0.583008 0.051758 0.086914
0 0.65918 0.303711 0.050781 0.075195
0 0.143555 0.915039 0.057617 0.053711
0 0.655273 0.988281 0.055664 0.023438
0 0.020508 0.584961 0.041016 0.045898
0 0.821289 0.768555 0.099609 0.057617
0 0.173828 0.875 0.081055 0.038086
0 0.493164 0.47168 0.072266 0.043945
0 0.578125 0.244141 0.044922 0.03418
0 0.098633 0.084961 0.039062 0.063477
0 0.163086 0.254883 0.056641 0.076172
0 0.602539 0.102539 0.041016 0.076172
0 0.908203 0.845703 0.101562 0.035156
0 0.020508 0.043945 0.041992 0.046875
0 0.544922 0.327148 0.030273 0.077148
0 0.987305 0.212891 0.025391 0.064453
0 0.010742 0.960938 0.022461 0.072266
0 0.282227 0.783203 0.080078 0.074219
0 0.240234 0.833984 0.046875 0.072266
0 0.177734 0.798828 0.049805 0.03125
0 0.21582 0.949219 0.15918 0.085938
0 0.298828 0.825195 0.139648 0.043945
0 0.662109 0.020508 0.061523 0.041992
