0 0.240234 0.154297 0.115234 0.069336
0 0.305664 0.255859 0.081055 0.101562
0 0.413086 0.286133 0.092773 0.091797
0 0.512695 0.349609 0.068359 0.063477
0 0.481445 0.401367 0.058594 0.042969
0 0.143555 0.414062 0.048828 0.055664
0 0.102539 0.481445 0.061523 0.040039
0 0.474609 0.457031 0.083008 0.0625
0 0.397461 0.545898 0.069336 0.05957
0 0.573242 0.541016 0.09375 0.069336
0 0.633789 0.605469 0.108398 0.058594
0 0.625 0.691406 0.048828 0.083984
0 0.688477 0.679688 0.058594 0.063477
0 0.916992 0.779297 0.068359 0.058594
0 0.896484 0.270508 0.076172 0.066406
0 0.668945 0.259766 0.070312 0.046875
0 0.579102 0.166016 0.064453 0.048828
0 0.604492 0.063477 0.081055 0.094727
0 0.763672 0.088867 0.075195 0.083008
0 0.839844 0.120117 0.071289 0.09082
0 0.77832 0.181641 0.075195 0.082031
0 0.959961 0.09668 0.080078 0.070312
0 0.951172 0.199219 0.066406 0.050781
0 0.37793 0.683594 0.05957 0.040039
0 0.49707 0.701172 0.088867 0.0625
0 0.823242 0.729492 0.054688 0.069336
0 0.788086 0.611328 0.050781 0.061523
0 0.556641 0.981445 0.057617 0.037109
0 0.342773 0.90918 0.098633 0.066406
0 0.413086 0.944336 0.063477 0.056641
0 0.174805 0.882812 0.086914 0.056641
0 0.175781 0.950195 0.063477 0.047852
0 0.057617 0.919922 0.066406 0.06543
0 0.750977 0.854492 0.073242 0.077148
0 0.811523 0.220703 0.0625 0.061523
0 0.421875 0.637695 0.073242 0.05957
0 0.969727 0.924805 0.058594 0.083984
0 0.160156 0.65332 0.088867 0.050781
0 0.858398 0.977539 0.045898 0.044922
0 0.519531 0.555664 0.048828 0.044922
0 0.658203 0.813477 0.060547 0.060547
0 0.519531 0.06543 0.03125 0.045898
0 0.921875 0.229492 0.047852 0.041992
0 0.855469 0.09375 0.0625 0.051758
