0 0.173828 0.136719 0.066406 0.06543
0 0.224609 0.186523 0.075195 0.068359
0 0.163086 0.219727 0.063477 0.072266
0 0.09082 0.191406 0.089844 0.111328
0 0.430664 0.18457 0.091797 0.069336
0 0.785156 0.164062 0.094727 0.098633
0 0.707031 0.379883 0.082031 0.072266
0 0.652344 0.298828 0.063477 0.068359
0 0.714844 0.286133 0.063477 0.066406
0 0.333008 0.453125 0.086914 0.129883
0 0.264648 0.457031 0.055664 0.109375
0 0.313477 0.601562 0.072266 0.078125
0 0.114258 0.654297 0.081055 0.138672
0 0.205078 0.753906 0.06543 0.083008
0 0.133789 0.776367 0.113281 0.088867
0 0.327148 0.698242 0.070312 0.078125
0 0.441406 0.68457 0.097656 0.06543
0 0.473633 0.748047 0.071289 0.069336
0 0.617188 0.717773 0.103516 0.067383
0 0.572266 0.805664 0.0625 0.075195
0 0.737305 0.750977 0.068359 0.054688
0 0.832031 0.670898 0.085938 0.146484
0 0.642578 0.824219 0.0625 0.05957
0 0.669922 0.868164 0.064453 0.063477
0 0.201172 0.864258 0.078125 0.080078
0 0.266602 0.93457 0.083008 0.085938
0 0.567383 0.930664 0.110352 0.12793
0 0.744141 0.926758 0.085938 0.084961
0 0.893555 0.923828 0.085938 0.079102
0 0.90625 0.484375 0.091797 0.077148
0 0.90918 0.322266 0.06543 0.064453
0 0.285156 0.375 0.112305 0.074219
