0 0.50293 0.600586 0.091797 0.050781
0 0.095703 0.588867 0.088867 0.038086
0 0.841797 0.352539 0.087891 0.063477
0 0.162109 0.242188 0.095703 0.067383
0 0.264648 0.44043 0.053711 0.075195
0 0.219727 0.371094 0.080078 0.041992
0 0.96582 0.052734 0.067383 0.052734
0 0.538086 0.287109 0.123047 0.040039
0 0.901367 0.209961 0.113281 0.120117
0 0.458008 0.235352 0.074219 0.06543
0 0.634766 0.078125 0.124023 0.05957
0 0.314453 0.574219 0.088867 0.037109
0 0.976562 0.15332 0.045898 0.083984
0 0.743164 0.432617 0.112305 0.038086
0 0.069336 0.791992 0.097656 0.046875
0 0.888672 0.660156 0.058594 0.045898
0 0.344727 0.633789 0.077148 0.046875
0 0.619141 0.021484 0.068359 0.041016
0 0.157227 0.441406 0.101562 0.041016
0 0.061523 0.855469 0.119141 0.073242
0 0.076172 0.164062 0.097656 0.085938
0 0.689453 0.5 0.151367 0.048828
0 0.241211 0.144531 0.129883 0.075195
0 0.773438 0.936523 0.091797 0.063477
0 0.802734 0.600586 0.06543 0.054688
0 0.46582 0.923828 0.111328 0.043945
0 0.677734 0.15918 0.076172 0.109375
0 0.250977 0.202148 0.143555 0.079102
0 0.322266 0.330078 0.072266 0.107422
0 0.806641 0.791016 0.125977 0.06543
0 0.231445 0.587891 0.081055 0.039062
0 0.936523 0.631836 0.050781 0.050781
0 0.987305 0.325195 0.025391 0.058594
0 0.836914 0.707031 0.137695 0.030273
0 0.067383 0.426758 0.09082 0.053711
0 0.568359 0.505859 0.125977 0.046875
0 0.710938 0.97168 0.040039 0.052734
0 0.72168 0.019531 0.098633 0.040039
0 0.651367 0.671875 0.109375 0.033203
0 0.552734 0.87207 0.098633 0.047852
0 0.325195 0.262695 0.149414 0.045898
0 0.352539 0.882812 0.104492 0.054688
0 0.640625 0.469727 0.216797 0.039062
0 0.603516 0.158203 0.133789 0.083984
0 0.366211 0.018555 0.041992 0.037109
0 0.383789 0.983398 0.045898 0.029297
0 0.414062 0.829102 0.134766 0.040039
0 0.638672 0.710938 0.151367 0.071289
0 0.483398 0.670898 0.087891 0.050781
0 0.333008 0.947266 0.056641 0.058594
0 0.069336 0.948242 0.131836 0.0625
0 0.860352 0.313477 0.040039 0.076172
0 0.503906 0.207031 0.107422 0.038086
0 0.082031 0.679688 0.101562 0.066406
0 0.515625 0.120117 0.117188 0.063477
0 0.753906 0.311523 0.095703 0.027344
0 0.138672 0.671875 0.113281 0.040039
0 0.713867 0.788086 0.075195 0.033203
0 0.536133 0.97168 0.168945 0.040039
0 0.532227 0.171875 0.092773 0.038086
0 0.02832 0.993164 0.055664 0.012695
0 0.402344 0.199219 0.095703 0.038086
0 0.651367 0.637695 0.105469 0.03125
0 0.068359 0.470703 0.068359 0.03125
0 0.124023 0.398438 0.089844 0.045898
0 0.508789 0.801758 0.110352 0.033203
0 0.709473 0.847168 0.150195 0.046973
0 0.513672 0.84668 0.067383 0.018555
0 0.308594 0.648438 0.083008 0.047852
0 0.737305 0.835938 0.069336 0.036133
0 0.167969 0.988281 0.118164 0.023438
0 0.060547 0.382812 0.077148 0.03418
0 0.612305 0.537109 0.063477 0.020508
0 0.092773 0.760742 0.140625 0.03418
0 0.016602 0.200195 0.03418 0.064453
0 0.928711 0.147461 0.067383 0.027344
0 0.762695 0.344727 0.047852 0.05957
0 0.271484 0.339844 0.125 0.076172
0 0.786133 0.976562 0.06543 0.033203
0 0.068359 0.460938 0.067383 0.021484
0 0.645508 0.854492 0.081055 0.054688
0 0.425781 0.849609 0.134766 0.024414
0 0.163086 0.803711 0.102539 0.039062
0 0.237305 0.796875 0.040039 0.039062
0 0.200195 0.761719 0.09082 0.03418
0 0.066406 0.75293 0.132812 0.037109
0 0.785156 0.263672 0.06543 0.0625
