0 0.729492 0.679688 0.140625 0.084961
0 0.402344 0.084961 0.160156 0.147461
0 0.707031 0.417969 0.134766 0.12793
0 0.610352 0.894531 0.083008 0.099609
0 0.467773 0.220703 0.118164 0.117188
0 0.792969 0.885742 0.102539 0.152344
0 0.53125 0.719727 0.120117 0.067383
0 0.189453 0.801758 0.080078 0.134766
0 0.923828 0.501953 0.083008 0.107422
0 0.743164 0.123047 0.072266 0.077148
0 0.270508 0.113281 0.074219 0.06543
0 0.365234 0.279297 0.112305 0.080078
0 0.573242 0.439453 0.075195 0.105469
0 0.363281 0.933594 0.082031 0.120117
0 0.96875 0.101562 0.0625 0.114258
0 0.529297 0.93457 0.070312 0.080078
0 0.724609 0.87793 0.060547 0.12793
0 0.954102 0.662109 0.09082 0.064453
0 0.65918 0.571289 0.080078 0.06543
0 0.491211 0.042969 0.0625 0.077148
0 0.864258 0.913086 0.070312 0.117188
0 0.429688 0.641602 0.099609 0.129883
0 0.430664 0.34082 0.091797 0.136719
0 0.31543 0.490234 0.0625 0.097656
0 0.950195 0.71582 0.083008 0.0625
0 0.063477 0.637695 0.123047 0.112305
0 0.930664 0.836914 0.137695 0.195312
0 0.931641 0.074219 0.089844 0.100586
0 0.378906 0.480469 0.072266 0.086914
0 0.580078 0.091797 0.0625 0.05957
0 0.433594 0.740234 0.084961 0.073242
0 0.234375 0.905273 0.084961 0.067383
0 0.356445 0.369141 0.06543 0.06543
0 0.631836 0.141602 0.070312 0.06543
0 0.519531 0.459961 0.054688 0.080078
0 0.255859 0.245117 0.06543 0.073242
0 0.412109 0.427734 0.080078 0.073242
0 0.05957 0.941406 0.115234 0.104492
0 0.59082 0.181641 0.087891 0.06543
0 0.96582 0.947266 0.068359 0.099609
0 0.035156 0.454102 0.067383 0.075195
0 0.40332 0.972656 0.05957 0.053711
0 0.225586 0.926758 0.097656 0.115234
0 0.943359 0.087891 0.113281 0.12207
0 0.019531 0.230469 0.035156 0.0625
0 0.599609 0.018555 0.070312 0.037109
0 0.666992 0.119141 0.054688 0.049805
0 0.633789 0.09668 0.05957 0.044922
0 0.168945 0.814453 0.139648 0.084961
0 0.682617 0.391602 0.057617 0.069336
0 0.34375 0.145508 0.057617 0.037109
0 0.052734 0.618164 0.102539 0.097656
