0 0.65918 0.029297 0.104492 0.05957
0 0.806641 0.191406 0.125 0.145508
0 0.426758 0.511719 0.140625 0.078125
0 0.576172 0.229492 0.134766 0.066406
0 0.904297 0.50293 0.125 0.132812
0 0.727539 0.654297 0.172852 0.084961
0 0.3125 0.822266 0.142578 0.079102
0 0.628906 0.774414 0.100586 0.099609
0 0.672852 0.495117 0.126953 0.09375
0 0.875977 0.893555 0.123047 0.111328
0 0.360352 0.685547 0.118164 0.075195
0 0.719727 0.09668 0.105469 0.100586
0 0.044922 0.150391 0.09082 0.210938
0 0.050781 0.470703 0.097656 0.126953
0 0.064453 0.324219 0.125 0.094727
