0 0.882812 0.490234 0.157227 0.067383
0 0.848633 0.854492 0.084961 0.080078
0 0.655273 0.920898 0.094727 0.126953
0 0.767578 0.84082 0.077148 0.097656
0 0.704102 0.370117 0.135742 0.083008
0 0.823242 0.242188 0.078125 0.060547
0 0.600586 0.479492 0.117188 0.115234
0 0.513672 0.452148 0.0625 0.095703
0 0.418945 0.120117 0.134766 0.241211
0 0.530273 0.042969 0.073242 0.086914
0 0.958008 0.208008 0.083984 0.126953
0 0.40918 0.618164 0.084961 0.0625
0 0.960938 0.053711 0.0625 0.107422
0 0.65625 0.780273 0.155273 0.057617
0 0.782227 0.119141 0.099609 0.069336
0 0.225586 0.854492 0.192383 0.080078
0 0.606445 0.195312 0.194336 0.09668
0 0.666992 0.006836 0.074219 0.014648
0 0.428711 0.833984 0.094727 0.180664
0 0.098633 0.523438 0.198242 0.205078
0 0.65918 0.72168 0.274414 0.100586
0 0.144531 0.042969 0.140625 0.086914
0 0.077148 0.65332 0.150391 0.072266
0 0.731445 0.289062 0.05957 0.05957
0 0.583984 0.356445 0.114258 0.129883
0 0.03418 0.100586 0.068359 0.189453
0 0.803711 0.401367 0.0625 0.104492
0 0.125 0.291992 0.110352 0.064453
0 0.368164 0.726562 0.091797 0.149414
0 0.613281 0.657227 0.072266 0.080078
0 0.49707 0.538086 0.095703 0.057617
0 0.931641 0.129883 0.089844 0.134766
0 0.688477 0.251953 0.132812 0.060547
0 0.69043 0.086914 0.131836 0.174805
0 0.324219 0.760742 0.05957 0.046875
0 0.025391 0.5 0.050781 0.091797
0 0.12793 0.152344 0.163086 0.212891
0 0.396484 0.1875 0.055664 0.172852
0 0.019531 0.321289 0.035156 0.209961
0 0.06543 0.47168 0.089844 0.042969
0 0.506836 0.695312 0.054688 0.067383
0 0.452148 0.787109 0.070312 0.115234
0 0.560547 0.976562 0.102539 0.045898
0 0.120117 0.895508 0.092773 0.087891
0 0.025391 0.807617 0.047852 0.057617
0 0.042969 0.871094 0.085938 0.251953
0 0.073242 0.874023 0.112305 0.250977
0 0.835938 0.669922 0.097656 0.205078
0 0.821289 0.644531 0.174805 0.099609
0 0.887695 0.666992 0.051758 0.050781
0 0.939453 0.564453 0.120117 0.081055
0 0.974609 0.615234 0.038086 0.0625
0 0.955078 0.688477 0.089844 0.175781
