0 0.114258 0.258789 0.081055 0.063477
0 0.34668 0.046875 0.066406 0.082031
0 0.44043 0.033203 0.063477 0.066406
0 0.279297 0.129883 0.076172 0.06543
0 0.28418 0.241211 0.074219 0.069336
0 0.396484 0.311523 0.06543 0.082031
0 0.535156 0.293945 0.058594 0.102539
0 0.486328 0.209961 0.049805 0.0625
0 0.55957 0.120117 0.089844 0.051758
0 0.650391 0.043945 0.099609 0.055664
0 0.69043 0.104492 0.09082 0.05957
0 0.705078 0.212891 0.068359 0.078125
0 0.868164 0.152344 0.087891 0.051758
0 0.953125 0.235352 0.092773 0.064453
0 0.113281 0.461914 0.080078 0.050781
0 0.115234 0.416016 0.086914 0.057617
0 0.147461 0.350586 0.073242 0.053711
0 0.223633 0.413086 0.084961 0.061523
0 0.205078 0.487305 0.077148 0.061523
0 0.305664 0.483398 0.064453 0.054688
0 0.350586 0.429688 0.084961 0.071289
0 0.327148 0.552734 0.067383 0.054688
0 0.450195 0.529297 0.063477 0.054688
0 0.478516 0.47168 0.0625 0.076172
0 0.544922 0.397461 0.058594 0.072266
0 0.611328 0.385742 0.083984 0.061523
0 0.620117 0.330078 0.072266 0.060547
0 0.59082 0.483398 0.073242 0.078125
0 0.705078 0.498047 0.084961 0.056641
0 0.680664 0.425781 0.05957 0.066406
0 0.955078 0.3125 0.088867 0.063477
0 0.921875 0.443359 0.070312 0.068359
0 0.911133 0.586914 0.072266 0.064453
0 0.610352 0.612305 0.075195 0.052734
0 0.579102 0.65625 0.081055 0.072266
0 0.680664 0.686523 0.124023 0.069336
0 0.779297 0.679688 0.077148 0.079102
0 0.854492 0.724609 0.054688 0.058594
0 0.834961 0.766602 0.100586 0.055664
0 0.911133 0.788086 0.072266 0.056641
0 0.96582 0.811523 0.067383 0.064453
0 0.952148 0.696289 0.06543 0.087891
0 0.633789 0.858398 0.095703 0.080078
0 0.453125 0.74707 0.068359 0.058594
0 0.308594 0.680664 0.076172 0.069336
0 0.214844 0.669922 0.074219 0.068359
0 0.15332 0.856445 0.106445 0.0625
0 0.057617 0.811523 0.057617 0.0625
0 0.337891 0.772461 0.098633 0.071289
0 0.399414 0.860352 0.085938 0.066406
0 0.597656 0.926758 0.05957 0.056641
0 0.814453 0.9375 0.077148 0.056641
0 0.835938 0.979492 0.073242 0.040039
0 0.724609 0.960938 0.069336 0.054688
0 0.436523 0.964844 0.113281 0.070312
0 0.021484 0.866211 0.042969 0.076172
0 0.644531 0.97168 0.057617 0.055664
