0 0.487305 0.056641 0.087891 0.09082
0 0.576172 0.011719 0.052734 0.024414
0 0.887695 0.191406 0.104492 0.085938
0 0.632812 0.094727 0.101562 0.071289
0 0.617188 0.174805 0.080078 0.083008
0 0.348633 0.180664 0.080078 0.103516
0 0.246094 0.15625 0.082031 0.101562
0 0.202148 0.075195 0.118164 0.095703
0 0.035156 0.217773 0.070312 0.107422
0 0.038086 0.071289 0.076172 0.115234
0 0.858398 0.487305 0.111328 0.089844
0 0.794922 0.577148 0.073242 0.081055
0 0.876953 0.574219 0.073242 0.079102
0 0.69043 0.415039 0.114258 0.083984
0 0.802734 0.371094 0.092773 0.094727
0 0.555664 0.598633 0.103516 0.195312
0 0.647461 0.540039 0.071289 0.068359
0 0.458008 0.625977 0.041992 0.099609
0 0.557617 0.84375 0.083984 0.250977
0 0.817383 0.858398 0.080078 0.086914
0 0.87207 0.953125 0.119141 0.092773
0 0.257812 0.672852 0.148438 0.214844
0 0.130859 0.597656 0.104492 0.080078
0 0.089844 0.446289 0.072266 0.084961
0 0.344727 0.936523 0.130859 0.126953
0 0.115234 0.806641 0.115234 0.099609
0 0.03125 0.717773 0.0625 0.092773
0 0.224609 0.501953 0.058594 0.041016
