0 0.597656 0.637695 0.074219 0.116211
0 0.686523 0.461914 0.043945 0.083984
0 0.40918 0.115234 0.071289 0.081055
0 0.323242 0.699219 0.044922 0.106445
0 0.438477 0.439453 0.041992 0.102539
0 0.423828 0.700195 0.081055 0.121094
0 0.760742 0.169922 0.058594 0.117188
0 0.482422 0.203125 0.137695 0.05957
0 0.551758 0.813477 0.051758 0.124023
0 0.977539 0.407227 0.044922 0.133789
0 0.680664 0.97168 0.083008 0.056641
0 0.568359 0.777344 0.048828 0.077148
0 0.036133 0.666016 0.073242 0.067383
0 0.498047 0.242188 0.036133 0.072266
0 0.150391 0.036133 0.046875 0.073242
0 0.661133 0.069336 0.075195 0.107422
0 0.071289 0.396484 0.113281 0.098633
0 0.027344 0.490234 0.048828 0.091797
0 0.832031 0.350586 0.102539 0.084961
0 0.442383 0.021484 0.041016 0.042969
0 0.378906 0.280273 0.056641 0.134766
0 0.625977 0.22168 0.053711 0.056641
0 0.266602 0.597656 0.109375 0.063477
0 0.449219 0.870117 0.064453 0.083008
0 0.194336 0.512695 0.055664 0.087891
0 0.84375 0.757812 0.136719 0.12793
0 0.748047 0.977539 0.03125 0.044922
0 0.472656 0.65918 0.082031 0.038086
0 0.595703 0.976562 0.066406 0.046875
0 0.910156 0.581055 0.125977 0.098633
0 0.928711 0.447266 0.039062 0.072266
0 0.816406 0.977539 0.03418 0.043945
0 0.133789 0.362305 0.071289 0.175781
0 0.90918 0.237305 0.073242 0.045898
0 0.672852 0.911133 0.097656 0.058594
0 0.047852 0.40918 0.05957 0.057617
0 0.109375 0.459961 0.029297 0.06543
0 0.173828 0.026367 0.05957 0.052734
0 0.681641 0.557617 0.039062 0.060547
0 0.224609 0.254883 0.039062 0.052734
0 0.480469 0.825195 0.070312 0.041016
0 0.19043 0.569336 0.06543 0.047852
0 0.22168 0.650391 0.139648 0.054688
0 0.169922 0.47168 0.049805 0.119141
0 0.532227 0.394531 0.042969 0.089844
0 0.744141 0.629883 0.047852 0.071289
0 0.46582 0.776367 0.041992 0.05957
0 0.970703 0.021484 0.051758 0.043945
0 0.884766 0.878906 0.03125 0.039062
0 0.310547 0.214844 0.051758 0.05957
0 0.194336 0.233398 0.036133 0.063477
0 0.347656 0.196289 0.044922 0.041992
0 0.897461 0.850586 0.056641 0.083008
0 0.837891 0.824219 0.052734 0.035156
0 0.248047 0.216797 0.064453 0.105469
0 0.348633 0.263672 0.049805 0.036133
0 0.68457 0.455078 0.056641 0.071289
0 0.314453 0.535156 0.043945 0.083984
0 0.378906 0.466797 0.082031 0.085938
0 0.419922 0.561523 0.036133 0.144531
0 0.875977 0.910156 0.056641 0.029297
0 0.948242 0.888672 0.084961 0.042969
0 0.981445 0.213867 0.036133 0.041016
