0 0.018555 0.365234 0.037109 0.068359
0 0.041992 0.542969 0.084961 0.157227
0 0.071289 0.645508 0.095703 0.064453
0 0.054688 0.845703 0.057617 0.098633
0 0.040039 0.027344 0.081055 0.054688
0 0.557617 0.027344 0.091797 0.054688
0 0.698242 0.154297 0.087891 0.09668
0 0.578125 0.270508 0.085938 0.110352
0 0.399414 0.275391 0.161133 0.073242
0 0.322266 0.232422 0.128906 0.084961
0 0.169922 0.239258 0.094727 0.081055
0 0.158203 0.374023 0.125 0.105469
0 0.282227 0.324219 0.09668 0.101562
0 0.357422 0.458008 0.072266 0.091797
0 0.266602 0.423828 0.083008 0.075195
0 0.12207 0.544922 0.12207 0.15918
0 0.274414 0.548828 0.088867 0.067383
0 0.351562 0.563477 0.094727 0.107422
0 0.4375 0.499023 0.111328 0.188477
0 0.525391 0.537109 0.061523 0.116211
0 0.603516 0.62207 0.069336 0.084961
0 0.691406 0.597656 0.084961 0.115234
0 0.737305 0.470703 0.084961 0.089844
0 0.962891 0.416992 0.073242 0.076172
0 0.845703 0.598633 0.084961 0.080078
0 0.786133 0.731445 0.118164 0.157227
0 0.911133 0.728516 0.143555 0.198242
0 0.438477 0.665039 0.113281 0.097656
0 0.288086 0.629883 0.084961 0.075195
0 0.283203 0.703125 0.095703 0.114258
0 0.167969 0.750977 0.098633 0.112305
0 0.234375 0.769531 0.170898 0.155273
0 0.379883 0.820312 0.107422 0.132812
0 0.195312 0.950195 0.085938 0.098633
0 0.301758 0.967773 0.085938 0.064453
0 0.314453 0.897461 0.091797 0.069336
0 0.789062 0.969727 0.076172 0.05957
