0 0.033203 0.109375 0.067383 0.064453
0 0.015625 0.401367 0.032227 0.134766
0 0.168945 0.176758 0.111328 0.083008
0 0.339844 0.046875 0.175781 0.086914
0 0.273438 0.21875 0.045898 0.061523
0 0.250977 0.297852 0.072266 0.189453
0 0.110352 0.404297 0.106445 0.081055
0 0.035156 0.520508 0.070312 0.099609
0 0.106445 0.5625 0.104492 0.101562
0 0.174805 0.569336 0.112305 0.06543
0 0.294922 0.476562 0.067383 0.148438
0 0.386719 0.521484 0.084961 0.161133
0 0.479492 0.342773 0.103516 0.111328
0 0.449219 0.165039 0.082031 0.107422
0 0.672852 0.068359 0.182617 0.060547
0 0.623047 0.166016 0.05957 0.085938
0 0.103516 0.845703 0.066406 0.144531
0 0.118164 0.900391 0.056641 0.130859
0 0.196289 0.931641 0.058594 0.130859
0 0.291992 0.735352 0.088867 0.100586
0 0.498047 0.720703 0.167969 0.105469
0 0.307617 0.969727 0.055664 0.05957
0 0.364258 0.9375 0.09668 0.104492
0 0.800781 0.914062 0.107422 0.143555
0 0.962891 0.904297 0.074219 0.163086
0 0.525391 0.585938 0.154297 0.06543
0 0.700195 0.368164 0.170898 0.098633
0 0.789062 0.537109 0.173828 0.092773
0 0.983398 0.384766 0.033203 0.056641
0 0.974609 0.751953 0.049805 0.099609
0 0.785156 0.185547 0.075195 0.053711
0 0.84082 0.193359 0.057617 0.149414
0 0.983398 0.174805 0.033203 0.097656
0 0.990234 0.103516 0.019531 0.064453
0 0.84375 0.037109 0.066406 0.075195
