0 0.102539 0.598633 0.205078 0.073242
0 0.048828 0.628906 0.082031 0.170898
0 0.040039 0.835938 0.053711 0.06543
0 0.100586 0.917969 0.067383 0.06543
0 0.397461 0.829102 0.068359 0.0625
0 0.19043 0.836914 0.080078 0.089844
0 0.195312 0.759766 0.063477 0.083984
0 0.251953 0.757812 0.109375 0.121094
0 0.272461 0.696289 0.106445 0.063477
0 0.400391 0.640625 0.115234 0.144531
0 0.65332 0.693359 0.083008 0.073242
0 0.680664 0.75 0.163086 0.126953
0 0.612305 0.893555 0.073242 0.129883
0 0.672852 0.87207 0.057617 0.148438
0 0.796875 0.705078 0.094727 0.101562
0 0.859375 0.793945 0.075195 0.061523
0 0.869141 0.618164 0.085938 0.083008
0 0.771484 0.529297 0.0625 0.125
0 0.592773 0.438477 0.112305 0.098633
0 0.21582 0.473633 0.081055 0.073242
0 0.504883 0.415039 0.126953 0.141602
0 0.293945 0.279297 0.084961 0.098633
0 0.104492 0.099609 0.100586 0.108398
0 0.139648 0.145508 0.250977 0.158203
0 0.139648 0.22168 0.168945 0.171875
0 0.454102 0.170898 0.186523 0.342773
0 0.555664 0.226562 0.066406 0.105469
0 0.963867 0.255859 0.072266 0.116211
0 0.931641 0.349609 0.135742 0.119141
0 0.870117 0.419922 0.083984 0.085938
0 0.755859 0.361328 0.089844 0.094727
0 0.885742 0.96582 0.139648 0.067383
0 0.620117 0.288086 0.072266 0.072266
0 0.307617 0.166992 0.137695 0.232422
0 0.71875 0.574219 0.092773 0.083984
0 0.061523 0.793945 0.047852 0.069336
0 0.317383 0.429688 0.0625 0.0625
0 0.647461 0.438477 0.073242 0.064453
0 0.458008 0.398438 0.069336 0.125
0 0.016602 0.820312 0.033203 0.061523
0 0.022461 0.34082 0.044922 0.106445
0 0.115234 0.454102 0.067383 0.075195
