0 0.21582 0.029297 0.077148 0.05957
0 0.109375 0.125 0.072266 0.077148
0 0.229492 0.111328 0.053711 0.074219
0 0.28418 0.123047 0.063477 0.084961
0 0.290039 0.275391 0.086914 0.070312
0 0.320312 0.333984 0.082031 0.058594
0 0.030273 0.375977 0.055664 0.063477
0 0.088867 0.439453 0.09375 0.078125
0 0.224609 0.493164 0.058594 0.077148
0 0.455078 0.427734 0.125 0.056641
0 0.512695 0.368164 0.104492 0.056641
0 0.550781 0.267578 0.083008 0.056641
0 0.533203 0.203125 0.077148 0.053711
0 0.387695 0.607422 0.067383 0.063477
0 0.205078 0.764648 0.095703 0.0625
0 0.025391 0.852539 0.049805 0.123047
0 0.064453 0.845703 0.0625 0.073242
0 0.083008 0.955078 0.09668 0.0625
0 0.15332 0.958984 0.057617 0.072266
0 0.62793 0.974609 0.083984 0.050781
0 0.732422 0.960938 0.052734 0.078125
0 0.788086 0.944336 0.068359 0.066406
0 0.908203 0.946289 0.058594 0.05957
0 0.97168 0.90918 0.055664 0.079102
0 0.618164 0.862305 0.095703 0.060547
0 0.644531 0.790039 0.105469 0.072266
0 0.428711 0.767578 0.085938 0.051758
0 0.481445 0.808594 0.078125 0.039062
0 0.518555 0.766602 0.089844 0.0625
0 0.630859 0.709961 0.131836 0.05957
0 0.672852 0.686523 0.071289 0.060547
0 0.958984 0.842773 0.073242 0.066406
0 0.981445 0.788086 0.036133 0.066406
0 0.854492 0.587891 0.061523 0.057617
0 0.71875 0.597656 0.080078 0.114258
0 0.884766 0.536133 0.079102 0.05957
0 0.985352 0.514648 0.02832 0.098633
0 0.72168 0.448242 0.072266 0.056641
0 0.753906 0.405273 0.052734 0.040039
0 0.734375 0.324219 0.069336 0.075195
0 0.852539 0.397461 0.075195 0.06543
0 0.927734 0.415039 0.053711 0.064453
0 0.888672 0.199219 0.075195 0.070312
0 0.805664 0.223633 0.058594 0.068359
0 0.817383 0.015625 0.068359 0.032227
0 0.68457 0.023438 0.057617 0.047852
0 0.574219 0.037109 0.099609 0.074219
0 0.513672 0.032227 0.0625 0.06543
0 0.612305 0.756836 0.082031 0.077148
