0 0.956055 0.826172 0.087891 0.09375
0 0.828125 0.878906 0.160156 0.083008
0 0.519531 0.676758 0.091797 0.152344
0 0.723633 0.709961 0.110352 0.139648
0 0.613281 0.449219 0.088867 0.115234
0 0.834961 0.43457 0.080078 0.071289
0 0.904297 0.339844 0.113281 0.121094
0 0.925781 0.231445 0.135742 0.074219
0 0.422852 0.224609 0.107422 0.145508
0 0.311523 0.290039 0.126953 0.099609
0 0.150391 0.258789 0.083984 0.168945
0 0.210938 0.822266 0.102539 0.119141
0 0.356445 0.767578 0.099609 0.118164
0 0.34082 0.600586 0.160156 0.157227
0 0.161133 0.551758 0.081055 0.097656
0 0.313477 0.115234 0.092773 0.077148
0 0.220703 0.061523 0.050781 0.068359
0 0.602539 0.137695 0.082031 0.076172
0 0.731445 0.138672 0.06543 0.082031
0 0.805664 0.211914 0.06543 0.113281
0 0.669922 0.246094 0.067383 0.09082
0 0.6875 0.347656 0.048828 0.043945
0 0.775391 0.041992 0.089844 0.083984
0 0.631836 0.025391 0.094727 0.051758
0 0.475586 0.295898 0.052734 0.098633
0 0.558594 0.366211 0.105469 0.049805
0 0.212891 0.411133 0.05957 0.069336
0 0.06543 0.241211 0.06543 0.106445
0 0.745117 0.510742 0.121094 0.124023
0 0.640625 0.717773 0.087891 0.042969
0 0.53125 0.884766 0.0625 0.121094
0 0.692383 0.949219 0.275391 0.100586
0 0.645508 0.863281 0.048828 0.046875
0 0.133789 0.706055 0.077148 0.057617
0 0.021484 0.643555 0.043945 0.085938
0 0.112305 0.792969 0.092773 0.055664
0 0.238281 0.966797 0.101562 0.06543
0 0.604492 0.765625 0.055664 0.053711
0 0.585938 0.839844 0.055664 0.0625
0 0.288086 0.621094 0.073242 0.058594
0 0.323242 0.363281 0.09668 0.054688
