0 0.204102 0.421875 0.080078 0.073242
0 0.195312 0.176758 0.076172 0.09082
0 0.089844 0.114258 0.095703 0.097656
0 0.626953 0.163086 0.076172 0.087891
0 0.702148 0.200195 0.099609 0.167969
0 0.817383 0.230469 0.138672 0.099609
0 0.857422 0.151367 0.103516 0.083984
0 0.956055 0.75 0.086914 0.0625
0 0.580078 0.299805 0.056641 0.080078
0 0.716797 0.333984 0.070312 0.073242
0 0.794922 0.37793 0.088867 0.076172
0 0.883789 0.477539 0.143555 0.081055
0 0.881836 0.538086 0.067383 0.089844
0 0.630859 0.600586 0.117188 0.073242
0 0.296875 0.571289 0.092773 0.099609
0 0.382812 0.611328 0.074219 0.086914
0 0.132812 0.648438 0.068359 0.095703
0 0.208984 0.959961 0.128906 0.073242
0 0.498047 0.813477 0.089844 0.110352
0 0.508789 0.750977 0.105469 0.064453
0 0.655273 0.869141 0.098633 0.063477
0 0.810547 0.881836 0.095703 0.086914
0 0.81543 0.96875 0.131836 0.061523
0 0.887695 0.614258 0.054688 0.043945
0 0.890625 0.730469 0.048828 0.054688
0 0.961914 0.400391 0.075195 0.054688
0 0.96875 0.321289 0.0625 0.067383
0 0.878906 0.307617 0.068359 0.061523
0 0.954102 0.253906 0.075195 0.080078
0 0.28125 0.354492 0.052734 0.074219
0 0.155273 0.424805 0.076172 0.063477
0 0.347656 0.71582 0.069336 0.047852
0 0.143555 0.913086 0.068359 0.069336
0 0.616211 0.266602 0.069336 0.060547
0 0.90918 0.969727 0.101562 0.05957
