0 0.487305 0.549805 0.055664 0.138672
0 0.178711 0.93457 0.094727 0.088867
0 0.879883 0.301758 0.06543 0.129883
0 0.350586 0.514648 0.050781 0.081055
0 0.779297 0.231445 0.094727 0.072266
0 0.570312 0.722656 0.066406 0.068359
0 0.700195 0.513672 0.083008 0.109375
0 0.216797 0.611328 0.064453 0.074219
0 0.537109 0.145508 0.079102 0.083984
0 0.493164 0.882812 0.073242 0.063477
0 0.205078 0.025391 0.043945 0.051758
0 0.487305 0.223633 0.043945 0.085938
0 0.232422 0.351562 0.104492 0.058594
0 0.40625 0.255859 0.042969 0.073242
0 0.935547 0.790039 0.082031 0.057617
0 0.132812 0.775391 0.107422 0.106445
0 0.600586 0.333984 0.054688 0.09082
0 0.31543 0.124023 0.09082 0.107422
0 0.663086 0.604492 0.068359 0.076172
0 0.269531 0.568359 0.056641 0.091797
0 0.049805 0.850586 0.080078 0.124023
0 0.236328 0.277344 0.098633 0.077148
0 0.651367 0.301758 0.044922 0.069336
0 0.433594 0.344727 0.047852 0.061523
0 0.648438 0.479492 0.087891 0.162109
0 0.829102 0.745117 0.072266 0.066406
0 0.492188 0.522461 0.070312 0.094727
0 0.292969 0.341797 0.131836 0.077148
0 0.28125 0.158203 0.094727 0.067383
0 0.885742 0.65625 0.063477 0.041016
0 0.723633 0.408203 0.075195 0.0625
0 0.818359 0.691406 0.05957 0.047852
0 0.454102 0.746094 0.042969 0.063477
0 0.700195 0.689453 0.058594 0.053711
0 0.436523 0.955078 0.045898 0.061523
0 0.029297 0.020508 0.046875 0.040039
0 0.458008 0.668945 0.044922 0.045898
0 0.592773 0.27832 0.086914 0.117188
0 0.241211 0.689453 0.100586 0.069336
0 0.329102 0.022461 0.045898 0.042969
0 0.045898 0.076953 0.092188 0.043164
0 0.78418 0.018555 0.027344 0.037109
0 0.319336 0.625 0.121094 0.054688
0 0.915039 0.740234 0.075195 0.056641
0 0.641602 0.777344 0.045898 0.047852
0 0.415039 0.699219 0.063477 0.057617
0 0.342773 0.671875 0.105469 0.058594
0 0.018555 0.550781 0.037109 0.058594
0 0.789062 0.06543 0.057617 0.068359
0 0.958984 0.619141 0.082031 0.071289
0 0.076172 0.977539 0.081055 0.044922
0 0.213867 0.078125 0.041992 0.071289
