0 0.208984 0.019531 0.061523 0.039062
0 0.561523 0.005859 0.051758 0.011719
0 0.180664 0.146484 0.061523 0.061523
0 0.119141 0.170898 0.054688 0.038086
0 0.118164 0.21875 0.075195 0.047852
0 0.305664 0.342773 0.072266 0.06543
0 0.504883 0.289062 0.092773 0.070312
0 0.433594 0.274414 0.081055 0.053711
0 0.550781 0.224609 0.087891 0.06543
0 0.581055 0.15918 0.068359 0.083984
0 0.741211 0.124023 0.083984 0.056641
0 0.866211 0.135742 0.09082 0.071289
0 0.907227 0.188477 0.103516 0.067383
0 0.84668 0.975586 0.068359 0.047852
0 0.874023 0.036133 0.0625 0.05957
0 0.767578 0.022461 0.079102 0.044922
0 0.21582 0.424805 0.098633 0.054688
0 0.155273 0.507812 0.079102 0.055664
0 0.208008 0.55957 0.080078 0.053711
0 0.208984 0.732422 0.075195 0.131836
0 0.130859 0.755859 0.06543 0.12207
0 0.026367 0.610352 0.053711 0.067383
0 0.114258 0.607422 0.063477 0.055664
0 0.291016 0.71875 0.053711 0.120117
0 0.457031 0.602539 0.12793 0.135742
0 0.532227 0.433594 0.083008 0.067383
0 0.683594 0.357422 0.054688 0.057617
0 0.696289 0.415039 0.072266 0.05957
0 0.707031 0.489258 0.094727 0.106445
0 0.926758 0.575195 0.117188 0.129883
0 0.916016 0.486328 0.073242 0.076172
0 0.612305 0.685547 0.074219 0.080078
0 0.459961 0.833984 0.072266 0.116211
0 0.478516 0.918945 0.106445 0.073242
0 0.678711 0.774414 0.047852 0.068359
0 0.739258 0.770508 0.054688 0.066406
0 0.828125 0.75 0.05957 0.070312
0 0.915039 0.777344 0.071289 0.087891
0 0.956055 0.700195 0.086914 0.082031
0 0.882812 0.886719 0.064453 0.085938
0 0.823242 0.879883 0.0625 0.091797
0 0.979492 0.892578 0.041016 0.071289
0 0.981445 0.813477 0.036133 0.073242
0 0.615234 0.859375 0.058594 0.055664
0 0.601562 0.814453 0.05957 0.053711
0 0.639648 0.788086 0.047852 0.05957
0 0.633789 0.976562 0.066406 0.045898
0 0.352539 0.951172 0.084961 0.074219
0 0.282227 0.952148 0.056641 0.094727
0 0.25 0.895508 0.081055 0.115234
0 0.146484 0.893555 0.067383 0.111328
0 0.05957 0.868164 0.063477 0.095703
0 0.045898 0.762695 0.057617 0.080078
0 0.004883 0.992188 0.009766 0.014648
0 0.186523 0.96875 0.058594 0.061523
0 0.044922 0.307617 0.045898 0.052734
0 0.056641 0.961914 0.049805 0.0625
0 0.342773 0.742188 0.041992 0.044922
0 0.454102 0.692383 0.067383 0.054688
0 0.485352 0.457031 0.074219 0.05957
0 0.563477 0.023438 0.076172 0.047852
0 0.233398 0.043945 0.041992 0.067383
0 0.700195 0.864258 0.041016 0.053711
