0 0.446289 0.112305 0.074219 0.09668
0 0.723633 0.716797 0.082031 0.072266
0 0.773438 0.675781 0.067383 0.102539
0 0.232422 0.379883 0.100586 0.073242
0 0.304688 0.487305 0.112305 0.043945
0 0.980469 0.206055 0.038086 0.081055
0 0.749023 0.516602 0.071289 0.06543
0 0.755859 0.276367 0.088867 0.047852
0 0.073242 0.405273 0.124023 0.054688
0 0.138672 0.080078 0.105469 0.068359
0 0.581055 0.240234 0.109375 0.0625
0 0.702148 0.023438 0.086914 0.047852
0 0.606445 0.602539 0.105469 0.051758
0 0.973633 0.494141 0.052734 0.05957
0 0.513672 0.03418 0.088867 0.040039
0 0.46875 0.28125 0.104199 0.055762
0 0.959961 0.037109 0.079102 0.036133
0 0.717773 0.150391 0.120117 0.088867
0 0.581055 0.128906 0.075195 0.056641
0 0.207031 0.251953 0.075195 0.047852
0 0.288086 0.34082 0.068359 0.060547
0 0.162109 0.964844 0.146484 0.048828
0 0.714844 0.103516 0.098633 0.048828
0 0.785156 0.640625 0.084961 0.047852
0 0.378906 0.605469 0.076172 0.035156
0 0.318359 0.795898 0.098633 0.077148
0 0.338867 0.032227 0.047852 0.063477
0 0.901367 0.204102 0.102539 0.083008
0 0.054688 0.84375 0.105469 0.042969
0 0.325195 0.861328 0.100586 0.041016
0 0.629883 0.126953 0.025391 0.089844
0 0.21582 0.796875 0.080078 0.027344
0 0.964844 0.975586 0.069336 0.043945
0 0.03125 0.101562 0.063477 0.032227
0 0.087891 0.339844 0.124023 0.05957
0 0.951172 0.356445 0.0625 0.039062
0 0.069531 0.920117 0.112305 0.041016
0 0.635742 0.719727 0.084961 0.02832
0 0.555664 0.37793 0.03418 0.095703
0 0.194336 0.287109 0.101562 0.051758
0 0.650391 0.780273 0.073242 0.033203
0 0.387695 0.920898 0.137695 0.038086
0 0.716797 0.827148 0.060547 0.037109
0 0.175781 0.40625 0.087891 0.081055
0 0.068359 0.612305 0.137695 0.082031
0 0.525391 0.700195 0.0625 0.039062
0 0.106445 0.088867 0.087891 0.058594
0 0.133789 0.294922 0.084961 0.03418
0 0.110352 0.558594 0.095703 0.043945
0 0.569336 0.869141 0.046875 0.118164
0 0.891602 0.907227 0.074219 0.026367
0 0.057617 0.759766 0.091797 0.094727
0 0.586914 0.317383 0.041992 0.083984
0 0.308594 0.209961 0.064453 0.061523
0 0.356445 0.09082 0.089844 0.141602
0 0.095703 0.710938 0.15332 0.037109
0 0.980469 0.713867 0.039062 0.029297
0 0.538086 0.457031 0.057617 0.024414
0 0.982422 0.597656 0.035156 0.070312
0 0.889648 0.391602 0.148438 0.035156
0 0.890625 0.452148 0.05957 0.027344
0 0.208984 0.870117 0.144531 0.042969
0 0.523438 0.538086 0.069336 0.070312
0 0.269531 0.716797 0.128906 0.040039
0 0.635742 0.912109 0.048828 0.030273
0 0.258789 0.991211 0.041016 0.016602
0 0.698242 0.987305 0.085938 0.024414
0 0.932617 0.431641 0.073242 0.042969
0 0.419922 0.834961 0.078125 0.032227
0 0.783203 0.992188 0.073242 0.015625
0 0.929688 0.580078 0.066406 0.032227
0 0.71582 0.098633 0.102539 0.076172
0 0.893555 0.519531 0.055664 0.019531
0 0.420898 0.238281 0.043945 0.038086
0 0.800781 0.93457 0.117188 0.051758
0 0.698242 0.643555 0.066406 0.052734
0 0.515625 0.115234 0.058594 0.044922
0 0.035156 0.813477 0.071289 0.037109
0 0.152344 0.255859 0.072266 0.036133
