0 0.233398 0.394531 0.075195 0.152344
0 0.736328 0.117188 0.083984 0.100586
0 0.248047 0.660156 0.071289 0.119141
0 0.399414 0.075195 0.12207 0.151367
0 0.023438 0.876953 0.046875 0.143555
0 0.230469 0.21875 0.09375 0.182617
0 0.782227 0.738281 0.143555 0.080078
0 0.880859 0.241211 0.091797 0.078125
0 0.811523 0.947266 0.204102 0.105469
0 0.547852 0.074219 0.120117 0.104492
0 0.086914 0.97168 0.09082 0.055664
0 0.723633 0.682617 0.109375 0.078125
0 0.448242 0.120117 0.105469 0.119141
0 0.307617 0.726562 0.055664 0.112305
0 0.099609 0.318359 0.109375 0.172852
0 0.959961 0.757812 0.079102 0.109375
0 0.071289 0.501953 0.142578 0.225586
0 0.535156 0.480469 0.087891 0.194336
0 0.443359 0.447266 0.073242 0.166992
0 0.650391 0.263672 0.071289 0.073242
0 0.336914 0.283203 0.06543 0.12793
0 0.646484 0.158203 0.084961 0.173828
0 0.775391 0.293945 0.083984 0.131836
0 0.045898 0.617188 0.092773 0.112305
0 0.8125 0.8125 0.185547 0.118164
0 0.973633 0.324219 0.051758 0.083984
0 0.063477 0.055664 0.084961 0.110352
0 0.117188 0.897461 0.123047 0.089844
0 0.301758 0.791992 0.071289 0.066406
0 0.316406 0.650391 0.057617 0.070312
0 0.03418 0.226562 0.068359 0.206055
0 0.40918 0.313477 0.074219 0.105469
0 0.328125 0.398438 0.075195 0.077148
0 0.540039 0.126953 0.054688 0.12793
0 0.5625 0.204102 0.068359 0.112305
