0 0.249023 0.229492 0.121094 0.071289
0 0.115234 0.567383 0.109375 0.069336
0 0.600586 0.038086 0.087891 0.072266
0 0.775391 0.477539 0.101562 0.047852
0 0.31543 0.06543 0.140625 0.0625
0 0.679688 0.765625 0.108398 0.063477
0 0.506836 0.889648 0.135742 0.084961
0 0.053711 0.379883 0.107422 0.054688
0 0.469727 0.211914 0.125977 0.050781
0 0.850586 0.611328 0.110352 0.040039
0 0.836914 0.291992 0.121094 0.075195
0 0.680664 0.686523 0.118164 0.039062
0 0.138672 0.234375 0.097656 0.074219
0 0.546875 0.577148 0.120117 0.038086
0 0.579102 0.387695 0.117188 0.061523
0 0.564453 0.219727 0.092773 0.102539
0 0.210938 0.048828 0.097656 0.048828
0 0.350586 0.956055 0.113281 0.046875
0 0.557617 0.280273 0.09082 0.048828
0 0.296875 0.875977 0.12207 0.043945
0 0.705078 0.017578 0.09375 0.036133
0 0.71582 0.561523 0.108398 0.032227
0 0.212891 0.080078 0.083008 0.054688
0 0.517578 0.631836 0.102539 0.03418
0 0.470703 0.538086 0.085938 0.036133
0 0.460938 0.462891 0.094727 0.036133
0 0.894531 0.272461 0.160156 0.071289
0 0.958008 0.117188 0.083984 0.044922
0 0.072266 0.275391 0.145508 0.055664
0 0.662109 0.291992 0.145508 0.046875
0 0.891602 0.09082 0.071289 0.049805
0 0.066406 0.855469 0.125 0.037109
0 0.292969 0.736328 0.100586 0.037109
0 0.516602 0.135742 0.160156 0.087891
0 0.307617 0.013672 0.063477 0.027344
0 0.801758 0.566406 0.084961 0.029297
0 0.201172 0.833008 0.084961 0.021484
0 0.807617 0.990234 0.072266 0.019531
0 0.933594 0.395508 0.128906 0.094727
0 0.662109 0.091797 0.164062 0.042969
0 0.518555 0.328125 0.108398 0.060547
0 0.963867 0.749023 0.072266 0.023438
0 0.056641 0.766602 0.113281 0.03125
0 0.891602 0.685547 0.130859 0.039062
0 0.282227 0.639648 0.107422 0.036133
0 0.851562 0.057617 0.066406 0.019531
0 0.488281 0.730469 0.123047 0.03418
0 0.507812 0.601562 0.136719 0.027344
0 0.333008 0.694336 0.125 0.037109
0 0.720703 0.652344 0.087891 0.029297
0 0.944336 0.717773 0.111328 0.03418
0 0.05957 0.993164 0.082031 0.013672
0 0.589844 0.87793 0.119141 0.044922
0 0.951172 0.012695 0.060547 0.025391
0 0.140625 0.488281 0.103516 0.025391
0 0.326172 0.410156 0.143555 0.026367
0 0.224609 0.666992 0.120117 0.039062
0 0.539062 0.662109 0.117188 0.032227
0 0.886719 0.850586 0.088867 0.025391
0 0.701172 0.947266 0.063477 0.026367
0 0.191406 0.402344 0.099609 0.025391
0 0.782227 0.939453 0.110352 0.042969
0 0.804688 0.301758 0.057617 0.023438
0 0.015625 0.90625 0.030273 0.022461
0 0.208008 0.620117 0.113281 0.029297
0 0.291016 0.983398 0.182617 0.033203
0 0.369141 0.457031 0.112305 0.053711
0 0.226562 0.454102 0.168945 0.045898
0 0.169922 0.353516 0.105469 0.040039
0 0.266602 0.366211 0.103516 0.038086
0 0.370117 0.365234 0.102539 0.036133
0 0.412109 0.293945 0.111328 0.066406
