0 0.586914 0.037109 0.054688 0.0625
0 0.507812 0.129883 0.063477 0.070312
0 0.450195 0.290039 0.0625 0.068359
0 0.333008 0.357422 0.078125 0.06543
0 0.226562 0.361328 0.071289 0.073242
0 0.185547 0.303711 0.116211 0.067383
0 0.125 0.432617 0.126953 0.0625
0 0.375 0.512695 0.06543 0.074219
0 0.193359 0.616211 0.084961 0.048828
0 0.158203 0.663086 0.068359 0.073242
0 0.025391 0.583984 0.042969 0.063477
0 0.03418 0.494141 0.063477 0.053711
0 0.169922 0.742188 0.112305 0.089844
0 0.366211 0.634766 0.066406 0.069336
0 0.432617 0.672852 0.081055 0.054688
0 0.40332 0.730469 0.0625 0.06543
0 0.594727 0.774414 0.067383 0.121094
0 0.537109 0.712891 0.063477 0.051758
0 0.494141 0.746094 0.047852 0.064453
0 0.371094 0.896484 0.112305 0.068359
0 0.519531 0.922852 0.064453 0.080078
0 0.262695 0.950195 0.080078 0.078125
0 0.202148 0.962891 0.046875 0.06543
0 0.852539 0.97168 0.077148 0.055664
0 0.972656 0.914062 0.053711 0.083984
0 0.861328 0.867188 0.098633 0.083984
0 0.728516 0.770508 0.051758 0.078125
0 0.80957 0.758789 0.047852 0.045898
0 0.961914 0.614258 0.076172 0.063477
0 0.727539 0.630859 0.076172 0.063477
0 0.966797 0.540039 0.066406 0.073242
0 0.855469 0.483398 0.063477 0.072266
0 0.771484 0.47168 0.107422 0.05957
0 0.720703 0.383789 0.107422 0.058594
0 0.658203 0.443359 0.072266 0.068359
0 0.580078 0.481445 0.120117 0.063477
0 0.563477 0.418945 0.074219 0.060547
0 0.481445 0.514648 0.074219 0.071289
0 0.495117 0.469727 0.074219 0.054688
0 0.644531 0.308594 0.09082 0.092773
0 0.807617 0.292969 0.063477 0.077148
0 0.854492 0.249023 0.063477 0.069336
0 0.694336 0.227539 0.054688 0.063477
0 0.671875 0.162109 0.056641 0.079102
0 0.71875 0.168945 0.048828 0.068359
0 0.819336 0.117188 0.075195 0.066406
0 0.796875 0.036133 0.066406 0.072266
0 0.970703 0.413086 0.057617 0.064453
0 0.955078 0.24707 0.050781 0.057617
0 0.236328 0.055664 0.066406 0.072266
0 0.163086 0.958984 0.076172 0.070312
0 0.676758 0.567383 0.05957 0.044922
0 0.75 0.555664 0.068359 0.048828
0 0.974609 0.978516 0.049805 0.042969
