0 0.179688 0.959961 0.087891 0.079102
0 0.02832 0.81543 0.057617 0.086914
0 0.025391 0.896484 0.050781 0.087891
0 0.168945 0.828125 0.066406 0.072266
0 0.279297 0.806641 0.068359 0.070312
0 0.308594 0.738281 0.066406 0.072266
0 0.191406 0.654297 0.05957 0.068359
0 0.394531 0.742188 0.121094 0.069336
0 0.351562 0.800781 0.0625 0.053711
0 0.451172 0.823242 0.087891 0.091797
0 0.493164 0.74707 0.09668 0.088867
0 0.580078 0.756836 0.077148 0.071289
0 0.53418 0.828125 0.057617 0.085938
0 0.802734 0.96582 0.115234 0.067383
0 0.797852 0.858398 0.063477 0.055664
0 0.811523 0.901367 0.087891 0.050781
0 0.814453 0.797852 0.077148 0.091797
0 0.888672 0.856445 0.088867 0.075195
0 0.321289 0.577148 0.085938 0.0625
0 0.700195 0.46875 0.071289 0.072266
0 0.831055 0.594727 0.0625 0.073242
0 0.736328 0.608398 0.047852 0.080078
0 0.790039 0.421875 0.076172 0.0625
0 0.801758 0.384766 0.067383 0.047852
0 0.84668 0.288086 0.083984 0.107422
0 0.900391 0.345703 0.082031 0.058594
0 0.677734 0.37207 0.103516 0.071289
0 0.668945 0.308594 0.084961 0.071289
0 0.478516 0.357422 0.063477 0.077148
0 0.356445 0.282227 0.057617 0.087891
0 0.414062 0.264648 0.073242 0.083008
0 0.484375 0.268555 0.092773 0.06543
0 0.530273 0.210938 0.060547 0.074219
0 0.578125 0.262695 0.075195 0.0625
0 0.637695 0.178711 0.078125 0.085938
0 0.05957 0.505859 0.067383 0.060547
0 0.09375 0.369141 0.071289 0.068359
0 0.166016 0.397461 0.087891 0.088867
0 0.101562 0.266602 0.067383 0.085938
0 0.198242 0.271484 0.06543 0.053711
0 0.216797 0.193359 0.074219 0.109375
0 0.271484 0.160156 0.050781 0.072266
0 0.382812 0.038086 0.049805 0.072266
0 0.779297 0.020508 0.072266 0.038086
0 0.135742 0.06543 0.080078 0.063477
0 0.977539 0.723633 0.043945 0.063477
0 0.49707 0.860352 0.053711 0.051758
0 0.962891 0.942383 0.063477 0.061523
0 0.952148 0.088867 0.057617 0.050781
0 0.629883 0.274414 0.048828 0.045898
0 0.975586 0.819336 0.046875 0.067383
