0 0.150391 0.866211 0.260742 0.108398
0 0.954102 0.707031 0.09082 0.108398
0 0.536133 0.960938 0.161133 0.077148
0 0.046875 0.642578 0.09375 0.09375
0 0.794922 0.90625 0.110352 0.066406
0 0.884766 0.722656 0.100586 0.130859
0 0.124023 0.28418 0.189453 0.09082
0 0.482422 0.925781 0.108398 0.070312
0 0.538086 0.618164 0.150391 0.121094
0 0.519531 0.538086 0.217773 0.129883
0 0.259766 0.943359 0.098633 0.112305
0 0.821289 0.133789 0.135742 0.085938
0 0.408203 0.773438 0.212891 0.113281
0 0.3125 0.294922 0.133789 0.110352
0 0.969727 0.188477 0.060547 0.173828
0 0.061523 0.485352 0.123047 0.177734
0 0.610352 0.091797 0.077148 0.131836
0 0.143555 0.636719 0.102539 0.125
0 0.682617 0.811523 0.131836 0.073242
