0 0.755859 0.97168 0.082031 0.055664
0 0.074219 0.81543 0.136719 0.113281
0 0.324219 0.62207 0.123047 0.100586
0 0.057617 0.128906 0.082031 0.082031
0 0.155273 0.142578 0.06543 0.094727
0 0.341797 0.24707 0.067383 0.068359
0 0.293945 0.068359 0.070312 0.083984
0 0.446289 0.052734 0.060547 0.055664
0 0.576172 0.080078 0.115234 0.074219
0 0.676758 0.087891 0.077148 0.088867
0 0.688477 0.026367 0.086914 0.048828
0 0.724609 0.625 0.076172 0.072266
0 0.048828 0.655273 0.057617 0.054688
0 0.306641 0.030273 0.0625 0.057617
0 0.25 0.006836 0.048828 0.013672
0 0.935547 0.011719 0.052734 0.023438
0 0.982422 0.009766 0.033203 0.019531
0 0.457031 0.985352 0.063477 0.025391
