0 0.380859 0.637695 0.079102 0.078125
0 0.057617 0.588867 0.076172 0.064453
0 0.0625 0.824219 0.050781 0.111328
0 0.257812 0.282227 0.09668 0.109375
0 0.052734 0.369141 0.077148 0.083984
0 0.171875 0.667969 0.058594 0.077148
0 0.429688 0.302734 0.053711 0.077148
0 0.356445 0.146484 0.070312 0.091797
0 0.066406 0.935547 0.064453 0.078125
0 0.263672 0.601562 0.106445 0.112305
0 0.974609 0.390625 0.050781 0.081055
0 0.348633 0.328125 0.044922 0.083008
0 0.576172 0.204102 0.064453 0.084961
0 0.338867 0.919922 0.061523 0.073242
0 0.455078 0.125 0.049805 0.06543
0 0.119141 0.289062 0.070312 0.057617
0 0.800781 0.543945 0.046875 0.115234
0 0.638672 0.417969 0.042969 0.083984
0 0.963867 0.956055 0.071289 0.078125
0 0.972656 0.329102 0.053711 0.058594
0 0.698242 0.957031 0.057617 0.081055
0 0.621094 0.362305 0.073242 0.035156
0 0.475586 0.402344 0.064453 0.05957
0 0.279297 0.709961 0.073242 0.055664
0 0.991211 0.898438 0.017578 0.086914
0 0.316406 0.69043 0.058594 0.043945
0 0.125977 0.407227 0.082031 0.087891
0 0.185547 0.775391 0.053711 0.064453
0 0.517578 0.704102 0.054688 0.055664
0 0.164062 0.37793 0.136719 0.115234
0 0.227539 0.902344 0.057617 0.064453
0 0.802734 0.02832 0.055664 0.055664
0 0.302734 0.063477 0.054688 0.06543
0 0.87793 0.780273 0.069336 0.049805
0 0.666016 0.762695 0.100586 0.06543
0 0.945312 0.623047 0.030273 0.099609
0 0.441406 0.8125 0.043945 0.050781
0 0.641602 0.982422 0.041992 0.035156
0 0.975586 0.443359 0.048828 0.023438
0 0.826172 0.745117 0.042969 0.050781
0 0.414062 0.740234 0.044922 0.094727
0 0.279297 0.94043 0.058594 0.026367
0 0.158203 0.988281 0.058594 0.023438
0 0.257812 0.052734 0.069336 0.050781
0 0.744141 0.487305 0.043945 0.075195
0 0.186523 0.96875 0.083008 0.052734
0 0.724609 0.638672 0.083984 0.074219
0 0.199219 0.025391 0.053711 0.048828
0 0.804688 0.858398 0.058594 0.035156
0 0.90332 0.329102 0.044922 0.072266
0 0.765625 0.563477 0.046875 0.083984
0 0.841797 0.72168 0.040039 0.070312
0 0.853516 0.649414 0.044922 0.048828
0 0.511719 0.453125 0.138672 0.066406
0 0.128906 0.573242 0.035156 0.068359
0 0.964844 0.641602 0.042969 0.077148
0 0.15625 0.263672 0.067383 0.049805
0 0.597656 0.879883 0.049805 0.020508
0 0.917969 0.819336 0.057617 0.045898
0 0.77832 0.8125 0.041992 0.054688
0 0.25 0.426758 0.076172 0.053711
0 0.564453 0.49707 0.125 0.050781
0 0.609375 0.303711 0.068359 0.061523
0 0.025391 0.828125 0.051758 0.023438
0 0.78125 0.862305 0.041016 0.05957
0 0.515625 0.014648 0.037109 0.030273
0 0.978516 0.748047 0.041992 0.026367
0 0.621094 0.912109 0.057617 0.046875
