0 0.056641 0.024414 0.076172 0.049805
0 0.116211 0.070312 0.068359 0.051758
0 0.171875 0.168945 0.063477 0.083008
0 0.236328 0.147461 0.092773 0.068359
0 0.306641 0.170898 0.058594 0.050781
0 0.341797 0.191406 0.067383 0.054688
0 0.435547 0.1875 0.060547 0.061523
0 0.673828 0.117188 0.072266 0.087891
0 0.769531 0.113281 0.073242 0.050781
0 0.822266 0.041992 0.078125 0.06543
0 0.048828 0.960938 0.071289 0.078125
0 0.032227 0.898438 0.064453 0.053711
0 0.166016 0.976562 0.078125 0.046875
0 0.285156 0.928711 0.069336 0.056641
0 0.333984 0.952148 0.060547 0.051758
0 0.025391 0.542969 0.051758 0.050781
0 0.058594 0.580078 0.054688 0.056641
0 0.066406 0.630859 0.068359 0.081055
0 0.077148 0.460938 0.087891 0.070312
0 0.31543 0.621094 0.112305 0.055664
0 0.431641 0.530273 0.082031 0.083984
0 0.544922 0.53125 0.082031 0.088867
0 0.52832 0.603516 0.102539 0.054688
0 0.566406 0.692383 0.069336 0.058594
0 0.444336 0.765625 0.071289 0.094727
0 0.460938 0.708984 0.0625 0.046875
0 0.577148 0.769531 0.070312 0.078125
0 0.658203 0.751953 0.0625 0.050781
0 0.702148 0.571289 0.083008 0.069336
0 0.693359 0.522461 0.09375 0.071289
0 0.813477 0.655273 0.098633 0.079102
0 0.675781 0.629883 0.076172 0.068359
0 0.896484 0.59375 0.076172 0.075195
0 0.958008 0.558594 0.070312 0.06543
0 0.916992 0.491211 0.063477 0.086914
0 0.884766 0.839844 0.115234 0.098633
0 0.946289 0.925781 0.106445 0.061523
0 0.588867 0.962891 0.097656 0.074219
0 0.607422 0.123047 0.085938 0.067383
0 0.579102 0.060547 0.073242 0.050781
