0 0.032227 0.157227 0.06543 0.074219
0 0.098633 0.245117 0.098633 0.070312
0 0.103516 0.092773 0.099609 0.101562
0 0.019531 0.05957 0.039062 0.120117
0 0.223633 0.026367 0.078125 0.053711
0 0.248047 0.088867 0.06543 0.111328
0 0.324219 0.185547 0.069336 0.077148
0 0.845703 0.932617 0.073242 0.057617
0 0.796875 0.979492 0.0625 0.040039
0 0.65918 0.94043 0.164062 0.09375
0 0.737305 0.914062 0.09082 0.0625
0 0.290039 0.947266 0.064453 0.064453
0 0.368164 0.992188 0.048828 0.015625
0 0.173828 0.980469 0.083008 0.039062
0 0.337891 0.887695 0.107422 0.051758
0 0.318359 0.837891 0.068359 0.035156
0 0.333008 0.749023 0.09375 0.048828
0 0.407227 0.774414 0.083984 0.137695
0 0.495117 0.749023 0.064453 0.046875
0 0.511719 0.695312 0.083008 0.061523
0 0.524414 0.624023 0.075195 0.050781
0 0.374023 0.651367 0.100586 0.073242
0 0.383789 0.59082 0.057617 0.042969
0 0.321289 0.555664 0.080078 0.109375
0 0.267578 0.640625 0.057617 0.048828
0 0.076172 0.814453 0.084961 0.054688
0 0.12793 0.885742 0.041992 0.070312
0 0.182617 0.916016 0.082031 0.108398
0 0.219727 0.821289 0.050781 0.0625
0 0.210938 0.585938 0.064453 0.058594
0 0.205078 0.651367 0.056641 0.056641
0 0.163086 0.675781 0.082031 0.073242
0 0.082031 0.625 0.087891 0.085938
0 0.364258 0.393555 0.078125 0.086914
0 0.511719 0.523438 0.061523 0.112305
0 0.603516 0.614258 0.056641 0.160156
0 0.719727 0.594727 0.077148 0.058594
0 0.799805 0.466797 0.076172 0.085938
0 0.670898 0.412109 0.077148 0.124023
0 0.865234 0.355469 0.12793 0.073242
0 0.885742 0.46582 0.042969 0.048828
0 0.932617 0.545898 0.071289 0.069336
0 0.973633 0.495117 0.051758 0.092773
0 0.990234 0.327148 0.018555 0.061523
0 0.795898 0.15918 0.095703 0.072266
0 0.782227 0.197266 0.06543 0.088867
0 0.460938 0.226562 0.056641 0.061523
0 0.532227 0.179688 0.095703 0.139648
0 0.519531 0.335938 0.075195 0.097656
0 0.634766 0.285156 0.055664 0.09668
0 0.459961 0.104492 0.073242 0.076172
0 0.989258 0.673828 0.020508 0.083008
0 0.985352 0.848633 0.029297 0.077148
0 0.75293 0.021484 0.044922 0.043945
0 0.492188 0.015625 0.074219 0.032227
0 0.633789 0.012695 0.078125 0.025391
0 0.554688 0.209961 0.057617 0.118164
