0 0.561523 0.336914 0.083984 0.103516
0 0.856445 0.833984 0.068359 0.095703
0 0.816406 0.390625 0.084961 0.091797
0 0.927734 0.036133 0.084961 0.073242
0 0.805664 0.673828 0.089844 0.053711
0 0.947266 0.242188 0.083008 0.086914
0 0.711914 0.870117 0.094727 0.072266
0 0.833008 0.298828 0.088867 0.052734
0 0.683594 0.644531 0.071289 0.058594
0 0.477539 0.852539 0.075195 0.068359
0 0.911133 0.356445 0.067383 0.063477
0 0.202148 0.857422 0.124023 0.077148
0 0.755859 0.469727 0.079102 0.083984
0 0.660156 0.688477 0.083008 0.054688
0 0.813477 0.581055 0.09375 0.050781
0 0.292969 0.611328 0.097656 0.076172
0 0.321289 0.540039 0.068359 0.068359
0 0.826172 0.538086 0.079102 0.069336
0 0.291016 0.549805 0.097656 0.0625
0 0.666016 0.564453 0.119141 0.068359
0 0.396484 0.553711 0.125977 0.054688
0 0.518555 0.211914 0.116211 0.080078
0 0.217773 0.19043 0.147461 0.078125
0 0.841797 0.192383 0.130859 0.125977
0 0.980469 0.62793 0.039062 0.05957
0 0.50293 0.574219 0.071289 0.072266
0 0.02832 0.28418 0.055664 0.060547
0 0.564453 0.696289 0.06543 0.075195
0 0.268555 0.022461 0.053711 0.044922
0 0.077148 0.548828 0.103516 0.091797
0 0.061523 0.219727 0.083008 0.132812
0 0.070312 0.870117 0.092773 0.0625
0 0.621094 0.513672 0.086914 0.0625
0 0.969727 0.579102 0.05957 0.061523
0 0.960938 0.930664 0.078125 0.056641
0 0.981445 0.516602 0.036133 0.052734
0 0.822266 0.90332 0.060547 0.061523
0 0.547852 0.03125 0.081055 0.058594
0 0.063477 0.923828 0.114258 0.049805
0 0.268555 0.067383 0.082031 0.038086
0 0.022461 0.645508 0.044922 0.055664
0 0.558594 0.426758 0.18457 0.053711
0 0.84375 0.033203 0.049805 0.066406
0 0.633789 0.953125 0.055664 0.036133
0 0.972656 0.456055 0.053711 0.06543
0 0.772461 0.963867 0.18457 0.071289
0 0.87207 0.082031 0.060547 0.052734
0 0.240234 0.133789 0.146484 0.036133
0 0.381836 0.977539 0.052734 0.044922
0 0.860352 0.966797 0.053711 0.03418
0 0.441406 0.90918 0.098633 0.051758
0 0.893555 0.145508 0.054688 0.048828
0 0.435547 0.37793 0.145508 0.063477
0 0.237305 0.084961 0.116211 0.055664
0 0.462891 0.978516 0.129883 0.041992
0 0.700195 0.019531 0.080078 0.039062
0 0.680664 0.730469 0.064453 0.043945
0 0.680664 0.238281 0.038086 0.070312
0 0.085938 0.953125 0.069336 0.041016
0 0.225586 0.167969 0.080078 0.050781
0 0.292969 0.426758 0.116211 0.083984
0 0.767578 0.541992 0.060547 0.047852
0 0.946289 0.026367 0.040039 0.052734
0 0.392578 0.261719 0.053711 0.100586
0 0.017578 0.19043 0.035156 0.075195
0 0.297852 0.725586 0.085938 0.074219
0 0.012695 0.851562 0.025391 0.055664
0 0.797852 0.601562 0.05957 0.041992
0 0.694336 0.807617 0.068359 0.046875
0 0.3125 0.450195 0.076172 0.049805
0 0.37207 0.513672 0.055664 0.038086
0 0.101562 0.439453 0.203125 0.050781
0 0.137695 0.78125 0.0625 0.025391
0 0.035156 0.393555 0.070312 0.039062
0 0.924805 0.751953 0.086914 0.036133
0 0.240234 0.375 0.052734 0.045898
0 0.229492 0.035156 0.080078 0.0625
0 0.320312 0.104492 0.100586 0.05957
0 0.014648 0.579102 0.030273 0.060547
0 0.067383 0.512695 0.131836 0.09668
