0 0.058594 0.667969 0.101562 0.227539
0 0.021484 0.470703 0.042969 0.15918
0 0.023438 0.40625 0.047852 0.066406
0 0.139648 0.449219 0.056641 0.051758
0 0.219727 0.557617 0.068359 0.047852
0 0.144531 0.035156 0.09668 0.070312
0 0.106445 0.962891 0.066406 0.048828
0 0.390625 0.918945 0.073242 0.078125
0 0.265625 0.87207 0.141602 0.176758
0 0.183594 0.90918 0.068359 0.069336
0 0.173828 0.938477 0.041016 0.030273
0 0.179688 0.980469 0.0625 0.039062
0 0.310547 0.633789 0.170898 0.074219
0 0.44043 0.698242 0.154297 0.078125
0 0.604492 0.662109 0.175781 0.098633
0 0.626953 0.93457 0.079102 0.089844
0 0.574219 0.513672 0.103516 0.100586
0 0.439453 0.541992 0.137695 0.088867
0 0.655273 0.462891 0.079102 0.0625
0 0.680664 0.425781 0.057617 0.051758
0 0.713867 0.536133 0.079102 0.082031
0 0.308594 0.05957 0.095703 0.114258
0 0.396484 0.087891 0.084961 0.087891
0 0.429688 0.018555 0.078125 0.037109
0 0.511719 0.035156 0.135742 0.070312
0 0.731445 0.166992 0.085938 0.152344
0 0.865234 0.091797 0.114258 0.183594
0 0.87207 0.079102 0.201172 0.072266
0 0.972656 0.018555 0.054688 0.037109
0 0.960938 0.132812 0.078125 0.069336
0 0.798828 0.492188 0.095703 0.130859
0 0.732422 0.481445 0.041992 0.072266
0 0.879883 0.62793 0.089844 0.056641
0 0.768555 0.65918 0.088867 0.066406
0 0.869141 0.724609 0.138672 0.110352
0 0.782227 0.898438 0.140625 0.150391
0 0.951172 0.964844 0.086914 0.070312
0 0.96582 0.756836 0.068359 0.05957
0 0.325195 0.43457 0.067383 0.077148
0 0.253906 0.381836 0.078125 0.099609
0 0.556641 0.110352 0.108398 0.084961
