0 0.040039 0.243164 0.057617 0.05957
0 0.290039 0.291992 0.097656 0.09082
0 0.408203 0.311523 0.082031 0.077148
0 0.520508 0.293945 0.069336 0.121094
0 0.614258 0.197266 0.057617 0.091797
0 0.244141 0.514648 0.068359 0.0625
0 0.405273 0.512695 0.069336 0.071289
0 0.299805 0.647461 0.058594 0.087891
0 0.34375 0.709961 0.077148 0.067383
0 0.456055 0.623047 0.069336 0.057617
0 0.577148 0.594727 0.075195 0.097656
0 0.633789 0.635742 0.076172 0.115234
0 0.59668 0.736328 0.071289 0.075195
0 0.43457 0.786133 0.073242 0.075195
0 0.220703 0.811523 0.05957 0.12207
0 0.214844 0.943359 0.070312 0.082031
0 0.37207 0.867188 0.082031 0.085938
0 0.337891 0.943359 0.086914 0.112305
0 0.46875 0.96875 0.073242 0.0625
0 0.581055 0.959961 0.058594 0.079102
0 0.641602 0.969727 0.075195 0.05957
0 0.726562 0.966797 0.095703 0.066406
0 0.669922 0.744141 0.102539 0.081055
0 0.679688 0.524414 0.124023 0.070312
0 0.742188 0.571289 0.075195 0.056641
0 0.853516 0.973633 0.109375 0.052734
0 0.849609 0.082031 0.081055 0.086914
0 0.869141 0.217773 0.084961 0.072266
0 0.901367 0.246094 0.114258 0.101562
0 0.771484 0.285156 0.06543 0.129883
0 0.694336 0.291992 0.088867 0.101562
0 0.178711 0.960938 0.070312 0.077148
0 0.862305 0.296875 0.083984 0.120117
0 0.516602 0.129883 0.050781 0.066406
