0 0.395508 0.108398 0.131836 0.088867
0 0.694336 0.888672 0.123047 0.09082
0 0.71582 0.213867 0.124023 0.084961
0 0.536133 0.049805 0.040039 0.099609
0 0.155273 0.811523 0.140625 0.083008
0 0.251953 0.061523 0.157227 0.107422
0 0.961914 0.430664 0.075195 0.057617
0 0.396484 0.067383 0.092773 0.09375
0 0.564453 0.318359 0.083984 0.073242
0 0.541016 0.202148 0.125977 0.085938
0 0.979492 0.095703 0.040039 0.038086
0 0.168945 0.873047 0.103516 0.038086
0 0.810547 0.524414 0.100586 0.12207
0 0.145508 0.541016 0.105469 0.042969
0 0.734375 0.180664 0.117188 0.052734
0 0.508789 0.9375 0.155273 0.045898
0 0.458008 0.777344 0.145508 0.15625
0 0.03418 0.243164 0.066406 0.041992
0 0.310547 0.429688 0.091797 0.041016
0 0.957031 0.96582 0.084961 0.054688
0 0.558594 0.110352 0.117188 0.067383
0 0.452148 0.557617 0.124023 0.056641
0 0.827148 0.383789 0.12207 0.037109
0 0.722656 0.950195 0.083984 0.042969
0 0.916016 0.213867 0.077148 0.106445
0 0.984375 0.555664 0.030273 0.040039
0 0.09082 0.306641 0.182617 0.057617
0 0.611328 0.272461 0.120117 0.083984
0 0.78418 0.676758 0.144531 0.075195
0 0.467773 0.901367 0.114258 0.049805
0 0.546875 0.800781 0.15918 0.078125
0 0.955078 0.389648 0.076172 0.041016
0 0.260742 0.610352 0.217773 0.051758
0 0.053711 0.402344 0.107422 0.057617
0 0.136719 0.419922 0.117188 0.070312
0 0.47168 0.329102 0.222656 0.084961
0 0.657227 0.44043 0.194336 0.098633
0 0.910156 0.912109 0.178711 0.074219
0 0.942383 0.466797 0.115234 0.083008
0 0.408203 0.498047 0.092773 0.032227
0 0.211914 0.991211 0.070312 0.017578
0 0.75 0.981445 0.051758 0.032227
0 0.381836 0.706055 0.226562 0.079102
0 0.050781 0.970703 0.101562 0.035156
0 0.101562 0.991211 0.069336 0.017578
0 0.758789 0.52832 0.150391 0.118164
0 0.12793 0.678711 0.223633 0.046875
0 0.794922 0.769531 0.234375 0.036133
0 0.969727 0.982422 0.060547 0.029297
0 0.245117 0.328125 0.15332 0.15625
0 0.84375 0.780273 0.167969 0.172852
0 0.642578 0.336914 0.131836 0.051758
0 0.042969 0.594727 0.085938 0.029297
0 0.020508 0.458008 0.041992 0.040039
0 0.956055 0.442383 0.086914 0.067383
0 0.842773 0.209961 0.125977 0.041016
0 0.857422 0.793945 0.19043 0.128906
0 0.266602 0.532227 0.235352 0.042969
0 0.083008 0.635742 0.103516 0.033203
0 0.066406 0.631836 0.105469 0.044922
0 0.490234 0.519531 0.115234 0.130859
0 0.650391 0.515625 0.227539 0.0625
