0 0.016602 0.942383 0.033203 0.092773
0 0.086914 0.989258 0.052734 0.021484
0 0.154297 0.855469 0.083984 0.083008
0 0.135742 0.675781 0.09668 0.080078
0 0.130859 0.618164 0.086914 0.063477
0 0.228516 0.580078 0.072266 0.057617
0 0.15918 0.054688 0.080078 0.09375
0 0.022461 0.035156 0.045898 0.0625
0 0.18457 0.969727 0.068359 0.05957
0 0.244141 0.855469 0.079102 0.103516
0 0.303711 0.743164 0.083008 0.076172
0 0.401367 0.703125 0.082031 0.102539
0 0.324219 0.602539 0.071289 0.076172
0 0.560547 0.717773 0.094727 0.12207
0 0.68457 0.683594 0.116211 0.091797
0 0.651367 0.576172 0.068359 0.108398
0 0.738281 0.413086 0.113281 0.105469
0 0.889648 0.525391 0.147461 0.09375
0 0.970703 0.754883 0.057617 0.058594
0 0.974609 0.900391 0.050781 0.087891
0 0.732422 0.894531 0.147461 0.066406
0 0.672852 0.951172 0.107422 0.086914
0 0.706055 0.992188 0.09082 0.014648
0 0.301758 0.161133 0.072266 0.076172
0 0.387695 0.066406 0.091797 0.091797
0 0.580078 0.15332 0.095703 0.083008
0 0.65625 0.094727 0.082031 0.073242
0 0.756836 0.125 0.104492 0.083008
0 0.765625 0.006836 0.081055 0.014648
0 0.866211 0.025391 0.115234 0.051758
0 0.905273 0.303711 0.113281 0.09082
0 0.973633 0.195312 0.051758 0.081055
0 0.987305 0.288086 0.025391 0.068359
0 0.450195 0.573242 0.064453 0.094727
0 0.333984 0.388672 0.06543 0.135742
0 0.381836 0.274414 0.105469 0.134766
0 0.658203 0.216797 0.060547 0.0625
0 0.210938 0.679688 0.049805 0.069336
0 0.168945 0.514648 0.071289 0.064453
0 0.420898 0.894531 0.089844 0.080078
0 0.441406 0.829102 0.09082 0.063477
0 0.273438 0.254883 0.073242 0.05957
0 0.915039 0.852539 0.064453 0.051758
