0 0.02832 0.742188 0.057617 0.070312
0 0.15332 0.837891 0.050781 0.047852
0 0.150391 0.905273 0.050781 0.055664
0 0.241211 0.816406 0.080078 0.085938
0 0.238281 0.950195 0.05957 0.082031
0 0.324219 0.941406 0.06543 0.05957
0 0.203125 0.952148 0.052734 0.061523
0 0.272461 0.327148 0.094727 0.081055
0 0.105469 0.203125 0.098633 0.078125
0 0.033203 0.130859 0.067383 0.072266
0 0.449219 0.036133 0.09082 0.073242
0 0.885742 0.057617 0.091797 0.116211
0 0.626953 0.204102 0.098633 0.085938
0 0.432617 0.171875 0.066406 0.068359
0 0.385742 0.283203 0.140625 0.083984
0 0.586914 0.34082 0.097656 0.079102
0 0.736328 0.416016 0.095703 0.086914
0 0.756836 0.290039 0.077148 0.073242
0 0.621094 0.447266 0.131836 0.113281
0 0.418945 0.492188 0.249023 0.117188
0 0.744141 0.526367 0.121094 0.128906
0 0.760742 0.614258 0.080078 0.09668
0 0.464844 0.736328 0.083984 0.103516
0 0.554688 0.808594 0.167969 0.085938
0 0.388672 0.886719 0.117188 0.116211
0 0.695312 0.935547 0.102539 0.060547
0 0.614258 0.976562 0.070312 0.045898
0 0.875977 0.949219 0.106445 0.063477
0 0.964844 0.910156 0.06543 0.118164
0 0.912109 0.740234 0.058594 0.063477
0 0.976562 0.381836 0.045898 0.078125
0 0.980469 0.135742 0.039062 0.070312
