0 0.481445 0.342773 0.068359 0.077148
0 0.12793 0.742188 0.05957 0.079102
0 0.433594 0.097656 0.068359 0.083008
0 0.939453 0.573242 0.087891 0.069336
0 0.827148 0.696289 0.046875 0.075195
0 0.854492 0.145508 0.046875 0.068359
0 0.798828 0.356445 0.041016 0.069336
0 0.457031 0.410156 0.057617 0.050781
0 0.432617 0.650391 0.066406 0.06543
0 0.123047 0.442383 0.067383 0.088867
0 0.745117 0.226562 0.050781 0.076172
0 0.561523 0.459961 0.076172 0.047852
0 0.109375 0.825195 0.078125 0.037109
0 0.323242 0.229492 0.054688 0.054688
0 0.546875 0.970703 0.046875 0.057617
0 0.797852 0.231445 0.083008 0.085938
0 0.586914 0.225586 0.054688 0.078125
0 0.014648 0.267578 0.030273 0.037109
0 0.689453 0.878906 0.06543 0.025391
0 0.125977 0.544922 0.072266 0.035156
0 0.058594 0.566406 0.069336 0.079102
0 0.272461 0.62793 0.055664 0.033203
0 0.75293 0.517578 0.080078 0.063477
0 0.201172 0.139648 0.033203 0.074219
0 0.732422 0.46875 0.077148 0.052734
0 0.364258 0.459961 0.056641 0.05957
0 0.46582 0.650391 0.037109 0.063477
0 0.561523 0.925781 0.068359 0.041016
0 0.28418 0.817383 0.077148 0.036133
0 0.472656 0.092773 0.045898 0.074219
0 0.516602 0.800781 0.054688 0.048828
0 0.347656 0.667969 0.042969 0.046875
0 0.732422 0.636719 0.050781 0.036133
0 0.750977 0.051758 0.077148 0.054688
0 0.308594 0.560547 0.043945 0.063477
0 0.416992 0.5 0.072266 0.057617
0 0.163086 0.274414 0.045898 0.035156
0 0.488281 0.1875 0.039062 0.051758
0 0.007812 0.801758 0.016602 0.016602
0 0.533203 0.892578 0.086914 0.043945
0 0.634766 0.491211 0.061523 0.045898
0 0.762695 0.560547 0.089844 0.029297
0 0.043945 0.749023 0.072266 0.03125
0 0.929688 0.842773 0.064453 0.033203
0 0.838867 0.351562 0.053711 0.022461
0 0.461914 0.015625 0.068359 0.03125
0 0.407227 0.874023 0.042969 0.037109
0 0.439453 0.609375 0.060547 0.040039
0 0.898438 0.583984 0.079102 0.047852
0 0.765625 0.84082 0.041016 0.036133
0 0.753906 0.991211 0.058594 0.016602
0 0.822266 0.841797 0.043945 0.046875
0 0.584961 0.598633 0.051758 0.019531
0 0.945312 0.25 0.054688 0.026367
0 0.345703 0.927734 0.048828 0.025391
0 0.099609 0.792969 0.045898 0.022461
0 0.194336 0.876953 0.052734 0.0625
0 0.694336 0.780273 0.041992 0.027344
0 0.112305 0.899414 0.074219 0.047852
0 0.762695 0.584961 0.076172 0.020508
0 0.56543 0.435547 0.036133 0.049805
0 0.845703 0.640625 0.047852 0.055664
0 0.176758 0.96582 0.102539 0.03418
0 0.356445 0.540039 0.055664 0.038086
0 0.041992 0.198242 0.050781 0.051758
0 0.253906 0.876953 0.063477 0.040039
0 0.135742 0.991211 0.074219 0.016602
0 0.864258 0.908203 0.057617 0.039062
