0 0.02832 0.194336 0.057617 0.063477
0 0.023438 0.049805 0.044922 0.087891
0 0.102539 0.092773 0.058594 0.070312
0 0.224609 0.206055 0.043945 0.046875
0 0.1875 0.30957 0.103516 0.079102
0 0.181641 0.375 0.06543 0.067383
0 0.219727 0.431641 0.079102 0.070312
0 0.383789 0.378906 0.091797 0.056641
0 0.381836 0.324219 0.071289 0.05957
0 0.506836 0.222656 0.081055 0.064453
0 0.418945 0.18457 0.06543 0.06543
0 0.597656 0.195312 0.088867 0.083984
0 0.708008 0.258789 0.117188 0.066406
0 0.891602 0.234375 0.107422 0.067383
0 0.869141 0.126953 0.120117 0.063477
0 0.682617 0.019531 0.080078 0.040039
0 0.539062 0.505859 0.072266 0.057617
0 0.728516 0.325195 0.086914 0.076172
0 0.833008 0.301758 0.083984 0.051758
0 0.878906 0.384766 0.071289 0.06543
0 0.923828 0.487305 0.121094 0.105469
0 0.935547 0.602539 0.060547 0.054688
0 0.8125 0.649414 0.101562 0.061523
0 0.805664 0.72168 0.072266 0.075195
0 0.901367 0.754883 0.081055 0.051758
0 0.90918 0.862305 0.113281 0.063477
0 0.814453 0.837891 0.071289 0.0625
0 0.643555 0.789062 0.083008 0.099609
0 0.398438 0.710938 0.071289 0.056641
0 0.34082 0.648438 0.076172 0.073242
0 0.40332 0.614258 0.069336 0.053711
0 0.492188 0.614258 0.102539 0.069336
0 0.306641 0.561523 0.102539 0.066406
0 0.113281 0.578125 0.058594 0.061523
0 0.017578 0.639648 0.036133 0.067383
0 0.087891 0.804688 0.080078 0.0625
0 0.044922 0.849609 0.0625 0.074219
0 0.043945 0.925781 0.087891 0.092773
0 0.201172 0.876953 0.077148 0.067383
0 0.15332 0.807617 0.077148 0.068359
0 0.320312 0.855469 0.086914 0.103516
0 0.476562 0.876953 0.091797 0.077148
0 0.397461 0.958984 0.058594 0.073242
0 0.125 0.974609 0.067383 0.050781
0 0.046875 0.298828 0.074219 0.103516
0 0.860352 0.546875 0.084961 0.060547
0 0.506836 0.771484 0.081055 0.061523
0 0.144531 0.220703 0.05957 0.068359
0 0.461914 0.058594 0.066406 0.057617
0 0.888672 0.807617 0.073242 0.052734
0 0.973633 0.632812 0.046875 0.076172
0 0.68457 0.313477 0.05957 0.067383
0 0.237305 0.65918 0.054688 0.023438
0 0.90332 0.631836 0.057617 0.036133
