0 0.261719 0.020508 0.083984 0.041992
0 0.341797 0.037109 0.058594 0.074219
0 0.057617 0.149414 0.085938 0.142578
0 0.270508 0.144531 0.09082 0.082031
0 0.441406 0.119141 0.114258 0.067383
0 0.152344 0.163086 0.074219 0.081055
0 0.367188 0.146484 0.060547 0.054688
0 0.598633 0.027344 0.118164 0.055664
0 0.888672 0.066406 0.097656 0.078125
0 0.707031 0.123047 0.080078 0.087891
0 0.661133 0.198242 0.09082 0.094727
0 0.532227 0.243164 0.069336 0.071289
0 0.361328 0.333984 0.068359 0.066406
0 0.864258 0.246094 0.076172 0.087891
0 0.969727 0.239258 0.05957 0.141602
0 0.158203 0.387695 0.107422 0.071289
0 0.060547 0.332031 0.074219 0.063477
0 0.071289 0.491211 0.087891 0.092773
0 0.217773 0.618164 0.118164 0.136719
0 0.447266 0.556641 0.079102 0.088867
0 0.560547 0.567383 0.079102 0.09668
0 0.59668 0.383789 0.098633 0.078125
0 0.639648 0.298828 0.107422 0.06543
0 0.792969 0.356445 0.074219 0.083008
0 0.901367 0.477539 0.09375 0.105469
0 0.722656 0.545898 0.09082 0.103516
0 0.632812 0.610352 0.054688 0.082031
0 0.623047 0.723633 0.077148 0.066406
0 0.595703 0.827148 0.089844 0.080078
0 0.445312 0.800781 0.05957 0.084961
0 0.318359 0.847656 0.068359 0.074219
0 0.287109 0.911133 0.068359 0.066406
0 0.066406 0.767578 0.074219 0.05957
0 0.063477 0.928711 0.070312 0.101562
0 0.522461 0.960938 0.12793 0.078125
0 0.12793 0.978516 0.052734 0.041992
0 0.80957 0.941406 0.120117 0.085938
0 0.910156 0.819336 0.068359 0.067383
0 0.957031 0.665039 0.076172 0.114258
0 0.912109 0.974609 0.068359 0.050781
0 0.051758 0.641602 0.070312 0.081055
0 0.5 0.217773 0.036133 0.054688
0 0.573242 0.285156 0.054688 0.068359
0 0.191406 0.921875 0.056641 0.056641
