0 0.311523 0.548828 0.099609 0.139648
0 0.870117 0.401367 0.163086 0.107422
0 0.269531 0.032227 0.115234 0.064453
0 0.279297 0.167969 0.125 0.112305
0 0.796875 0.138672 0.094727 0.120117
0 0.260742 0.813477 0.114258 0.076172
0 0.945312 0.758789 0.109375 0.083008
0 0.490234 0.801758 0.091797 0.125
0 0.832031 0.822266 0.105469 0.105469
0 0.741211 0.40918 0.092773 0.089844
0 0.088867 0.639648 0.104492 0.125
0 0.365234 0.87793 0.067383 0.097656
0 0.931641 0.858398 0.084961 0.078125
0 0.964844 0.206055 0.070312 0.087891
0 0.701172 0.151367 0.078125 0.075195
0 0.079102 0.802734 0.110352 0.086914
0 0.330078 0.677734 0.083008 0.067383
0 0.628906 0.574219 0.200195 0.110352
0 0.396484 0.380859 0.114258 0.126953
0 0.890625 0.618164 0.078125 0.083008
0 0.536133 0.400391 0.097656 0.107422
0 0.384766 0.160156 0.080078 0.086914
0 0.115234 0.911133 0.12207 0.097656
0 0.441406 0.333984 0.075195 0.06543
0 0.211914 0.785156 0.099609 0.081055
