0 0.597656 0.44043 0.099609 0.083984
0 0.723633 0.875977 0.09082 0.071289
0 0.114258 0.870117 0.081055 0.05957
0 0.038086 0.155273 0.077148 0.082031
0 0.648438 0.620117 0.09375 0.084961
0 0.878906 0.216797 0.09668 0.113281
0 0.704102 0.55957 0.074219 0.107422
0 0.589844 0.666016 0.135742 0.25
0 0.180664 0.783203 0.09082 0.088867
0 0.751953 0.712891 0.111328 0.253906
0 0.621094 0.385742 0.085938 0.073242
0 0.076172 0.078125 0.084961 0.116211
0 0.612305 0.818359 0.149414 0.130859
0 0.095703 0.203125 0.078125 0.074219
0 0.041016 0.634766 0.083008 0.154297
0 0.5 0.407227 0.137695 0.107422
0 0.794922 0.072266 0.09375 0.145508
0 0.822266 0.126953 0.083008 0.083984
0 0.492188 0.199219 0.136719 0.083984
0 0.825195 0.96582 0.089844 0.067383
0 0.386719 0.983398 0.137695 0.033203
0 0.273438 0.959961 0.105469 0.074219
0 0.974609 0.832031 0.050781 0.101562
0 0.414062 0.769531 0.100586 0.100586
0 0.015625 0.092773 0.032227 0.070312
0 0.982422 0.360352 0.035156 0.089844
0 0.197266 0.751953 0.216797 0.111328
0 0.600586 0.294922 0.144531 0.166992
0 0.630859 0.242188 0.086914 0.099609
0 0.657227 0.208008 0.060547 0.146484
0 0.901367 0.141602 0.041992 0.083008
0 0.048828 0.03125 0.080078 0.0625
0 0.59668 0.946289 0.092773 0.084961
