0 0.80957 0.788086 0.206055 0.072266
0 0.884766 0.951172 0.186523 0.052734
0 0.931641 0.700195 0.135742 0.118164
0 0.225586 0.762695 0.314453 0.145508
0 0.881836 0.513672 0.097656 0.050781
0 0.957031 0.779297 0.085938 0.105469
0 0.670898 0.703125 0.085938 0.124023
0 0.171875 0.519531 0.183594 0.085938
0 0.089844 0.420898 0.179688 0.09082
0 0.65625 0.027344 0.086914 0.055664
0 0.292969 0.875 0.115234 0.083984
0 0.755859 0.826172 0.21875 0.183594
0 0.911133 0.157227 0.177734 0.158203
0 0.425781 0.852539 0.098633 0.092773
0 0.088867 0.348633 0.178711 0.105469
0 0.298828 0.369141 0.183594 0.114258
0 0.357422 0.325195 0.083984 0.15332
0 0.189453 0.246094 0.228516 0.149414
0 0.401367 0.268555 0.109375 0.12793
0 0.583008 0.365234 0.058594 0.055664
0 0.775391 0.05957 0.069336 0.050781
0 0.892578 0.974609 0.162109 0.046875
