0 0.011719 0.522461 0.024414 0.082031
0 0.067383 0.589844 0.073242 0.073242
0 0.129883 0.700195 0.070312 0.077148
0 0.291016 0.566406 0.086914 0.076172
0 0.400391 0.670898 0.103516 0.0625
0 0.4375 0.734375 0.060547 0.083008
0 0.145508 0.842773 0.068359 0.080078
0 0.197266 0.907227 0.085938 0.064453
0 0.257812 0.785156 0.0625 0.071289
0 0.46875 0.836914 0.097656 0.063477
0 0.488281 0.895508 0.076172 0.068359
0 0.59082 0.833008 0.09668 0.079102
0 0.548828 0.648438 0.089844 0.083008
0 0.544922 0.977539 0.124023 0.044922
0 0.71582 0.896484 0.068359 0.071289
0 0.032227 0.144531 0.06543 0.094727
0 0.0625 0.058594 0.083984 0.081055
0 0.142578 0.041016 0.09082 0.064453
0 0.132812 0.181641 0.068359 0.077148
0 0.202148 0.232422 0.074219 0.053711
0 0.125977 0.314453 0.074219 0.068359
0 0.333984 0.336914 0.053711 0.077148
0 0.384766 0.334961 0.049805 0.063477
0 0.347656 0.208008 0.083008 0.063477
0 0.447266 0.060547 0.091797 0.066406
0 0.864258 0.8125 0.053711 0.06543
0 0.804688 0.772461 0.072266 0.05957
0 0.754883 0.81543 0.050781 0.058594
0 0.966797 0.681641 0.06543 0.06543
0 0.791016 0.563477 0.085938 0.085938
0 0.676758 0.552734 0.083008 0.089844
0 0.696289 0.428711 0.082031 0.087891
0 0.950195 0.414062 0.098633 0.09082
0 0.69043 0.050781 0.0625 0.091797
0 0.719727 0.100586 0.066406 0.06543
0 0.632812 0.084961 0.055664 0.083008
0 0.563477 0.073242 0.109375 0.05957
0 0.857422 0.344727 0.040039 0.048828
0 0.78125 0.261719 0.052734 0.075195
0 0.431641 0.113281 0.089844 0.057617
0 0.451172 0.238281 0.069336 0.063477
0 0.180664 0.010742 0.084961 0.021484
0 0.348633 0.005859 0.057617 0.012695
0 0.237305 0.754883 0.069336 0.046875
0 0.181641 0.833008 0.045898 0.042969
0 0.823242 0.350586 0.042969 0.055664
0 0.678711 0.481445 0.05957 0.044922
0 0.126953 0.645508 0.067383 0.056641
0 0.575195 0.755859 0.075195 0.061523
