0 0.128906 0.055664 0.05957 0.082031
0 0.216797 0.037109 0.053711 0.06543
0 0.320312 0.041992 0.110352 0.070312
0 0.335938 0.140625 0.106445 0.077148
0 0.454102 0.121094 0.098633 0.083008
0 0.633789 0.071289 0.083008 0.089844
0 0.506836 0.21582 0.073242 0.09082
0 0.807617 0.023438 0.080078 0.046875
0 0.927734 0.046875 0.099609 0.077148
0 0.962891 0.118164 0.073242 0.101562
0 0.616211 0.311523 0.064453 0.087891
0 0.75293 0.302734 0.069336 0.079102
0 0.975586 0.398438 0.047852 0.12793
0 0.925781 0.416992 0.148438 0.081055
0 0.651367 0.503906 0.134766 0.109375
0 0.671875 0.452148 0.077148 0.066406
0 0.423828 0.419922 0.057617 0.061523
0 0.268555 0.541992 0.067383 0.069336
0 0.216797 0.540039 0.058594 0.057617
0 0.206055 0.444336 0.076172 0.052734
0 0.043945 0.549805 0.088867 0.074219
0 0.158203 0.679688 0.073242 0.083008
0 0.246094 0.706055 0.084961 0.120117
0 0.349609 0.625977 0.051758 0.097656
0 0.033203 0.78418 0.053711 0.130859
0 0.03125 0.694336 0.0625 0.047852
0 0.535156 0.661133 0.068359 0.121094
0 0.501953 0.549805 0.094727 0.083008
0 0.667969 0.657227 0.09375 0.107422
0 0.575195 0.836914 0.148438 0.216797
0 0.573242 0.967773 0.084961 0.064453
0 0.741211 0.869141 0.077148 0.125
0 0.697266 0.930664 0.076172 0.119141
0 0.829102 0.874023 0.05957 0.087891
0 0.932617 0.829102 0.052734 0.052734
0 0.991211 0.770508 0.016602 0.105469
0 0.960938 0.49707 0.078125 0.084961
0 0.963867 0.893555 0.072266 0.070312
0 0.908203 0.960938 0.09082 0.077148
0 0.795898 0.964844 0.064453 0.070312
0 0.616211 0.605469 0.100586 0.066406
0 0.386719 0.56543 0.060547 0.069336
0 0.207031 0.981445 0.089844 0.036133
0 0.28418 0.585938 0.108398 0.069336
0 0.625977 0.771484 0.083008 0.121094
