0 0.225586 0.027344 0.133789 0.055664
0 0.214844 0.844727 0.105469 0.066406
0 0.481445 0.640625 0.094727 0.044922
0 0.842773 0.808594 0.053711 0.098633
0 0.057617 0.855469 0.114258 0.082031
0 0.229492 0.53418 0.091797 0.072266
0 0.708008 0.949219 0.0625 0.081055
0 0.703125 0.22168 0.099609 0.114258
0 0.72168 0.861328 0.105469 0.048828
0 0.728516 0.191406 0.077148 0.074219
0 0.675781 0.538086 0.083984 0.052734
0 0.869141 0.294922 0.0625 0.071289
0 0.929688 0.311523 0.0625 0.052734
0 0.364258 0.673828 0.106445 0.080078
0 0.776367 0.726562 0.104492 0.050781
0 0.554688 0.269531 0.043945 0.084961
0 0.149414 0.213867 0.12793 0.053711
0 0.177734 0.167969 0.106445 0.105469
0 0.600586 0.677734 0.09375 0.041016
0 0.071289 0.333984 0.113281 0.06543
0 0.487305 0.941406 0.094727 0.083008
0 0.661133 0.650391 0.087891 0.041992
0 0.77832 0.69043 0.09668 0.06543
0 0.332031 0.314453 0.134766 0.043945
0 0.34668 0.896484 0.070312 0.047852
0 0.104492 0.788086 0.112305 0.045898
0 0.913086 0.69043 0.072266 0.029297
0 0.845703 0.015625 0.077148 0.029297
0 0.837891 0.330078 0.053711 0.035156
0 0.060547 0.985352 0.061523 0.02832
0 0.660156 0.72168 0.040039 0.054688
0 0.793945 0.579102 0.058594 0.032227
0 0.074219 0.055664 0.125977 0.102539
0 0.229492 0.638672 0.099609 0.067383
0 0.708984 0.012695 0.044922 0.026367
0 0.955078 0.220703 0.052734 0.050781
0 0.364258 0.829102 0.09082 0.032227
0 0.628906 0.019531 0.044922 0.037109
0 0.03125 0.235352 0.0625 0.036133
0 0.894531 0.828125 0.087891 0.052734
0 0.942383 0.986328 0.083984 0.019531
0 0.152344 0.714844 0.067383 0.030273
0 0.101562 0.665039 0.078125 0.035156
0 0.396484 0.032227 0.054688 0.03125
0 0.026367 0.681641 0.053711 0.03418
0 0.734375 0.926758 0.067383 0.027344
0 0.859375 0.648438 0.082031 0.021484
0 0.686523 0.577148 0.09082 0.025391
0 0.050781 0.019531 0.097656 0.037109
0 0.813477 0.62207 0.070312 0.027344
0 0.851562 0.236328 0.072266 0.038086
0 0.831055 0.929688 0.068359 0.040039
0 0.21875 0.649414 0.109375 0.063477
0 0.921875 0.918945 0.083984 0.03125
0 0.696289 0.972656 0.054688 0.036133
0 0.260742 0.980469 0.099609 0.038086
0 0.59668 0.914062 0.089844 0.033203
0 0.641602 0.274414 0.051758 0.039062
0 0.568359 0.905273 0.167969 0.076172
0 0.304199 0.344434 0.052246 0.028809
0 0.754883 0.010742 0.053711 0.019531
0 0.586914 0.885742 0.108398 0.061523
0 0.378906 0.009766 0.117188 0.019531
