0 0.9375 0.286133 0.092773 0.177734
0 0.844727 0.551758 0.080078 0.099609
0 0.943359 0.927734 0.113281 0.12793
0 0.357422 0.326172 0.085938 0.073242
0 0.717773 0.360352 0.092773 0.147461
0 0.148438 0.21582 0.097656 0.136719
0 0.28125 0.969727 0.094727 0.060547
0 0.924805 0.738281 0.150391 0.123047
0 0.710938 0.785156 0.123047 0.092773
0 0.080078 0.932617 0.12207 0.112305
0 0.696289 0.939453 0.129883 0.120117
0 0.082031 0.461914 0.089844 0.139648
0 0.158203 0.394531 0.087891 0.143555
0 0.791992 0.151367 0.084961 0.100586
0 0.844727 0.854492 0.076172 0.081055
0 0.96582 0.490234 0.052734 0.09668
0 0.917969 0.061523 0.083008 0.100586
0 0.774414 0.09375 0.075195 0.120117
0 0.685547 0.175781 0.100586 0.24707
0 0.050781 0.68457 0.097656 0.134766
0 0.820312 0.958008 0.077148 0.077148
0 0.854492 0.396484 0.060547 0.110352
