0 0.06543 0.648438 0.060547 0.067383
0 0.054688 0.512695 0.069336 0.088867
0 0.008789 0.588867 0.017578 0.061523
0 0.033203 0.353516 0.067383 0.074219
0 0.03125 0.249023 0.063477 0.077148
0 0.328125 0.069336 0.09375 0.117188
0 0.27832 0.147461 0.050781 0.068359
0 0.258789 0.233398 0.067383 0.0625
0 0.202148 0.189453 0.046875 0.0625
0 0.126953 0.220703 0.083008 0.063477
0 0.371094 0.244141 0.068359 0.064453
0 0.482422 0.25 0.077148 0.094727
0 0.578125 0.291992 0.081055 0.067383
0 0.595703 0.186523 0.130859 0.113281
0 0.427734 0.107422 0.131836 0.094727
0 0.682617 0.049805 0.115234 0.099609
0 0.907227 0.0625 0.094727 0.09375
0 0.670898 0.366211 0.0625 0.086914
0 0.776367 0.391602 0.072266 0.079102
0 0.839844 0.270508 0.083984 0.080078
0 0.800781 0.195312 0.095703 0.070312
0 0.97168 0.227539 0.055664 0.072266
0 0.290039 0.385742 0.067383 0.071289
0 0.353516 0.382812 0.05957 0.060547
0 0.452148 0.34375 0.052734 0.0625
0 0.253906 0.443359 0.06543 0.069336
0 0.220703 0.541992 0.105469 0.083008
0 0.461914 0.487305 0.057617 0.078125
0 0.510742 0.475586 0.05957 0.066406
0 0.517578 0.578125 0.089844 0.074219
0 0.319336 0.697266 0.078125 0.071289
0 0.208984 0.802734 0.073242 0.06543
0 0.365234 0.826172 0.092773 0.077148
0 0.347656 0.953125 0.054688 0.060547
0 0.634766 0.941406 0.088867 0.080078
0 0.736328 0.84082 0.106445 0.076172
0 0.951172 0.81543 0.09668 0.068359
0 0.912109 0.540039 0.074219 0.069336
