0 0.206055 0.804688 0.087891 0.099609
0 0.443359 0.329102 0.087891 0.104492
0 0.385742 0.746094 0.078125 0.084961
0 0.998047 0.588867 0.00293 0.075195
0 0.936523 0.452148 0.083984 0.143555
0 0.155273 0.530273 0.086914 0.073242
0 0.588867 0.803711 0.082031 0.080078
0 0.441406 0.953125 0.084961 0.092773
0 0.714844 0.828125 0.070312 0.102539
0 0.881836 0.741211 0.084961 0.075195
0 0.642578 0.952148 0.102539 0.095703
0 0.513672 0.704102 0.120117 0.094727
0 0.774414 0.516602 0.075195 0.100586
0 0.061523 0.578125 0.094727 0.097656
0 0.3125 0.889648 0.113281 0.098633
0 0.19043 0.307617 0.131836 0.083008
0 0.890625 0.605469 0.082031 0.12793
0 0.550781 0.608398 0.078125 0.117188
0 0.333984 0.111328 0.084961 0.120117
0 0.679688 0.453125 0.089844 0.082031
0 0.878906 0.223633 0.094727 0.097656
0 0.84668 0.305664 0.069336 0.097656
0 0.176758 0.128906 0.070312 0.094727
0 0.94043 0.084961 0.083008 0.125
0 0.698242 0.72168 0.078125 0.125
0 0.251953 0.189453 0.084961 0.160156
0 0.739258 0.213867 0.084961 0.139648
0 0.491211 0.220703 0.0625 0.102539
0 0.066406 0.833008 0.075195 0.067383
0 0.651367 0.228516 0.063477 0.072266
0 0.689453 0.135742 0.080078 0.097656
0 0.881836 0.113281 0.060547 0.136719
0 0.174805 0.036133 0.067383 0.073242
0 0.171875 0.250977 0.099609 0.087891
0 0.65625 0.041016 0.060547 0.081055
0 0.762695 0.03418 0.049805 0.067383
0 0.775391 0.274414 0.107422 0.134766
0 0.478516 0.569336 0.107422 0.155273
0 0.048828 0.388672 0.094727 0.107422
0 0.585938 0.036133 0.057617 0.070312
