0 0.874023 0.155273 0.131836 0.102539
0 0.714844 0.297852 0.134766 0.086914
0 0.027344 0.629883 0.054688 0.125
0 0.729492 0.194336 0.130859 0.089844
0 0.679688 0.510742 0.144531 0.117188
0 0.463867 0.131836 0.120117 0.105469
0 0.530273 0.802734 0.09668 0.083008
0 0.345703 0.422852 0.072266 0.073242
0 0.47168 0.417969 0.145508 0.137695
0 0.858398 0.429688 0.162109 0.099609
0 0.859375 0.322266 0.129883 0.080078
0 0.619141 0.759766 0.094727 0.089844
0 0.711914 0.894531 0.089844 0.105469
0 0.164062 0.933594 0.15918 0.117188
0 0.328125 0.216797 0.102539 0.105469
0 0.230469 0.231445 0.117188 0.100586
0 0.561523 0.367188 0.110352 0.080078
0 0.697266 0.345703 0.115234 0.067383
0 0.867188 0.498047 0.205078 0.072266
