0 0.950195 0.104492 0.099609 0.1875
0 0.970703 0.356445 0.057617 0.128906
0 0.979492 0.742188 0.040039 0.120117
0 0.813477 0.803711 0.089844 0.126953
0 0.318359 0.389648 0.196289 0.174805
0 0.496094 0.099609 0.168945 0.116211
0 0.486328 0.783203 0.223633 0.120117
0 0.612305 0.016602 0.097656 0.03418
0 0.519531 0.011719 0.077148 0.024414
0 0.341797 0.045898 0.163086 0.092773
0 0.171875 0.115234 0.104492 0.070312
0 0.181641 0.064453 0.075195 0.041016
0 0.058594 0.02832 0.117188 0.057617
0 0.166992 0.226562 0.080078 0.089844
0 0.050781 0.198242 0.101562 0.118164
0 0.077148 0.47168 0.133789 0.063477
0 0.071289 0.526367 0.142578 0.051758
0 0.290039 0.540039 0.132812 0.080078
0 0.104492 0.648438 0.143555 0.086914
0 0.157227 0.711914 0.121094 0.064453
0 0.350586 0.679688 0.125977 0.128906
0 0.231445 0.844727 0.167969 0.21582
0 0.106445 0.949219 0.123047 0.101562
0 0.598633 0.863281 0.112305 0.088867
0 0.474609 0.954102 0.092773 0.091797
0 0.722656 0.606445 0.077148 0.083008
0 0.961914 0.480469 0.076172 0.09375
0 0.823242 0.682617 0.117188 0.091797
0 0.150391 0.823242 0.066406 0.080078
0 0.899414 0.751953 0.081055 0.069336
0 0.90918 0.905273 0.12207 0.079102
0 0.851562 0.974609 0.110352 0.049805
0 0.370117 0.839844 0.242188 0.194336
0 0.911133 0.104492 0.110352 0.114258
