0 0.949219 0.044922 0.078125 0.089844
0 0.149414 0.180664 0.076172 0.071289
0 0.240234 0.166016 0.072266 0.063477
0 0.356445 0.254883 0.052734 0.087891
0 0.407227 0.266602 0.066406 0.064453
0 0.447266 0.146484 0.056641 0.063477
0 0.521484 0.171875 0.064453 0.063477
0 0.631836 0.161133 0.066406 0.095703
0 0.693359 0.226562 0.081055 0.066406
0 0.642578 0.34668 0.114258 0.069336
0 0.739258 0.295898 0.067383 0.05957
0 0.796875 0.291992 0.071289 0.085938
0 0.850586 0.291016 0.048828 0.0625
0 0.871094 0.1875 0.055664 0.057617
0 0.813477 0.19043 0.068359 0.063477
0 0.808594 0.144531 0.106445 0.058594
0 0.935547 0.233398 0.075195 0.072266
0 0.933594 0.333008 0.056641 0.068359
0 0.96875 0.271484 0.0625 0.051758
0 0.032227 0.65332 0.049805 0.055664
0 0.081055 0.618164 0.057617 0.044922
0 0.177734 0.555664 0.077148 0.081055
0 0.234375 0.538086 0.057617 0.055664
0 0.271484 0.589844 0.057617 0.056641
0 0.050781 0.796875 0.074219 0.075195
0 0.129883 0.775391 0.047852 0.086914
0 0.169922 0.755859 0.054688 0.063477
0 0.201172 0.713867 0.0625 0.066406
0 0.275391 0.704102 0.064453 0.070312
0 0.335938 0.680664 0.081055 0.05957
0 0.414062 0.638672 0.070312 0.066406
0 0.523438 0.700195 0.067383 0.0625
0 0.451172 0.729492 0.111328 0.069336
0 0.507812 0.764648 0.069336 0.053711
0 0.538086 0.820312 0.053711 0.089844
0 0.352539 0.84668 0.066406 0.063477
0 0.663086 0.754883 0.071289 0.105469
0 0.704102 0.727539 0.066406 0.064453
0 0.735352 0.670898 0.050781 0.05957
0 0.817383 0.754883 0.073242 0.055664
0 0.873047 0.749023 0.055664 0.051758
0 0.573242 0.712891 0.052734 0.051758
