0 0.820312 0.386719 0.055664 0.083984
0 0.012695 0.067383 0.026367 0.098633
0 0.27832 0.823242 0.049805 0.083984
0 0.946289 0.802734 0.057617 0.089844
0 0.955078 0.265625 0.088867 0.085938
0 0.097656 0.083008 0.03418 0.088867
0 0.092773 0.348633 0.073242 0.083008
0 0.750977 0.771484 0.046875 0.101562
0 0.525391 0.029297 0.047852 0.058594
0 0.418945 0.047852 0.041016 0.087891
0 0.329102 0.743164 0.041016 0.089844
0 0.744141 0.282227 0.067383 0.051758
0 0.125 0.916016 0.12207 0.116211
0 0.726562 0.59082 0.073242 0.06543
0 0.685547 0.780273 0.099609 0.128906
0 0.673828 0.375977 0.104492 0.0625
0 0.500977 0.282227 0.037109 0.104492
0 0.902344 0.944336 0.051758 0.09668
0 0.551758 0.615234 0.072266 0.0625
0 0.013672 0.432617 0.027344 0.058594
0 0.594727 0.97168 0.053711 0.056641
0 0.035156 0.667969 0.054688 0.051758
0 0.201172 0.610352 0.0625 0.067383
0 0.165039 0.487305 0.024414 0.069336
0 0.969727 0.445312 0.054688 0.12793
0 0.816406 0.040039 0.063477 0.041016
0 0.46582 0.493164 0.041992 0.067383
0 0.618164 0.020508 0.038086 0.041016
0 0.490723 0.112891 0.123535 0.037207
0 0.036133 0.072266 0.064453 0.043945
0 0.234375 0.250977 0.057617 0.055664
0 0.128906 0.179688 0.063477 0.048828
0 0.805664 0.146484 0.024414 0.066406
0 0.685547 0.285156 0.060547 0.080078
0 0.369141 0.035156 0.039062 0.06543
0 0.15625 0.702148 0.045898 0.060547
0 0.213867 0.975586 0.041016 0.041992
0 0.260352 0.663184 0.106836 0.058594
0 0.22168 0.044922 0.086914 0.05957
0 0.104492 0.674805 0.055664 0.048828
0 0.522461 0.72168 0.049805 0.040039
0 0.619141 0.192383 0.058594 0.040039
0 0.958008 0.321289 0.026367 0.05957
0 0.826172 0.540039 0.043945 0.029297
0 0.087891 0.200195 0.091797 0.047852
0 0.574219 0.973633 0.035156 0.052734
0 0.524414 0.932617 0.039062 0.039062
0 0.987305 0.144531 0.024414 0.066406
0 0.552734 0.513672 0.030273 0.041016
0 0.256836 0.978516 0.036133 0.041992
0 0.587891 0.366211 0.055664 0.040039
0 0.464844 0.933594 0.049805 0.050781
0 0.429688 0.577148 0.060547 0.033203
0 0.495117 0.975586 0.083008 0.040039
0 0.430078 0.218848 0.041016 0.051758
0 0.820312 0.308594 0.0625 0.053711
0 0.432617 0.429688 0.06543 0.048828
0 0.650391 0.459961 0.066406 0.052734
0 0.495117 0.541992 0.055664 0.032227
0 0.992188 0.041016 0.015625 0.055664
0 0.727539 0.930664 0.057617 0.074219
0 0.799805 0.986328 0.053711 0.027344
0 0.689453 0.975586 0.061523 0.046875
0 0.673828 0.884766 0.026367 0.048828
0 0.905273 0.853516 0.063477 0.135742
0 0.660156 0.847656 0.037109 0.039062
0 0.402344 0.768555 0.042969 0.038086
0 0.080078 0.012695 0.053711 0.026367
0 0.775391 0.580078 0.061523 0.051758
0 0.412109 0.957031 0.040039 0.041016
0 0.607422 0.400391 0.027344 0.033203
