0 0.012695 0.355469 0.026367 0.068359
0 0.037109 0.321289 0.068359 0.0625
0 0.023438 0.271484 0.046875 0.068359
0 0.084961 0.19043 0.089844 0.101562
0 0.157227 0.174805 0.089844 0.072266
0 0.09668 0.049805 0.091797 0.073242
0 0.086914 0.013672 0.085938 0.027344
0 0.233398 0.095703 0.074219 0.086914
0 0.3125 0.131836 0.095703 0.121094
0 0.045898 0.766602 0.076172 0.058594
0 0.120117 0.612305 0.058594 0.06543
0 0.203125 0.652344 0.068359 0.071289
0 0.12207 0.973633 0.139648 0.051758
0 0.342773 0.769531 0.150391 0.111328
0 0.485352 0.099609 0.172852 0.104492
0 0.451172 0.219727 0.071289 0.081055
0 0.4375 0.352539 0.073242 0.073242
0 0.573242 0.292969 0.073242 0.079102
0 0.557617 0.267578 0.134766 0.132812
0 0.754883 0.320312 0.091797 0.091797
0 0.750977 0.209961 0.058594 0.0625
0 0.796875 0.12207 0.206055 0.110352
0 0.875 0.03418 0.106445 0.069336
0 0.891602 0.277344 0.066406 0.066406
0 0.976562 0.332031 0.046875 0.070312
0 0.938477 0.389648 0.073242 0.066406
0 0.963867 0.579102 0.071289 0.112305
0 0.768555 0.551758 0.09375 0.155273
0 0.505859 0.600586 0.076172 0.088867
0 0.407227 0.683594 0.132812 0.074219
0 0.355469 0.547852 0.091797 0.143555
0 0.643555 0.657227 0.075195 0.09082
0 0.621094 0.744141 0.087891 0.072266
0 0.541016 0.825195 0.091797 0.069336
0 0.396484 0.929688 0.095703 0.102539
0 0.503906 0.936523 0.080078 0.067383
0 0.816406 0.948242 0.098633 0.103516
0 0.864258 0.681641 0.088867 0.064453
0 0.542969 0.020508 0.054688 0.039062
0 0.484375 0.029297 0.054688 0.058594
0 0.179688 0.231445 0.057617 0.041992
0 0.173828 0.356445 0.081055 0.089844
0 0.249023 0.255859 0.067383 0.081055
0 0.953125 0.214844 0.054688 0.058594
0 0.09668 0.793945 0.077148 0.067383
0 0.06543 0.907227 0.066406 0.055664
0 0.576172 0.897461 0.098633 0.079102
0 0.466797 0.394531 0.054688 0.089844
0 0.623047 0.27832 0.094727 0.086914
0 0.62207 0.366211 0.049805 0.063477
0 0.431641 0.083984 0.091797 0.151367
0 0.021484 0.146484 0.042969 0.087891
