0 0.556641 0.272461 0.124023 0.066406
0 0.668945 0.223633 0.105469 0.075195
0 0.597656 0.121094 0.057617 0.054688
0 0.648438 0.030273 0.094727 0.060547
0 0.773438 0.080078 0.05957 0.077148
0 0.848633 0.02832 0.078125 0.056641
0 0.921875 0.124023 0.086914 0.077148
0 0.924805 0.264648 0.112305 0.070312
0 0.847656 0.399414 0.076172 0.060547
0 0.631836 0.431641 0.12207 0.106445
0 0.607422 0.552734 0.084961 0.091797
0 0.509766 0.555664 0.094727 0.099609
0 0.681641 0.734375 0.118164 0.088867
0 0.870117 0.791992 0.136719 0.073242
0 0.97168 0.672852 0.055664 0.064453
0 0.824219 0.666992 0.051758 0.05957
0 0.439453 0.670898 0.056641 0.073242
0 0.570312 0.757812 0.104492 0.076172
0 0.329102 0.476562 0.098633 0.080078
0 0.262695 0.376953 0.117188 0.094727
0 0.416016 0.352539 0.120117 0.076172
0 0.425781 0.25 0.087891 0.06543
0 0.152344 0.494141 0.079102 0.076172
0 0.114258 0.579102 0.085938 0.095703
0 0.244141 0.650391 0.087891 0.088867
0 0.355469 0.749023 0.089844 0.069336
0 0.560547 0.90332 0.0625 0.081055
0 0.854492 0.964844 0.150391 0.069336
0 0.845703 0.921875 0.123047 0.068359
0 0.094727 0.870117 0.06543 0.086914
0 0.273438 0.875 0.120117 0.075195
0 0.414062 0.904297 0.069336 0.071289
0 0.47168 0.873047 0.060547 0.075195
0 0.200195 0.772461 0.06543 0.045898
0 0.022461 0.426758 0.045898 0.09082
0 0.055664 0.489258 0.092773 0.072266
0 0.046875 0.173828 0.078125 0.072266
0 0.196289 0.041992 0.095703 0.083984
0 0.084961 0.052734 0.067383 0.076172
0 0.44043 0.067383 0.100586 0.061523
0 0.438477 0.021484 0.084961 0.042969
0 0.594727 0.319336 0.080078 0.048828
0 0.504883 0.379883 0.064453 0.075195
0 0.712891 0.860352 0.069336 0.066406
0 0.379883 0.835938 0.054688 0.053711
0 0.71582 0.175781 0.061523 0.082031
0 0.6875 0.432617 0.0625 0.095703
