0 0.229492 0.489258 0.063477 0.080078
0 0.152344 0.558594 0.075195 0.068359
0 0.47168 0.691406 0.044922 0.058594
0 0.170898 0.31543 0.061523 0.047852
0 0.436523 0.289062 0.091797 0.057617
0 0.457031 0.585938 0.041992 0.077148
0 0.25293 0.765625 0.049805 0.107422
0 0.897461 0.163086 0.174805 0.109375
0 0.582031 0.963867 0.05957 0.072266
0 0.869141 0.570312 0.087891 0.088867
0 0.362305 0.675781 0.05957 0.084961
0 0.697266 0.652344 0.113281 0.089844
0 0.476562 0.923828 0.047852 0.051758
0 0.087891 0.68457 0.057617 0.036133
0 0.650391 0.030273 0.051758 0.043945
0 0.967773 0.880859 0.038086 0.051758
0 0.168945 0.194336 0.049805 0.050781
0 0.913086 0.501953 0.044922 0.083008
0 0.767578 0.394531 0.052734 0.049805
0 0.224609 0.950195 0.109375 0.099609
0 0.52832 0.208008 0.080078 0.047852
0 0.553711 0.558594 0.041992 0.058594
0 0.333008 0.40625 0.036133 0.071289
0 0.956055 0.65332 0.086914 0.081055
0 0.748047 0.204102 0.073242 0.085938
0 0.729492 0.614258 0.105469 0.030273
0 0.21582 0.628906 0.072266 0.048828
0 0.974609 0.248047 0.050781 0.073242
0 0.109375 0.392578 0.068359 0.055664
0 0.554688 0.670898 0.094727 0.068359
0 0.024414 0.3125 0.048828 0.024414
0 0.748047 0.798828 0.111328 0.057617
0 0.522461 0.709961 0.051758 0.032227
0 0.550781 0.068359 0.060547 0.026367
0 0.917969 0.989258 0.050781 0.017578
0 0.415039 0.833008 0.060547 0.041992
0 0.527344 0.227539 0.072266 0.051758
0 0.671875 0.530273 0.041016 0.075195
0 0.291016 0.902344 0.061523 0.06543
0 0.357422 0.311523 0.071289 0.05957
0 0.058594 0.099609 0.118164 0.166992
0 0.288086 0.211914 0.115234 0.050781
0 0.645508 0.658203 0.082031 0.050781
0 0.668945 0.982422 0.03418 0.035156
0 0.336914 0.25293 0.029297 0.056641
0 0.505859 0.030273 0.037109 0.051758
0 0.086914 0.348633 0.067383 0.050781
0 0.049805 0.067383 0.079102 0.09668
0 0.753906 0.067383 0.037109 0.052734
0 0.074219 0.570312 0.108398 0.042969
0 0.750977 0.858398 0.024414 0.066406
0 0.969727 0.404297 0.055664 0.046875
0 0.30957 0.765625 0.03418 0.041992
0 0.334961 0.344727 0.083008 0.05957
0 0.253906 0.371094 0.094727 0.069336
0 0.029297 0.890625 0.058594 0.022461
0 0.283203 0.12793 0.114258 0.033203
0 0.333008 0.009766 0.045898 0.018555
0 0.892578 0.834961 0.050781 0.020508
0 0.017578 0.5625 0.035156 0.0625
0 0.290039 0.306641 0.069336 0.068359
0 0.800781 0.585938 0.045898 0.070312
0 0.745117 0.568359 0.057617 0.060547
0 0.770508 0.859375 0.029297 0.058594
0 0.881836 0.350586 0.037109 0.040039
0 0.947266 0.945312 0.037109 0.047852
0 0.986328 0.076172 0.026367 0.052734
0 0.304688 0.098633 0.045898 0.043945
0 0.572266 0.90625 0.048828 0.058594
0 0.608398 0.923828 0.042969 0.045898
