0 0.311523 0.296875 0.139648 0.089844
0 0.212891 0.135742 0.118164 0.072266
0 0.243164 0.508789 0.207031 0.075195
0 0.638672 0.957031 0.092773 0.085938
0 0.667969 0.385742 0.262695 0.091797
0 0.544922 0.790039 0.177734 0.086914
0 0.092773 0.055664 0.110352 0.0625
0 0.480469 0.679688 0.142578 0.099609
0 0.025391 0.875 0.048828 0.152344
0 0.039062 0.123047 0.072266 0.080078
0 0.488281 0.234375 0.113281 0.084961
0 0.59668 0.186523 0.129883 0.055664
0 0.074219 0.239258 0.148438 0.064453
0 0.524414 0.620117 0.105469 0.083008
0 0.03418 0.280273 0.069336 0.073242
0 0.325195 0.126953 0.118164 0.064453
0 0.260742 0.697266 0.091797 0.120117
0 0.685547 0.551758 0.142578 0.075195
0 0.766602 0.71582 0.15918 0.072266
0 0.526367 0.916016 0.129883 0.087891
0 0.78418 0.765625 0.129883 0.0625
0 0.324219 0.171875 0.110352 0.060547
0 0.049805 0.933594 0.100586 0.129883
0 0.181641 0.919922 0.100586 0.160156
0 0.280273 0.755859 0.15332 0.061523
0 0.713867 0.950195 0.140625 0.097656
0 0.890625 0.960938 0.137695 0.078125
0 0.951172 0.625 0.09668 0.085938
0 0.524414 0.272461 0.099609 0.080078
