0 0.196289 0.957031 0.09082 0.085938
0 0.018555 0.71582 0.037109 0.112305
0 0.070312 0.822266 0.092773 0.084961
0 0.189453 0.77832 0.088867 0.080078
0 0.114258 0.536133 0.091797 0.081055
0 0.24707 0.445312 0.095703 0.092773
0 0.294922 0.297852 0.125 0.125977
0 0.472656 0.348633 0.040039 0.111328
0 0.601562 0.405273 0.084961 0.09375
0 0.441406 0.529297 0.088867 0.109375
0 0.361328 0.601562 0.110352 0.098633
0 0.292969 0.598633 0.092773 0.074219
0 0.306641 0.661133 0.080078 0.066406
0 0.400391 0.698242 0.060547 0.066406
0 0.467773 0.662109 0.099609 0.070312
0 0.626953 0.665039 0.069336 0.083984
0 0.267578 0.746094 0.063477 0.073242
0 0.324219 0.782227 0.064453 0.0625
0 0.341797 0.828125 0.147461 0.063477
0 0.647461 0.894531 0.101562 0.118164
0 0.978516 0.776367 0.042969 0.0625
0 0.926758 0.795898 0.070312 0.066406
0 0.825195 0.720703 0.072266 0.068359
0 0.883789 0.704102 0.056641 0.060547
0 0.835938 0.65625 0.06543 0.05957
0 0.963867 0.604492 0.071289 0.116211
0 0.689453 0.479492 0.064453 0.074219
0 0.773438 0.476562 0.108398 0.112305
0 0.951172 0.458008 0.09668 0.126953
0 0.542969 0.432617 0.080078 0.098633
0 0.62793 0.625977 0.082031 0.053711
0 0.764648 0.650391 0.070312 0.069336
0 0.575195 0.661133 0.061523 0.068359
0 0.986328 0.862305 0.026367 0.054688
0 0.013672 0.966797 0.02832 0.061523
0 0.365234 0.976562 0.05957 0.045898
0 0.412109 0.991211 0.086914 0.017578
0 0.674805 0.989258 0.038086 0.020508
