0 0.273438 0.053711 0.148438 0.108398
0 0.079102 0.199219 0.104492 0.117188
0 0.386719 0.02832 0.0625 0.057617
0 0.623047 0.017578 0.09082 0.035156
0 0.474609 0.042969 0.06543 0.080078
0 0.510742 0.119141 0.06543 0.067383
0 0.646484 0.117188 0.152344 0.100586
0 0.802734 0.029297 0.082031 0.058594
0 0.647461 0.21582 0.12793 0.077148
0 0.84082 0.201172 0.073242 0.05957
0 0.769531 0.378906 0.09082 0.109375
0 0.959961 0.15332 0.079102 0.069336
0 0.908203 0.407227 0.110352 0.133789
0 0.841797 0.513672 0.115234 0.160156
0 0.714844 0.482422 0.15625 0.161133
0 0.255859 0.423828 0.279297 0.222656
0 0.074219 0.443359 0.09668 0.076172
0 0.087891 0.604492 0.089844 0.063477
0 0.34082 0.813477 0.069336 0.06543
0 0.162109 0.943359 0.079102 0.070312
0 0.270508 0.962891 0.080078 0.074219
0 0.93457 0.613281 0.120117 0.139648
