0 0.912109 0.977539 0.074219 0.044922
0 0.77832 0.301758 0.089844 0.074219
0 0.96875 0.764648 0.056641 0.074219
0 0.661133 0.310547 0.094727 0.06543
0 0.62793 0.254883 0.100586 0.073242
0 0.316406 0.830078 0.074219 0.056641
0 0.892578 0.209961 0.05957 0.173828
0 0.389648 0.658203 0.155273 0.089844
0 0.250977 0.652344 0.116211 0.131836
0 0.949219 0.139648 0.079102 0.280273
0 0.432617 0.022461 0.086914 0.045898
0 0.324219 0.075195 0.102539 0.150391
0 0.203125 0.057617 0.067383 0.046875
0 0.132812 0.016602 0.072266 0.03418
0 0.289062 0.47168 0.09668 0.060547
0 0.163086 0.966797 0.091797 0.06543
0 0.046875 0.961914 0.094727 0.075195
0 0.791992 0.510742 0.09375 0.103516
0 0.791992 0.587891 0.079102 0.091797
0 0.883789 0.529297 0.066406 0.057617
0 0.933594 0.647461 0.081055 0.075195
0 0.750977 0.694336 0.05957 0.049805
0 0.885742 0.736328 0.074219 0.084961
0 0.780273 0.852539 0.091797 0.100586
0 0.867188 0.860352 0.070312 0.069336
0 0.828125 0.954102 0.068359 0.091797
0 0.900391 0.22168 0.135742 0.167969
0 0.833984 0.34375 0.084961 0.074219
0 0.039062 0.773438 0.046875 0.032227
0 0.056641 0.795898 0.037109 0.078125
