0 0.042969 0.754883 0.074219 0.101562
0 0.105469 0.760742 0.076172 0.09082
0 0.108398 0.685547 0.078125 0.068359
0 0.180664 0.660156 0.100586 0.061523
0 0.208984 0.758789 0.126953 0.145508
0 0.134766 0.578125 0.121094 0.079102
0 0.116211 0.509766 0.073242 0.074219
0 0.050781 0.522461 0.083984 0.044922
0 0.036133 0.472656 0.056641 0.068359
0 0.110352 0.347656 0.069336 0.060547
0 0.021484 0.412109 0.043945 0.056641
0 0.244141 0.423828 0.06543 0.083984
0 0.338867 0.488281 0.09082 0.060547
0 0.373047 0.706055 0.068359 0.139648
0 0.436523 0.657227 0.078125 0.089844
0 0.429688 0.749023 0.053711 0.050781
0 0.556641 0.707031 0.100586 0.068359
0 0.630859 0.735352 0.085938 0.073242
0 0.609375 0.783203 0.074219 0.086914
0 0.496094 0.84082 0.113281 0.074219
0 0.59668 0.916016 0.092773 0.095703
0 0.488281 0.932617 0.099609 0.06543
0 0.404297 0.96875 0.083008 0.061523
0 0.176758 0.958008 0.101562 0.077148
0 0.087891 0.976562 0.084961 0.046875
0 0.825195 0.875977 0.071289 0.091797
0 0.883789 0.889648 0.071289 0.09082
0 0.93457 0.880859 0.06543 0.087891
0 0.969727 0.926758 0.060547 0.070312
0 0.957031 0.775391 0.085938 0.067383
0 0.853516 0.790039 0.121094 0.06543
0 0.746094 0.794922 0.074219 0.05957
0 0.760742 0.617188 0.073242 0.06543
0 0.945312 0.623047 0.070312 0.084961
0 0.467773 0.441406 0.080078 0.071289
0 0.602539 0.460938 0.126953 0.080078
0 0.579102 0.526367 0.064453 0.06543
0 0.775391 0.491211 0.070312 0.077148
0 0.825195 0.484375 0.074219 0.087891
0 0.892578 0.470703 0.077148 0.055664
0 0.929688 0.521484 0.077148 0.073242
0 0.761719 0.359375 0.0625 0.06543
0 0.972656 0.40918 0.054688 0.071289
0 0.858398 0.261719 0.081055 0.081055
0 0.470703 0.213867 0.076172 0.079102
0 0.349609 0.162109 0.074219 0.075195
0 0.382812 0.110352 0.0625 0.055664
0 0.575195 0.097656 0.085938 0.068359
0 0.694336 0.239258 0.058594 0.064453
0 0.074219 0.087891 0.109375 0.070312
0 0.489258 0.02832 0.084961 0.056641
0 0.563477 0.027344 0.074219 0.055664
0 0.631836 0.039062 0.082031 0.079102
0 0.910156 0.040039 0.078125 0.06543
0 0.947266 0.479492 0.05957 0.054688
0 0.806641 0.969727 0.071289 0.060547
0 0.630859 0.311523 0.054688 0.054688
