0 0.452148 0.361328 0.099609 0.084961
0 0.386719 0.654297 0.107422 0.070312
0 0.921875 0.194336 0.094727 0.105469
0 0.630859 0.584961 0.109375 0.082031
0 0.466797 0.095703 0.114258 0.082031
0 0.494141 0.03418 0.100586 0.069336
0 0.895508 0.706055 0.128906 0.092773
0 0.427734 0.28418 0.09668 0.069336
0 0.588867 0.879883 0.125 0.081055
0 0.814453 0.620117 0.154297 0.083008
0 0.376953 0.757812 0.095703 0.075195
0 0.568359 0.352539 0.087891 0.067383
0 0.292969 0.479492 0.112305 0.084961
0 0.746094 0.202148 0.142578 0.099609
0 0.607422 0.0625 0.147461 0.125
0 0.498047 0.953125 0.167969 0.087891
0 0.613281 0.311523 0.101562 0.069336
0 0.02832 0.895508 0.056641 0.092773
0 0.619141 0.852539 0.104492 0.064453
