0 0.905273 0.056641 0.076172 0.113281
0 0.736328 0.107422 0.230469 0.166992
0 0.5625 0.053711 0.158203 0.108398
0 0.983398 0.058594 0.033203 0.118164
0 0.033203 0.082031 0.067383 0.138672
0 0.211914 0.237305 0.140625 0.160156
0 0.441406 0.237305 0.162109 0.109375
0 0.291992 0.386719 0.242188 0.157227
0 0.723633 0.263672 0.077148 0.071289
0 0.744141 0.331055 0.075195 0.078125
0 0.754883 0.431641 0.192383 0.165039
0 0.943359 0.37793 0.092773 0.104492
0 0.90918 0.589844 0.075195 0.081055
0 0.818359 0.678711 0.092773 0.094727
0 0.793945 0.763672 0.107422 0.083008
0 0.810547 0.837891 0.157227 0.087891
0 0.514648 0.689453 0.162109 0.314453
0 0.298828 0.651367 0.089844 0.081055
0 0.149414 0.868164 0.103516 0.06543
0 0.166992 0.78418 0.19043 0.111328
0 0.040039 0.481445 0.080078 0.088867
0 0.680664 0.900391 0.075195 0.061523
0 0.259766 0.141602 0.168945 0.09668
0 0.360352 0.97168 0.119141 0.056641
0 0.393555 0.338867 0.179688 0.074219
0 0.115234 0.082031 0.12207 0.069336
0 0.05957 0.641602 0.120117 0.080078
0 0.889648 0.488281 0.179688 0.130859
