0 0.038086 0.282227 0.076172 0.210938
0 0.123047 0.172852 0.086914 0.079102
0 0.163086 0.251953 0.076172 0.067383
0 0.248047 0.249023 0.079102 0.108398
0 0.470703 0.058594 0.083008 0.118164
0 0.398438 0.076172 0.060547 0.081055
0 0.197266 0.444336 0.168945 0.19043
0 0.389648 0.556641 0.130859 0.129883
0 0.064453 0.626953 0.115234 0.09082
0 0.34668 0.692383 0.109375 0.075195
0 0.180664 0.791992 0.083008 0.067383
0 0.515625 0.969727 0.170898 0.05957
0 0.28125 0.917969 0.085938 0.074219
0 0.526367 0.866211 0.138672 0.097656
0 0.548828 0.625977 0.112305 0.176758
0 0.673828 0.567383 0.097656 0.166992
0 0.856445 0.503906 0.117188 0.113281
0 0.862305 0.383789 0.108398 0.116211
0 0.62793 0.291992 0.100586 0.182617
0 0.549805 0.368164 0.075195 0.149414
0 0.830078 0.129883 0.103516 0.103516
0 0.973633 0.102539 0.052734 0.128906
0 0.987305 0.254883 0.025391 0.088867
0 0.975586 0.731445 0.048828 0.092773
0 0.835938 0.748047 0.077148 0.079102
0 0.670898 0.808594 0.071289 0.092773
0 0.818359 0.915039 0.077148 0.072266
0 0.888672 0.97168 0.071289 0.056641
0 0.720703 0.02832 0.107422 0.056641
0 0.444336 0.277344 0.102539 0.144531
