0 0.420898 0.049805 0.091797 0.070312
0 0.123047 0.693359 0.12207 0.126953
0 0.652344 0.671875 0.089844 0.109375
0 0.493164 0.806641 0.091797 0.094727
0 0.842773 0.336914 0.073242 0.054688
0 0.15332 0.320312 0.113281 0.092773
0 0.581055 0.524414 0.107422 0.080078
0 0.811523 0.678711 0.100586 0.075195
0 0.293945 0.893555 0.084961 0.089844
0 0.432617 0.953125 0.086914 0.092773
0 0.776367 0.189453 0.06543 0.060547
0 0.480469 0.714844 0.092773 0.080078
0 0.302734 0.201172 0.09668 0.084961
0 0.825195 0.412109 0.092773 0.070312
0 0.59082 0.287109 0.068359 0.064453
0 0.897461 0.78418 0.151367 0.125977
0 0.150391 0.473633 0.077148 0.072266
0 0.75293 0.810547 0.107422 0.117188
0 0.279297 0.070312 0.089844 0.086914
0 0.325195 0.694336 0.12207 0.094727
0 0.681641 0.78418 0.125 0.115234
0 0.441406 0.523438 0.085938 0.077148
0 0.379883 0.118164 0.057617 0.067383
0 0.50293 0.231445 0.12207 0.069336
0 0.036133 0.958008 0.072266 0.083008
0 0.789062 0.097656 0.100586 0.067383
0 0.022461 0.824219 0.044922 0.089844
0 0.749023 0.977539 0.183594 0.044922
0 0.40332 0.297852 0.0625 0.0625
0 0.649414 0.413086 0.095703 0.057617
