0 0.582031 0.191406 0.119141 0.112305
0 0.860352 0.02832 0.053711 0.057617
0 0.922852 0.036133 0.058594 0.073242
0 0.691406 0.084961 0.082031 0.120117
0 0.467773 0.09668 0.087891 0.126953
0 0.373047 0.175781 0.083008 0.061523
0 0.238281 0.196289 0.149414 0.080078
0 0.320312 0.241211 0.066406 0.076172
0 0.44043 0.243164 0.109375 0.067383
0 0.311523 0.536133 0.103516 0.21875
0 0.393555 0.323242 0.078125 0.070312
0 0.327148 0.363281 0.066406 0.06543
0 0.166016 0.285156 0.097656 0.09082
0 0.201172 0.329102 0.142578 0.0625
0 0.074219 0.387695 0.148438 0.076172
0 0.279297 0.811523 0.131836 0.089844
0 0.458984 0.825195 0.102539 0.114258
0 0.550781 0.901367 0.087891 0.12793
0 0.620117 0.769531 0.101562 0.095703
0 0.628906 0.678711 0.075195 0.069336
0 0.71582 0.726562 0.098633 0.077148
0 0.791992 0.779297 0.124023 0.070312
0 0.726562 0.579102 0.066406 0.094727
0 0.753906 0.65918 0.110352 0.057617
0 0.641602 0.503906 0.05957 0.066406
0 0.542969 0.489258 0.092773 0.061523
0 0.582031 0.331055 0.076172 0.075195
0 0.513672 0.700195 0.081055 0.071289
0 0.277344 0.71875 0.141602 0.06543
0 0.168945 0.649414 0.082031 0.058594
0 0.078125 0.785156 0.070312 0.077148
0 0.066406 0.71875 0.12793 0.050781
0 0.057617 0.582031 0.115234 0.054688
0 0.091797 0.519531 0.083008 0.048828
0 0.960938 0.90625 0.078125 0.143555
0 0.729492 0.895508 0.085938 0.075195
0 0.364258 0.866211 0.09375 0.076172
0 0.232422 0.592773 0.094727 0.068359
0 0.423828 0.609375 0.066406 0.066406
0 0.442383 0.40332 0.104492 0.078125
0 0.491211 0.331055 0.100586 0.095703
0 0.600586 0.545898 0.070312 0.070312
0 0.03125 0.266602 0.0625 0.061523
