0 0.048828 0.025391 0.089844 0.050781
0 0.183594 0.102539 0.089844 0.092773
0 0.232422 0.136719 0.067383 0.09082
0 0.430664 0.087891 0.060547 0.057617
0 0.457031 0.150391 0.061523 0.06543
0 0.155273 0.22168 0.066406 0.073242
0 0.029297 0.213867 0.056641 0.071289
0 0.046875 0.299805 0.081055 0.075195
0 0.027344 0.489258 0.055664 0.057617
0 0.118164 0.421875 0.073242 0.061523
0 0.21582 0.469727 0.071289 0.082031
0 0.316406 0.503906 0.092773 0.075195
0 0.263672 0.608398 0.106445 0.091797
0 0.311523 0.379883 0.073242 0.075195
0 0.375977 0.276367 0.069336 0.077148
0 0.476562 0.425781 0.086914 0.088867
0 0.537109 0.235352 0.060547 0.069336
0 0.631836 0.150391 0.069336 0.084961
0 0.745117 0.157227 0.077148 0.068359
0 0.836914 0.018555 0.095703 0.037109
0 0.089844 0.922852 0.075195 0.05957
0 0.415039 0.65332 0.073242 0.058594
0 0.467773 0.75 0.076172 0.06543
0 0.373047 0.864258 0.074219 0.060547
0 0.557617 0.803711 0.075195 0.079102
0 0.577148 0.738281 0.082031 0.075195
0 0.599609 0.875977 0.067383 0.083984
0 0.537109 0.933594 0.056641 0.055664
0 0.720703 0.834961 0.070312 0.063477
0 0.714844 0.96582 0.061523 0.067383
0 0.853516 0.894531 0.097656 0.06543
0 0.837891 0.754883 0.130859 0.094727
0 0.601562 0.541992 0.100586 0.073242
0 0.632812 0.449219 0.083008 0.091797
0 0.686523 0.352539 0.067383 0.069336
0 0.767578 0.393555 0.082031 0.076172
0 0.75293 0.457031 0.084961 0.080078
0 0.819336 0.211914 0.077148 0.066406
0 0.980469 0.443359 0.039062 0.081055
0 0.930664 0.226562 0.081055 0.071289
0 0.946289 0.149414 0.106445 0.075195
0 0.984375 0.69043 0.03125 0.063477
0 0.976562 0.842773 0.046875 0.075195
0 0.085938 0.359375 0.053711 0.057617
0 0.193359 0.310547 0.098633 0.097656
0 0.882812 0.27832 0.038086 0.047852
0 0.239258 0.209961 0.069336 0.058594
0 0.964844 0.335938 0.043945 0.069336
0 0.919922 0.84668 0.070312 0.043945
0 0.393555 0.594727 0.05957 0.053711
