0 0.044922 0.075195 0.089844 0.084961
0 0.183594 0.103516 0.100586 0.073242
0 0.063477 0.244141 0.06543 0.06543
0 0.217773 0.222656 0.079102 0.085938
0 0.029297 0.395508 0.05957 0.094727
0 0.104492 0.430664 0.119141 0.072266
0 0.12793 0.533203 0.167969 0.071289
0 0.021484 0.580078 0.042969 0.063477
0 0.27832 0.580078 0.081055 0.052734
0 0.195312 0.618164 0.104492 0.074219
0 0.115234 0.629883 0.042969 0.068359
0 0.121094 0.685547 0.051758 0.071289
0 0.356445 0.630859 0.075195 0.111328
0 0.268555 0.455078 0.076172 0.112305
0 0.329102 0.416016 0.080078 0.061523
0 0.408203 0.464844 0.108398 0.067383
0 0.481445 0.431641 0.068359 0.105469
0 0.341797 0.269531 0.154297 0.197266
0 0.454102 0.235352 0.072266 0.105469
0 0.545898 0.234375 0.080078 0.097656
0 0.595703 0.457031 0.081055 0.130859
0 0.426758 0.321289 0.075195 0.094727
0 0.698242 0.233398 0.085938 0.089844
0 0.857422 0.381836 0.113281 0.136719
0 0.875 0.46875 0.139648 0.133789
0 0.672852 0.515625 0.131836 0.071289
0 0.739258 0.582031 0.151367 0.087891
0 0.875 0.617188 0.15918 0.089844
0 0.825195 0.713867 0.086914 0.085938
0 0.97168 0.764648 0.056641 0.085938
0 0.640625 0.914062 0.071289 0.129883
0 0.801758 0.850586 0.0625 0.106445
0 0.959961 0.895508 0.079102 0.084961
0 0.433594 0.972656 0.091797 0.051758
0 0.445312 0.97168 0.09375 0.055664
0 0.503906 0.982422 0.079102 0.03418
0 0.978516 0.426758 0.042969 0.085938
0 0.625 0.032227 0.055664 0.056641
0 0.970703 0.202148 0.057617 0.077148
0 0.455078 0.375977 0.09668 0.09082
0 0.341797 0.975586 0.113281 0.048828
0 0.516602 0.631836 0.076172 0.052734
0 0.657227 0.46875 0.044922 0.049805
0 0.010742 0.506836 0.019531 0.055664
0 0.009766 0.675781 0.017578 0.039062
0 0.317383 0.475586 0.072266 0.058594
0 0.828125 0.448242 0.067383 0.111328
0 0.06543 0.474609 0.067383 0.076172
0 0.896484 0.50293 0.076172 0.079102
0 0.082031 0.648438 0.046875 0.075195
