0 0.328125 0.448242 0.056641 0.092773
0 0.617188 0.413086 0.079102 0.064453
0 0.579102 0.196289 0.097656 0.052734
0 0.755859 0.357422 0.06543 0.082031
0 0.198242 0.049805 0.086914 0.053711
0 0.094727 0.391602 0.084961 0.043945
0 0.538086 0.085938 0.074219 0.044922
0 0.350586 0.360352 0.116211 0.076172
0 0.689453 0.411133 0.068359 0.047852
0 0.123047 0.219727 0.088867 0.043945
0 0.579102 0.639648 0.109375 0.055664
0 0.97168 0.479492 0.052734 0.057617
0 0.939453 0.186523 0.074219 0.05957
0 0.462891 0.40918 0.061523 0.06543
0 0.915039 0.625977 0.05957 0.054688
0 0.96875 0.551758 0.058594 0.050781
0 0.868164 0.745117 0.078125 0.045898
0 0.736328 0.53125 0.083984 0.044922
0 0.078125 0.133789 0.09375 0.050781
0 0.171875 0.544922 0.088867 0.050781
0 0.630859 0.981445 0.075195 0.032227
0 0.689453 0.871094 0.097656 0.041016
0 0.208008 0.866211 0.105469 0.038086
0 0.016602 0.729492 0.03418 0.035156
0 0.021484 0.564453 0.043945 0.024414
0 0.0625 0.769531 0.097656 0.082031
0 0.592773 0.805664 0.09375 0.039062
0 0.481445 0.279297 0.083984 0.040039
0 0.009766 0.912109 0.019531 0.039062
0 0.02832 0.481445 0.054688 0.040039
0 0.342773 0.966797 0.097656 0.056641
0 0.943359 0.682617 0.061523 0.048828
0 0.253906 0.524414 0.101562 0.024414
0 0.55957 0.84375 0.06543 0.037109
0 0.537109 0.436523 0.066406 0.072266
0 0.28418 0.577148 0.082031 0.037109
0 0.376953 0.869141 0.111328 0.02832
0 0.350586 0.712891 0.083984 0.030273
0 0.182617 0.485352 0.073242 0.043945
0 0.652344 0.523438 0.09668 0.037109
0 0.112305 0.548828 0.110352 0.05957
0 0.009766 0.491211 0.019531 0.021484
0 0.696289 0.130859 0.076172 0.026367
0 0.06543 0.436523 0.076172 0.029297
0 0.40625 0.474609 0.051758 0.033203
0 0.557617 0.743164 0.112305 0.045898
0 0.410156 0.958008 0.080078 0.029297
0 0.34082 0.902344 0.079102 0.021484
0 0.652344 0.011719 0.089844 0.022461
0 0.676758 0.577148 0.027344 0.080078
0 0.567383 0.889648 0.081055 0.03418
0 0.257812 0.800781 0.069336 0.037109
0 0.846289 0.455566 0.093066 0.046875
0 0.454102 0.541992 0.060547 0.035156
0 0.896484 0.839844 0.041016 0.051758
0 0.928711 0.938477 0.082031 0.025391
0 0.676758 0.944336 0.058594 0.019531
0 0.849609 0.858398 0.088867 0.039062
0 0.776367 0.804688 0.067383 0.038086
0 0.692383 0.323242 0.055664 0.042969
0 0.62793 0.478516 0.088867 0.02832
0 0.328125 0.185547 0.095703 0.098633
