0 0.105469 0.341797 0.100586 0.06543
0 0.055664 0.052734 0.081055 0.083008
0 0.209961 0.006836 0.075195 0.013672
0 0.266602 0.023438 0.060547 0.046875
0 0.336914 0.071289 0.066406 0.106445
0 0.390625 0.129883 0.094727 0.088867
0 0.469727 0.129883 0.085938 0.083008
0 0.647461 0.226562 0.078125 0.080078
0 0.668945 0.31543 0.085938 0.097656
0 0.942383 0.31543 0.115234 0.079102
0 0.769531 0.047852 0.078125 0.087891
0 0.841797 0.084961 0.072266 0.063477
0 0.271484 0.558594 0.080078 0.080078
0 0.389648 0.530273 0.088867 0.109375
0 0.587891 0.572266 0.057617 0.09082
0 0.634766 0.555664 0.052734 0.069336
0 0.787109 0.46582 0.114258 0.064453
0 0.706055 0.519531 0.079102 0.060547
0 0.691406 0.573242 0.061523 0.086914
0 0.775391 0.617188 0.077148 0.070312
0 0.787109 0.677734 0.073242 0.069336
0 0.708984 0.77832 0.061523 0.071289
0 0.886719 0.873047 0.069336 0.086914
0 0.482422 0.59082 0.126953 0.079102
0 0.607422 0.657227 0.081055 0.072266
0 0.442383 0.658203 0.079102 0.089844
0 0.966797 0.424805 0.066406 0.087891
0 0.602539 0.878906 0.077148 0.09082
0 0.650391 0.927734 0.067383 0.058594
0 0.791992 0.924805 0.056641 0.081055
0 0.298828 0.958984 0.067383 0.081055
0 0.802734 0.981445 0.053711 0.036133
0 0.020508 0.624023 0.041992 0.066406
0 0.080078 0.691406 0.160156 0.075195
0 0.980469 0.270508 0.038086 0.042969
0 0.868164 0.958984 0.118164 0.061523
