0 0.297852 0.091797 0.071289 0.100586
0 0.234375 0.175781 0.0625 0.054688
0 0.172852 0.205078 0.064453 0.071289
0 0.179688 0.255859 0.063477 0.053711
0 0.319336 0.206055 0.0625 0.054688
0 0.326172 0.243164 0.084961 0.055664
0 0.273438 0.258789 0.060547 0.056641
0 0.271484 0.214844 0.0625 0.048828
0 0.204102 0.414062 0.079102 0.055664
0 0.701172 0.425781 0.072266 0.092773
0 0.773438 0.34082 0.047852 0.056641
0 0.775391 0.198242 0.056641 0.070312
0 0.75293 0.200195 0.084961 0.080078
0 0.836914 0.21582 0.068359 0.054688
0 0.869141 0.168945 0.080078 0.067383
0 0.975586 0.148438 0.047852 0.06543
0 0.892578 0.256836 0.06543 0.061523
0 0.868164 0.285156 0.060547 0.0625
0 0.955078 0.387695 0.079102 0.048828
0 0.911133 0.40918 0.0625 0.055664
0 0.279297 0.679688 0.145508 0.072266
0 0.395508 0.669922 0.0625 0.057617
0 0.210938 0.757812 0.078125 0.058594
0 0.138672 0.733398 0.055664 0.082031
0 0.106445 0.773438 0.208008 0.050781
0 0.042969 0.723633 0.086914 0.053711
0 0.027344 0.652344 0.054688 0.095703
0 0.320312 0.819336 0.075195 0.061523
0 0.305664 0.874023 0.104492 0.048828
0 0.216797 0.869141 0.054688 0.041992
0 0.270508 0.833008 0.053711 0.048828
0 0.18457 0.811523 0.073242 0.048828
0 0.138672 0.896484 0.080078 0.082031
0 0.429688 0.818359 0.050781 0.077148
0 0.483398 0.831055 0.041016 0.064453
0 0.570312 0.766602 0.055664 0.044922
0 0.616211 0.796875 0.056641 0.063477
0 0.69043 0.597656 0.09082 0.087891
0 0.730469 0.481445 0.076172 0.05957
0 0.850586 0.615234 0.067383 0.063477
0 0.817383 0.694336 0.066406 0.060547
0 0.758789 0.654297 0.103516 0.106445
0 0.969727 0.610352 0.05957 0.083984
0 0.865234 0.900391 0.083984 0.087891
0 0.755859 0.820312 0.083008 0.066406
0 0.469727 0.744141 0.067383 0.048828
0 0.433594 0.868164 0.066406 0.048828
0 0.34668 0.746094 0.056641 0.060547
0 0.180664 0.313477 0.063477 0.055664
0 0.326172 0.681641 0.081055 0.037109
