0 0.022461 0.736328 0.045898 0.185547
0 0.009766 0.320312 0.020508 0.079102
0 0.039062 0.475586 0.076172 0.110352
0 0.106445 0.602539 0.066406 0.091797
0 0.008789 0.094727 0.018555 0.074219
0 0.095703 0.134766 0.06543 0.101562
0 0.023438 0.007812 0.047852 0.015625
0 0.55957 0.051758 0.087891 0.083008
0 0.286133 0.137695 0.229492 0.140625
0 0.188477 0.178711 0.113281 0.092773
0 0.238281 0.306641 0.099609 0.098633
0 0.458008 0.279297 0.097656 0.109375
0 0.804688 0.349609 0.132812 0.113281
0 0.871094 0.251953 0.181641 0.144531
0 0.830078 0.048828 0.119141 0.097656
0 0.594727 0.415039 0.120117 0.091797
0 0.504883 0.519531 0.097656 0.123047
0 0.257812 0.629883 0.072266 0.06543
0 0.603516 0.511719 0.108398 0.083008
0 0.750977 0.491211 0.114258 0.077148
0 0.780273 0.597656 0.132812 0.108398
0 0.666992 0.59082 0.075195 0.075195
0 0.875 0.710938 0.109375 0.080078
0 0.856445 0.829102 0.083008 0.067383
0 0.295898 0.805664 0.226562 0.12793
0 0.213867 0.883789 0.137695 0.077148
0 0.469727 0.922852 0.094727 0.150391
0 0.026367 0.944336 0.052734 0.111328
0 0.12207 0.977539 0.056641 0.043945
0 0.25 0.979492 0.064453 0.041016
0 0.727539 0.926758 0.137695 0.074219
0 0.956055 0.893555 0.080078 0.100586
0 0.931641 0.414062 0.125977 0.063477
0 0.97168 0.484375 0.055664 0.051758
0 0.946289 0.173828 0.106445 0.069336
0 0.171875 0.510742 0.169922 0.086914
