0 0.844727 0.060547 0.055664 0.045898
0 0.238281 0.044922 0.083984 0.044922
0 0.400391 0.078125 0.089844 0.029297
0 0.973633 0.720703 0.051758 0.041992
0 0.509766 0.611328 0.066406 0.038086
0 0.921875 0.841797 0.063477 0.048828
0 0.918945 0.941406 0.088867 0.058594
0 0.980469 0.952148 0.038086 0.067383
0 0.892578 0.660156 0.078125 0.047852
0 0.735352 0.882812 0.046875 0.041992
0 0.857422 0.287109 0.095703 0.049805
0 0.723633 0.84668 0.035156 0.040039
0 0.677734 0.225586 0.104492 0.069336
0 0.68457 0.27832 0.097656 0.074219
0 0.582031 0.162109 0.066406 0.040039
0 0.525391 0.080078 0.09082 0.036133
0 0.511719 0.167969 0.077148 0.081055
0 0.483398 0.251953 0.098633 0.051758
0 0.480469 0.339844 0.060547 0.053711
0 0.413086 0.253906 0.081055 0.040039
0 0.316406 0.18457 0.072266 0.043945
0 0.379883 0.193359 0.079102 0.051758
0 0.263672 0.088867 0.06543 0.036133
0 0.359375 0.128906 0.128906 0.040039
0 0.166992 0.070312 0.066406 0.038086
0 0.186523 0.105469 0.085938 0.061523
0 0.201172 0.260742 0.09082 0.037109
0 0.263672 0.336914 0.115234 0.043945
0 0.223633 0.37207 0.132812 0.041992
0 0.287109 0.396484 0.126953 0.061523
0 0.038086 0.211914 0.077148 0.041016
0 0.033203 0.170898 0.067383 0.047852
0 0.172852 0.644531 0.058594 0.046875
0 0.549805 0.550781 0.041016 0.030273
0 0.576172 0.602539 0.0625 0.038086
0 0.501953 0.685547 0.081055 0.052734
0 0.563477 0.732422 0.070312 0.054688
0 0.567383 0.761719 0.076172 0.080078
0 0.629883 0.774414 0.080078 0.03418
0 0.539062 0.791016 0.103516 0.104492
0 0.483398 0.8125 0.138672 0.068359
0 0.478516 0.836914 0.063477 0.099609
0 0.608398 0.856445 0.058594 0.056641
0 0.319336 0.865234 0.080078 0.0625
0 0.300781 0.912109 0.083008 0.056641
0 0.200195 0.97168 0.084961 0.051758
0 0.15625 0.875977 0.098633 0.040039
0 0.114258 0.832031 0.119141 0.099609
0 0.110352 0.794922 0.086914 0.098633
0 0.092773 0.771484 0.102539 0.03418
0 0.045898 0.84668 0.091797 0.045898
0 0.063477 0.962891 0.097656 0.073242
0 0.564453 0.246094 0.049805 0.041992
0 0.876953 0.157227 0.060547 0.049805
