0 0.12207 0.419922 0.121094 0.081055
0 0.861328 0.642578 0.104492 0.077148
0 0.0625 0.296875 0.09082 0.074219
0 0.193359 0.21875 0.078125 0.142578
0 0.140625 0.623047 0.142578 0.067383
0 0.869141 0.862305 0.100586 0.080078
0 0.756836 0.708008 0.152344 0.077148
0 0.106445 0.796875 0.110352 0.070312
0 0.908203 0.731445 0.142578 0.067383
0 0.149414 0.964844 0.095703 0.070312
0 0.810547 0.774414 0.112305 0.080078
0 0.111328 0.923828 0.102539 0.057617
0 0.104492 0.710938 0.070312 0.078125
0 0.726562 0.679688 0.129883 0.075195
0 0.154297 0.155273 0.094727 0.102539
0 0.925781 0.237305 0.117188 0.089844
0 0.949219 0.325195 0.100586 0.070312
0 0.875977 0.051758 0.110352 0.104492
0 0.962891 0.494141 0.072266 0.100586
