0 0.761719 0.068359 0.067383 0.137695
0 0.836914 0.262695 0.152344 0.115234
0 0.498047 0.339844 0.209961 0.069336
0 0.578125 0.360352 0.149414 0.084961
0 0.555664 0.436523 0.083008 0.111328
0 0.691406 0.418945 0.116211 0.134766
0 0.591797 0.518555 0.091797 0.076172
0 0.507812 0.594727 0.094727 0.113281
0 0.610352 0.621094 0.041992 0.055664
0 0.669922 0.678711 0.145508 0.094727
0 0.543945 0.813477 0.063477 0.063477
0 0.516602 0.90332 0.077148 0.080078
0 0.648438 0.831055 0.113281 0.078125
0 0.826172 0.901367 0.180664 0.095703
0 0.654297 0.955078 0.082031 0.088867
0 0.862305 0.922852 0.049805 0.147461
0 0.219727 0.570312 0.09375 0.123047
0 0.146484 0.506836 0.074219 0.077148
0 0.046875 0.539062 0.069336 0.144531
0 0.264648 0.393555 0.073242 0.073242
0 0.195312 0.324219 0.095703 0.069336
0 0.038086 0.268555 0.076172 0.061523
0 0.06543 0.236328 0.130859 0.130859
0 0.128906 0.235352 0.098633 0.100586
0 0.067383 0.458984 0.135742 0.061523
0 0.055664 0.734375 0.111328 0.102539
0 0.384766 0.852539 0.063477 0.052734
0 0.205078 0.924805 0.100586 0.130859
0 0.337891 0.956055 0.095703 0.086914
0 0.05957 0.897461 0.120117 0.061523
0 0.959961 0.550781 0.079102 0.125
0 0.990234 0.473633 0.019531 0.085938
0 0.915039 0.705078 0.063477 0.049805
0 0.026367 0.338867 0.053711 0.061523
