0 0.018555 0.992188 0.037109 0.014648
0 0.058594 0.834961 0.118164 0.064453
0 0.032227 0.753906 0.064453 0.083008
0 0.039062 0.083984 0.078125 0.089844
0 0.109375 0.073242 0.073242 0.147461
0 0.183594 0.18457 0.043945 0.056641
0 0.152344 0.24707 0.054688 0.068359
0 0.316406 0.230469 0.081055 0.087891
0 0.338867 0.09668 0.055664 0.081055
0 0.392578 0.035156 0.056641 0.070312
0 0.431641 0.283203 0.069336 0.074219
0 0.366211 0.467773 0.079102 0.072266
0 0.451172 0.439453 0.125977 0.179688
0 0.256836 0.506836 0.088867 0.119141
0 0.108398 0.40332 0.111328 0.147461
0 0.150391 0.537109 0.166992 0.167969
0 0.097656 0.71582 0.083008 0.068359
0 0.129883 0.898438 0.09082 0.102539
0 0.345703 0.956055 0.171875 0.086914
0 0.507812 0.927734 0.087891 0.135742
0 0.392578 0.814453 0.106445 0.050781
0 0.630859 0.988281 0.079102 0.023438
0 0.673828 0.954102 0.071289 0.073242
0 0.586914 0.830078 0.085938 0.116211
0 0.683594 0.795898 0.085938 0.063477
0 0.938477 0.929688 0.056641 0.089844
0 0.963867 0.869141 0.072266 0.138672
0 0.959961 0.713867 0.075195 0.074219
0 0.513672 0.475586 0.061523 0.134766
0 0.775391 0.581055 0.049805 0.1875
0 0.790039 0.759766 0.057617 0.160156
0 0.851562 0.386719 0.147461 0.136719
0 0.517578 0.261719 0.104492 0.088867
0 0.560547 0.373047 0.073242 0.071289
0 0.473633 0.083984 0.152344 0.073242
0 0.710938 0.133789 0.106445 0.125
0 0.829102 0.129883 0.079102 0.165039
0 0.921875 0.094727 0.068359 0.110352
0 0.811523 0.014648 0.12207 0.030273
0 0.975586 0.18457 0.047852 0.050781
0 0.977539 0.544922 0.044922 0.044922
0 0.31543 0.023438 0.060547 0.046875
