0 0.53418 0.024414 0.048828 0.048828
0 0.753906 0.025391 0.076172 0.047852
0 0.349609 0.021484 0.080078 0.042969
0 0.893555 0.041016 0.078125 0.063477
0 0.851562 0.09375 0.128906 0.100586
0 0.103516 0.37207 0.060547 0.058594
0 0.018555 0.411133 0.037109 0.042969
0 0.117188 0.424805 0.067383 0.057617
0 0.388672 0.385742 0.060547 0.095703
0 0.442383 0.352539 0.067383 0.079102
0 0.613281 0.259766 0.109375 0.126953
0 0.564453 0.371094 0.073242 0.066406
0 0.536133 0.435547 0.06543 0.060547
0 0.449219 0.460938 0.083008 0.048828
0 0.350586 0.467773 0.077148 0.069336
0 0.259766 0.523438 0.084961 0.077148
0 0.470703 0.530273 0.101562 0.077148
0 0.757812 0.34668 0.117188 0.056641
0 0.682617 0.383789 0.072266 0.070312
0 0.628906 0.410156 0.075195 0.055664
0 0.725586 0.517578 0.118164 0.081055
0 0.842773 0.561523 0.108398 0.078125
0 0.913086 0.488281 0.068359 0.066406
0 0.950195 0.456055 0.040039 0.061523
0 0.874023 0.293945 0.070312 0.099609
0 0.896484 0.368164 0.080078 0.107422
0 0.961914 0.413086 0.076172 0.110352
0 0.038086 0.838867 0.076172 0.048828
0 0.09082 0.749023 0.060547 0.0625
0 0.248047 0.699219 0.095703 0.070312
0 0.453125 0.71875 0.075195 0.056641
0 0.34375 0.753906 0.053711 0.057617
0 0.330078 0.677734 0.047852 0.073242
0 0.285156 0.767578 0.061523 0.040039
0 0.243164 0.791992 0.046875 0.052734
0 0.143555 0.819336 0.085938 0.068359
0 0.139648 0.873047 0.083984 0.060547
0 0.114258 0.947266 0.067383 0.087891
0 0.193359 0.898438 0.061523 0.070312
0 0.405273 0.899414 0.066406 0.068359
0 0.376953 0.836914 0.106445 0.061523
0 0.555664 0.845703 0.084961 0.063477
0 0.547852 0.961914 0.083008 0.069336
0 0.466797 0.928711 0.052734 0.086914
0 0.632812 0.888672 0.082031 0.054688
0 0.676758 0.825195 0.070312 0.0625
0 0.703125 0.756836 0.080078 0.074219
0 0.594727 0.677734 0.064453 0.05957
0 0.916992 0.80957 0.05957 0.060547
0 0.825195 0.814453 0.077148 0.084961
0 0.914062 0.944336 0.076172 0.067383
0 0.818359 0.897461 0.060547 0.058594
0 0.756836 0.887695 0.061523 0.070312
0 0.96875 0.874023 0.053711 0.077148
0 0.966797 0.959961 0.06543 0.074219
0 0.133789 0.064453 0.042969 0.054688
0 0.896484 0.873047 0.083984 0.0625
0 0.842773 0.964844 0.057617 0.060547
0 0.370117 0.960938 0.053711 0.055664
