0 0.200195 0.49707 0.117188 0.160156
0 0.580078 0.349609 0.151367 0.100586
0 0.266602 0.222656 0.121094 0.145508
0 0.78125 0.099609 0.174805 0.09375
0 0.819336 0.510742 0.206055 0.150391
0 0.59375 0.672852 0.099609 0.133789
0 0.541016 0.767578 0.108398 0.098633
0 0.285156 0.828125 0.117188 0.118164
0 0.074219 0.802734 0.134766 0.176758
0 0.177734 0.070312 0.138672 0.073242
0 0.118164 0.151367 0.09668 0.103516
0 0.369141 0.482422 0.101562 0.064453
0 0.432617 0.563477 0.102539 0.078125
0 0.198242 0.816406 0.073242 0.078125
0 0.316406 0.918945 0.089844 0.086914
0 0.764648 0.820312 0.075195 0.077148
0 0.78125 0.867188 0.071289 0.05957
0 0.838867 0.942383 0.077148 0.061523
0 0.822266 0.652344 0.098633 0.083984
0 0.665039 0.614258 0.078125 0.05957
0 0.703125 0.446289 0.066406 0.085938
0 0.932617 0.476562 0.133789 0.142578
0 0.609375 0.230469 0.111328 0.068359
0 0.588867 0.100586 0.130859 0.082031
0 0.37793 0.020508 0.151367 0.041992
0 0.978516 0.388672 0.042969 0.072266
0 0.857422 0.27832 0.119141 0.078125
0 0.807617 0.231445 0.137695 0.068359
0 0.972656 0.111328 0.054688 0.0625
0 0.458984 0.828125 0.071289 0.060547
0 0.630859 0.981445 0.075195 0.036133
