0 0.830078 0.853516 0.077148 0.078125
0 0.59082 0.898438 0.05957 0.063477
0 0.711914 0.797852 0.066406 0.068359
0 0.700195 0.589844 0.076172 0.086914
0 0.977539 0.128906 0.044922 0.115234
0 0.951172 0.175781 0.054688 0.0625
0 0.714844 0.34375 0.108398 0.06543
0 0.679688 0.291992 0.083008 0.058594
0 0.756836 0.070312 0.066406 0.083008
0 0.78418 0.148438 0.109375 0.078125
0 0.744141 0.201172 0.081055 0.066406
0 0.671875 0.209961 0.081055 0.080078
0 0.529297 0.144531 0.057617 0.067383
0 0.422852 0.169922 0.056641 0.083984
0 0.399414 0.222656 0.103516 0.080078
0 0.28418 0.191406 0.101562 0.084961
0 0.139648 0.228516 0.105469 0.130859
0 0.238281 0.458984 0.050781 0.05957
0 0.074219 0.304688 0.0625 0.077148
0 0.024414 0.299805 0.048828 0.132812
0 0.083008 0.114258 0.083008 0.085938
0 0.083008 0.045898 0.083008 0.069336
0 0.161133 0.036133 0.058594 0.071289
0 0.022461 0.689453 0.045898 0.056641
0 0.082031 0.735352 0.165039 0.080078
0 0.070312 0.825195 0.107422 0.075195
0 0.160156 0.841797 0.071289 0.114258
0 0.347656 0.860352 0.097656 0.070312
0 0.416992 0.817383 0.09375 0.080078
0 0.255859 0.013672 0.064453 0.027344
0 0.966797 0.015625 0.048828 0.029297
0 0.841797 0.024414 0.06543 0.048828
0 0.717773 0.743164 0.049805 0.056641
0 0.007812 0.821289 0.015625 0.06543
0 0.123047 0.793945 0.051758 0.039062
0 0.988281 0.852539 0.022461 0.070312
