0 0.800781 0.06543 0.060547 0.091797
0 0.199219 0.300781 0.084961 0.079102
0 0.445312 0.033203 0.081055 0.06543
0 0.983398 0.181641 0.032227 0.078125
0 0.076172 0.567383 0.092773 0.052734
0 0.638672 0.443359 0.098633 0.077148
0 0.777344 0.548828 0.06543 0.101562
0 0.475586 0.370117 0.102539 0.057617
0 0.40332 0.381836 0.094727 0.050781
0 0.558594 0.098633 0.105469 0.068359
0 0.697266 0.359375 0.080078 0.050781
0 0.25 0.152344 0.086914 0.061523
0 0.987305 0.588867 0.025391 0.064453
0 0.866211 0.1875 0.132812 0.066406
0 0.067383 0.623047 0.102539 0.053711
0 0.573242 0.697266 0.097656 0.043945
0 0.492188 0.594727 0.069336 0.053711
0 0.537109 0.509766 0.186523 0.086914
0 0.824219 0.400391 0.064453 0.047852
0 0.070312 0.272461 0.111328 0.041992
0 0.300781 0.329102 0.088867 0.071289
0 0.405273 0.31543 0.069336 0.056641
0 0.717773 0.705078 0.063477 0.057617
0 0.963867 0.417969 0.067383 0.042969
0 0.467773 0.706055 0.09668 0.050781
0 0.048828 0.088867 0.06543 0.050781
0 0.108398 0.037109 0.084961 0.071289
0 0.297852 0.036133 0.095703 0.056641
0 0.345703 0.510742 0.075195 0.054688
0 0.911133 0.688477 0.054688 0.055664
0 0.938477 0.65332 0.081055 0.06543
0 0.124023 0.702148 0.078125 0.058594
0 0.168945 0.029297 0.109375 0.033203
0 0.572266 0.920898 0.103516 0.056641
0 0.90625 0.263672 0.074219 0.056641
0 0.353516 0.428711 0.069336 0.058594
0 0.563477 0.557617 0.056641 0.060547
0 0.601562 0.973633 0.067383 0.046875
0 0.942383 0.018555 0.066406 0.038086
0 0.897461 0.109375 0.085938 0.036133
0 0.52832 0.709961 0.083008 0.083984
0 0.551758 0.970703 0.067383 0.048828
0 0.078125 0.330078 0.103516 0.103516
0 0.367188 0.985352 0.055664 0.02832
0 0.658203 0.811523 0.079102 0.050781
0 0.136719 0.460938 0.141602 0.05957
0 0.111328 0.736328 0.087891 0.026367
0 0.960938 0.735352 0.077148 0.058594
0 0.349609 0.321289 0.069336 0.043945
0 0.036133 0.473633 0.069336 0.03418
0 0.378906 0.026367 0.070312 0.050781
0 0.394531 0.560547 0.066406 0.037109
0 0.050781 0.0625 0.078125 0.087891
0 0.974609 0.796875 0.050781 0.038086
0 0.101562 0.505859 0.155273 0.054688
0 0.352539 0.557617 0.069336 0.041016
0 0.035156 0.354492 0.071289 0.05957
0 0.974609 0.807617 0.049805 0.038086
0 0.033203 0.865234 0.067383 0.046875
0 0.649414 0.009766 0.0625 0.020508
0 0.916992 0.816406 0.105469 0.041016
0 0.297852 0.672852 0.117188 0.051758
0 0.852539 0.84375 0.0625 0.064453
0 0.03418 0.952148 0.069336 0.041992
0 0.696289 0.975586 0.063477 0.041992
0 0.242188 0.008789 0.044922 0.018555
0 0.09668 0.674805 0.09082 0.078125
0 0.541016 0.803711 0.083984 0.050781
0 0.87207 0.630859 0.080078 0.057617
0 0.960938 0.621094 0.035156 0.047852
0 0.611328 0.681641 0.091797 0.043945
0 0.381836 0.43457 0.055664 0.043945
0 0.12207 0.369141 0.094727 0.070312
0 0.133789 0.40332 0.053711 0.040039
0 0.698242 0.78418 0.09375 0.035156
0 0.624023 0.856445 0.05957 0.050781
0 0.492188 0.189453 0.089844 0.050781
