0 0.397461 0.332031 0.054688 0.064453
0 0.456055 0.385742 0.083008 0.162109
0 0.388672 0.46582 0.09668 0.134766
0 0.65625 0.392578 0.182617 0.070312
0 0.585938 0.294922 0.055664 0.046875
0 0.624023 0.261719 0.084961 0.083984
0 0.71875 0.254883 0.118164 0.101562
0 0.807617 0.324219 0.066406 0.071289
0 0.816406 0.178711 0.120117 0.087891
0 0.770508 0.106445 0.097656 0.137695
0 0.905273 0.236328 0.102539 0.151367
0 0.936523 0.154297 0.081055 0.110352
0 0.987305 0.032227 0.025391 0.064453
0 0.526367 0.182617 0.088867 0.072266
0 0.493164 0.194336 0.152344 0.075195
0 0.34375 0.183594 0.080078 0.052734
0 0.365234 0.058594 0.128906 0.102539
0 0.242188 0.052734 0.114258 0.105469
0 0.046875 0.077148 0.094727 0.125977
0 0.014648 0.178711 0.030273 0.069336
0 0.060547 0.205078 0.087891 0.082031
0 0.040039 0.269531 0.080078 0.06543
0 0.132812 0.180664 0.091797 0.057617
0 0.165039 0.250977 0.107422 0.078125
0 0.216797 0.157227 0.072266 0.05957
0 0.266602 0.208008 0.073242 0.085938
0 0.746094 0.616211 0.111328 0.114258
0 0.601562 0.731445 0.091797 0.084961
0 0.210938 0.806641 0.101562 0.111328
0 0.139648 0.791992 0.063477 0.083008
0 0.108398 0.880859 0.082031 0.061523
0 0.049805 0.927734 0.09375 0.067383
0 0.115234 0.944336 0.073242 0.055664
0 0.168945 0.972656 0.086914 0.054688
0 0.173828 0.907227 0.072266 0.06543
0 0.319336 0.947266 0.069336 0.080078
0 0.362305 0.914062 0.083008 0.070312
0 0.509766 0.917969 0.06543 0.09668
0 0.545898 0.817383 0.084961 0.069336
0 0.589844 0.829102 0.044922 0.0625
0 0.631836 0.882812 0.075195 0.064453
0 0.556641 0.875977 0.061523 0.068359
0 0.732422 0.911133 0.081055 0.073242
0 0.769531 0.801758 0.071289 0.085938
0 0.983398 0.745117 0.033203 0.092773
0 0.763672 0.986328 0.056641 0.027344
0 0.860352 0.907227 0.044922 0.0625
0 0.608398 0.991211 0.103516 0.016602
0 0.984375 0.338867 0.030273 0.052734
