0 0.268555 0.123047 0.078125 0.054688
0 0.210938 0.239258 0.074219 0.081055
0 0.144531 0.260742 0.113281 0.081055
0 0.237305 0.30957 0.098633 0.074219
0 0.051758 0.345703 0.047852 0.077148
0 0.173828 0.40918 0.086914 0.080078
0 0.134766 0.435547 0.076172 0.072266
0 0.109375 0.493164 0.100586 0.05957
0 0.291016 0.493164 0.082031 0.058594
0 0.230469 0.563477 0.083984 0.060547
0 0.339844 0.556641 0.109375 0.081055
0 0.426758 0.598633 0.072266 0.071289
0 0.516602 0.417969 0.082031 0.104492
0 0.558594 0.516602 0.112305 0.083008
0 0.602539 0.584961 0.083984 0.091797
0 0.393555 0.708984 0.101562 0.069336
0 0.240234 0.710938 0.087891 0.083984
0 0.25293 0.798828 0.100586 0.080078
0 0.310547 0.796875 0.087891 0.068359
0 0.297852 0.889648 0.128906 0.09082
0 0.298828 0.957031 0.068359 0.06543
0 0.368164 0.972656 0.083984 0.053711
0 0.164062 0.982422 0.052734 0.03418
0 0.035156 0.910156 0.071289 0.074219
0 0.984375 0.955078 0.03125 0.058594
0 0.724609 0.914062 0.09375 0.085938
0 0.768555 0.852539 0.070312 0.088867
0 0.886719 0.879883 0.058594 0.051758
0 0.947266 0.885742 0.095703 0.088867
0 0.791992 0.930664 0.06543 0.063477
0 0.807617 0.62793 0.075195 0.077148
0 0.983398 0.509766 0.033203 0.071289
0 0.697266 0.688477 0.047852 0.086914
0 0.605469 0.699219 0.073242 0.136719
0 0.522461 0.814453 0.091797 0.100586
0 0.532227 0.946289 0.09082 0.094727
0 0.665039 0.210938 0.086914 0.167969
0 0.827148 0.304688 0.082031 0.083008
0 0.901367 0.34375 0.103516 0.082031
0 0.848633 0.387695 0.077148 0.067383
0 0.90918 0.453125 0.047852 0.053711
0 0.942383 0.418945 0.072266 0.087891
0 0.980469 0.417969 0.039062 0.078125
0 0.974609 0.31543 0.050781 0.083984
0 0.925781 0.222656 0.083008 0.087891
0 0.797852 0.094727 0.069336 0.0625
0 0.837891 0.026367 0.103516 0.049805
0 0.738281 0.449219 0.063477 0.049805
0 0.020508 0.732422 0.041992 0.076172
0 0.842773 0.951172 0.102539 0.069336
0 0.022461 0.963867 0.045898 0.054688
0 0.017578 0.344727 0.035156 0.060547
0 0.117188 0.978516 0.053711 0.042969
0 0.929688 0.84668 0.052734 0.052734
0 0.876953 0.839844 0.064453 0.054688
