0 0.017578 0.758789 0.036133 0.137695
0 0.014648 0.644531 0.029297 0.142578
0 0.03125 0.991211 0.0625 0.016602
0 0.043945 0.931641 0.058594 0.072266
0 0.270508 0.858398 0.091797 0.085938
0 0.369141 0.960938 0.079102 0.073242
0 0.501953 0.853516 0.075195 0.060547
0 0.766602 0.950195 0.071289 0.069336
0 0.855469 0.895508 0.085938 0.092773
0 0.768555 0.788086 0.080078 0.066406
0 0.717773 0.645508 0.223633 0.05957
0 0.636719 0.672852 0.081055 0.095703
0 0.53418 0.405273 0.091797 0.080078
0 0.555664 0.292969 0.081055 0.073242
0 0.631836 0.358398 0.071289 0.074219
0 0.772461 0.306641 0.110352 0.084961
0 0.31543 0.329102 0.075195 0.066406
0 0.313477 0.222656 0.092773 0.063477
0 0.118164 0.179688 0.094727 0.091797
0 0.464844 0.154297 0.118164 0.089844
0 0.400391 0.222656 0.050781 0.064453
0 0.65625 0.082031 0.063477 0.095703
0 0.741211 0.172852 0.060547 0.06543
0 0.822266 0.163086 0.0625 0.070312
0 0.737305 0.043945 0.078125 0.088867
0 0.827148 0.056641 0.105469 0.067383
0 0.990234 0.020508 0.018555 0.041016
0 0.866211 0.376953 0.05957 0.049805
0 0.984375 0.833008 0.03125 0.105469
0 0.617188 0.196289 0.078125 0.102539
0 0.608398 0.907227 0.070312 0.056641
0 0.070312 0.452148 0.097656 0.080078
0 0.055664 0.088867 0.075195 0.108398
