0 0.242188 0.389648 0.105469 0.109375
0 0.703125 0.573242 0.092773 0.091797
0 0.266602 0.479492 0.155273 0.105469
0 0.107422 0.418945 0.080078 0.145508
0 0.381836 0.666016 0.214844 0.162109
0 0.395508 0.033203 0.172852 0.067383
0 0.479492 0.449219 0.070312 0.104492
0 0.43457 0.119141 0.057617 0.080078
0 0.083984 0.115234 0.084961 0.105469
0 0.760742 0.069336 0.072266 0.139648
0 0.224609 0.673828 0.160156 0.165039
0 0.043945 0.588867 0.088867 0.089844
0 0.713867 0.790039 0.120117 0.137695
0 0.851562 0.886719 0.180664 0.080078
0 0.493164 0.775391 0.072266 0.092773
0 0.520508 0.109375 0.066406 0.081055
0 0.711914 0.006836 0.095703 0.014648
0 0.635742 0.038086 0.192383 0.069336
0 0.348633 0.366211 0.152344 0.094727
0 0.615234 0.897461 0.09668 0.067383
0 0.373047 0.533203 0.177734 0.067383
0 0.904297 0.600586 0.191406 0.083008
0 0.526367 0.333008 0.084961 0.097656
0 0.463867 0.952148 0.211914 0.094727
0 0.842773 0.794922 0.067383 0.205078
0 0.069336 0.731445 0.125 0.114258
0 0.77832 0.189453 0.167969 0.154297
0 0.171875 0.893555 0.110352 0.162109
0 0.889648 0.193359 0.109375 0.126953
0 0.791016 0.352539 0.167969 0.136719
0 0.925781 0.679688 0.142578 0.080078
0 0.62793 0.737305 0.092773 0.195312
0 0.908203 0.34082 0.136719 0.0625
0 0.849609 0.056641 0.060547 0.069336
0 0.420898 0.395508 0.072266 0.072266
0 0.753906 0.157227 0.18457 0.070312
0 0.693359 0.44043 0.097656 0.072266
0 0.947266 0.3125 0.105469 0.092773
0 0.049805 0.020508 0.099609 0.041992
0 0.614258 0.770508 0.094727 0.137695
0 0.8125 0.973633 0.077148 0.052734
0 0.966797 0.069336 0.06543 0.054688
0 0.967773 0.126953 0.041992 0.115234
0 0.603516 0.348633 0.087891 0.052734
0 0.111328 0.686523 0.049805 0.049805
0 0.365234 0.717773 0.112305 0.057617
0 0.287109 0.699219 0.054688 0.18457
0 0.886719 0.775391 0.06543 0.147461
0 0.74707 0.976562 0.050781 0.045898
0 0.210938 0.663086 0.0625 0.132812
0 0.527344 0.023438 0.068359 0.047852
0 0.788086 0.397461 0.173828 0.081055
