0 0.332031 0.080078 0.060547 0.082031
0 0.22168 0.316406 0.070312 0.106445
0 0.269531 0.265625 0.040039 0.120117
0 0.016602 0.402344 0.03418 0.060547
0 0.427734 0.054688 0.071289 0.070312
0 0.447168 0.957715 0.140332 0.060742
0 0.349609 0.357422 0.03418 0.068359
0 0.216797 0.105469 0.060547 0.063477
0 0.040039 0.095703 0.069336 0.038086
0 0.53125 0.245117 0.083008 0.038086
0 0.014648 0.686523 0.030273 0.05957
0 0.356445 0.703125 0.087891 0.061523
0 0.12207 0.805664 0.069336 0.069336
0 0.683594 0.02832 0.056641 0.027344
0 0.802734 0.794922 0.044922 0.075195
0 0.148438 0.486328 0.032227 0.071289
0 0.981445 0.426758 0.036133 0.080078
0 0.769531 0.094727 0.040039 0.082031
0 0.773438 0.272461 0.055664 0.041992
0 0.175781 0.438477 0.05957 0.050781
0 0.677734 0.977539 0.055664 0.039062
0 0.980469 0.5 0.039062 0.066406
0 0.353516 0.80957 0.063477 0.045898
0 0.634766 0.444336 0.0625 0.046875
0 0.211914 0.753906 0.088867 0.047852
0 0.052734 0.554688 0.030273 0.057617
0 0.219727 0.024414 0.038086 0.046875
0 0.425781 0.220703 0.0625 0.050781
0 0.975586 0.829102 0.043945 0.057617
0 0.429688 0.12793 0.080078 0.063477
0 0.857422 0.674805 0.047852 0.054688
0 0.987305 0.063477 0.025391 0.072266
0 0.363281 0.599609 0.043945 0.03125
0 0.333008 0.521484 0.044922 0.03125
0 0.119141 0.745117 0.050781 0.051758
0 0.929688 0.308594 0.089844 0.054688
0 0.496094 0.357422 0.052734 0.033203
0 0.851562 0.950195 0.060547 0.037109
0 0.976562 0.77832 0.037109 0.057617
0 0.603516 0.671875 0.06543 0.050781
0 0.464844 0.139648 0.058594 0.06543
0 0.980469 0.197266 0.038086 0.046875
0 0.935547 0.916992 0.043945 0.050781
0 0.834961 0.755859 0.033203 0.0625
0 0.506836 0.521484 0.083008 0.0625
0 0.197266 0.524414 0.037109 0.070312
0 0.014648 0.841016 0.029297 0.051172
0 0.576172 0.782227 0.046875 0.057617
0 0.108398 0.84082 0.079102 0.029297
0 0.837891 0.72168 0.024414 0.055664
0 0.489258 0.563477 0.076172 0.033203
0 0.248047 0.510742 0.048828 0.046875
0 0.12793 0.551465 0.08584 0.043359
0 0.758789 0.914062 0.075195 0.049805
0 0.583984 0.482422 0.039062 0.035156
0 0.84375 0.285156 0.049805 0.050781
0 0.944336 0.987305 0.027344 0.025391
0 0.75293 0.478516 0.049805 0.066406
0 0.939453 0.458008 0.05957 0.070312
0 0.983398 0.641602 0.032227 0.083984
0 0.644531 0.544922 0.087891 0.044922
0 0.457031 0.436523 0.075195 0.081055
0 0.612305 0.52832 0.092773 0.05957
