0 0.492188 0.307617 0.056641 0.091797
0 0.975586 0.46582 0.047852 0.091797
0 0.294922 0.216797 0.139648 0.074219
0 0.913086 0.235352 0.067383 0.077148
0 0.930664 0.018555 0.092773 0.038086
0 0.296875 0.085938 0.075195 0.087891
0 0.939453 0.733398 0.120117 0.087891
0 0.774414 0.515625 0.115234 0.087891
0 0.550781 0.532227 0.101562 0.089844
0 0.800781 0.318359 0.123047 0.087891
0 0.509766 0.395508 0.118164 0.089844
0 0.253906 0.785156 0.104492 0.077148
0 0.541992 0.734375 0.064453 0.084961
0 0.111328 0.743164 0.075195 0.078125
0 0.362305 0.869141 0.070312 0.080078
0 0.479492 0.635742 0.105469 0.082031
0 0.754883 0.954102 0.115234 0.075195
0 0.671875 0.573242 0.080078 0.087891
0 0.371094 0.091797 0.084961 0.102539
0 0.261719 0.538086 0.100586 0.0625
0 0.176758 0.355469 0.099609 0.078125
0 0.957031 0.913086 0.080078 0.071289
