0 0.061523 0.408203 0.120117 0.117188
0 0.734375 0.770508 0.129883 0.112305
0 0.208984 0.100586 0.094727 0.132812
0 0.710938 0.53418 0.095703 0.105469
0 0.100586 0.763672 0.074219 0.082031
0 0.385742 0.28125 0.072266 0.134766
0 0.597656 0.483398 0.092773 0.0625
0 0.374023 0.824219 0.120117 0.070312
0 0.18457 0.645508 0.095703 0.142578
0 0.512695 0.399414 0.147461 0.105469
0 0.079102 0.670898 0.069336 0.0625
0 0.320312 0.712891 0.067383 0.182617
0 0.876953 0.830078 0.089844 0.137695
0 0.030273 0.135742 0.061523 0.114258
0 0.338867 0.216797 0.075195 0.075195
0 0.720703 0.337891 0.132812 0.0625
0 0.460938 0.689453 0.087891 0.105469
0 0.220703 0.024414 0.082031 0.049805
0 0.494141 0.018555 0.05957 0.037109
0 0.374023 0.048828 0.069336 0.06543
0 0.050781 0.878906 0.101562 0.110352
0 0.801758 0.37207 0.169922 0.160156
0 0.450195 0.598633 0.131836 0.084961
0 0.123047 0.099609 0.0625 0.060547
0 0.708984 0.922852 0.155273 0.147461
0 0.108398 0.573242 0.078125 0.136719
0 0.391602 0.722656 0.094727 0.182617
0 0.601562 0.579102 0.120117 0.09082
0 0.932617 0.474609 0.112305 0.144531
0 0.246094 0.952148 0.084961 0.095703
0 0.836914 0.455078 0.125 0.102539
0 0.430664 0.055664 0.067383 0.087891
0 0.256836 0.674805 0.044922 0.080078
0 0.956055 0.189453 0.086914 0.091797
0 0.166992 0.015625 0.054688 0.032227
0 0.943359 0.793945 0.097656 0.094727
0 0.421875 0.613281 0.084961 0.087891
0 0.650391 0.933594 0.086914 0.132812
0 0.09082 0.510742 0.0625 0.091797
0 0.81543 0.417969 0.166992 0.157227
0 0.108398 0.957031 0.078125 0.080078
0 0.364258 0.970703 0.084961 0.052734
0 0.960938 0.067383 0.078125 0.057617
0 0.0625 0.448242 0.112305 0.056641
0 0.179688 0.613281 0.070312 0.0625
0 0.961914 0.704102 0.075195 0.075195
0 0.960938 0.792969 0.078125 0.102539
0 0.915039 0.978516 0.077148 0.042969
0 0.675781 0.943359 0.082031 0.113281
