0 0.649414 0.041016 0.077148 0.082031
0 0.583984 0.762695 0.077148 0.098633
0 0.785156 0.704102 0.079102 0.061523
0 0.702148 0.706055 0.071289 0.073242
0 0.300781 0.480469 0.081055 0.075195
0 0.310547 0.983398 0.076172 0.032227
0 0.858398 0.683594 0.073242 0.092773
0 0.357422 0.049805 0.056641 0.080078
0 0.541992 0.407227 0.084961 0.053711
0 0.178711 0.391602 0.058594 0.080078
0 0.036133 0.34375 0.070312 0.071289
0 0.323242 0.239258 0.075195 0.053711
0 0.464844 0.886719 0.128906 0.086914
0 0.296875 0.396484 0.072266 0.076172
0 0.774414 0.395508 0.05957 0.132812
0 0.783203 0.469727 0.100586 0.089844
0 0.197266 0.703125 0.110352 0.070312
0 0.679688 0.561523 0.053711 0.0625
0 0.337891 0.741211 0.120117 0.046875
0 0.295898 0.128906 0.099609 0.070312
0 0.224609 0.798828 0.073242 0.083984
0 0.066406 0.154297 0.073242 0.049805
0 0.939453 0.427734 0.063477 0.088867
0 0.079102 0.056641 0.100586 0.074219
0 0.18457 0.658203 0.102539 0.070312
0 0.944336 0.151367 0.060547 0.064453
0 0.790039 0.198242 0.057617 0.085938
0 0.489258 0.768555 0.03418 0.027344
0 0.439453 0.429688 0.06543 0.078125
0 0.899414 0.848633 0.078125 0.051758
0 0.06543 0.478516 0.126953 0.071289
0 0.25 0.647461 0.130859 0.085938
0 0.073242 0.105469 0.117188 0.09375
0 0.032227 0.734375 0.064453 0.058594
0 0.12207 0.544922 0.102539 0.074219
0 0.43457 0.744141 0.116211 0.083984
0 0.105469 0.46582 0.084961 0.061523
0 0.408203 0.97168 0.092773 0.055664
0 0.208984 0.554688 0.072266 0.061523
0 0.832031 0.189453 0.081055 0.06543
0 0.498047 0.500977 0.066406 0.056641
0 0.890625 0.561523 0.058594 0.061523
0 0.425781 0.5625 0.128906 0.047852
0 0.361328 0.979492 0.063477 0.040039
0 0.189453 0.49707 0.091797 0.043945
0 0.248047 0.204102 0.0625 0.046875
0 0.647461 0.24707 0.050781 0.055664
0 0.827148 0.984375 0.049805 0.030273
0 0.74707 0.542969 0.09082 0.044922
0 0.319336 0.954102 0.051758 0.046875
0 0.920898 0.972656 0.107422 0.053711
0 0.879883 0.886719 0.080078 0.044922
0 0.739258 0.124023 0.055664 0.080078
0 0.776367 0.154297 0.060547 0.078125
