0 0.814453 0.405273 0.120117 0.09668
0 0.699219 0.767578 0.145508 0.083008
0 0.907227 0.220703 0.115234 0.113281
0 0.873047 0.824219 0.117188 0.134766
0 0.157227 0.318359 0.141602 0.078125
0 0.905273 0.464844 0.073242 0.080078
0 0.801758 0.493164 0.089844 0.072266
0 0.269531 0.388672 0.157227 0.083008
0 0.664062 0.866211 0.110352 0.115234
0 0.136719 0.162109 0.080078 0.115234
0 0.966797 0.750977 0.06543 0.087891
0 0.241211 0.488281 0.080078 0.075195
0 0.483398 0.074219 0.091797 0.080078
0 0.541992 0.155273 0.109375 0.077148
0 0.96875 0.116211 0.0625 0.084961
0 0.300781 0.013672 0.091797 0.027344
0 0.841797 0.624023 0.084961 0.094727
0 0.90918 0.610352 0.075195 0.077148
0 0.823242 0.050781 0.072266 0.056641
0 0.172852 0.050781 0.067383 0.072266
0 0.698242 0.413086 0.0625 0.077148
0 0.486328 0.638672 0.064453 0.09375
0 0.43457 0.016602 0.074219 0.03418
0 0.973633 0.847656 0.052734 0.067383
0 0.515625 0.302734 0.072266 0.086914
0 0.331055 0.081055 0.087891 0.072266
0 0.610352 0.582031 0.092773 0.074219
0 0.075195 0.583008 0.067383 0.057617
0 0.405273 0.602539 0.078125 0.05957
0 0.069336 0.038086 0.070312 0.077148
0 0.672852 0.53418 0.12207 0.149414
0 0.369141 0.287109 0.110352 0.080078
0 0.636719 0.933594 0.104492 0.0625
0 0.998047 0.430664 0.00293 0.0625
0 0.685547 0.65332 0.072266 0.068359
0 0.054688 0.717773 0.105469 0.083008
0 0.304688 0.229492 0.064453 0.054688
0 0.881836 0.720703 0.064453 0.057617
0 0.595703 0.479492 0.067383 0.134766
0 0.12793 0.691406 0.067383 0.06543
0 0.073242 0.000977 0.078125 0.001953
0 0.144531 0.941406 0.12793 0.072266
0 0.119141 0.395508 0.069336 0.047852
0 0.974609 0.298828 0.050781 0.05957
0 0.041992 0.410156 0.080078 0.092773
0 0.088867 0.890625 0.084961 0.092773
0 0.410156 0.943359 0.157227 0.0625
0 0.024414 0.101562 0.044922 0.05957
0 0.128906 0.855469 0.094727 0.067383
0 0.521484 0.246094 0.139648 0.0625
0 0.071289 0.120117 0.049805 0.047852
0 0.367188 0.983398 0.131836 0.033203
0 0.402344 0.897461 0.102539 0.137695
0 0.823242 0.655273 0.056641 0.051758
0 0.136719 0.987305 0.080078 0.025391
0 0.152344 0.586914 0.054688 0.064453
0 0.291992 0.316406 0.084961 0.075195
0 0.97168 0.385742 0.055664 0.107422
0 0.459961 0.976562 0.067383 0.045898
0 0.750977 0.920898 0.0625 0.082031
