0 0.262695 0.030273 0.067383 0.061523
0 0.097656 0.074219 0.069336 0.05957
0 0.128906 0.12793 0.063477 0.069336
0 0.326172 0.125 0.085938 0.103516
0 0.320312 0.038086 0.056641 0.076172
0 0.454102 0.197266 0.078125 0.091797
0 0.550781 0.101562 0.083984 0.091797
0 0.545898 0.170898 0.066406 0.060547
0 0.051758 0.376953 0.078125 0.080078
0 0.235352 0.30957 0.110352 0.077148
0 0.431641 0.333008 0.081055 0.112305
0 0.348633 0.314453 0.101562 0.110352
0 0.317383 0.363281 0.046875 0.086914
0 0.463867 0.46875 0.074219 0.112305
0 0.544922 0.428711 0.073242 0.084961
0 0.533203 0.34668 0.045898 0.086914
0 0.219727 0.614258 0.080078 0.078125
0 0.063477 0.662109 0.076172 0.080078
0 0.223633 0.706055 0.094727 0.12793
0 0.044922 0.875 0.068359 0.091797
0 0.237305 0.899414 0.09082 0.083008
0 0.714844 0.90332 0.109375 0.103516
0 0.499023 0.939453 0.097656 0.092773
0 0.395508 0.966797 0.09375 0.06543
0 0.396484 0.883789 0.092773 0.099609
0 0.650391 0.806641 0.104492 0.069336
0 0.700195 0.730469 0.069336 0.072266
0 0.921875 0.729492 0.071289 0.076172
0 0.858398 0.858398 0.073242 0.069336
0 0.912109 0.816406 0.09668 0.053711
0 0.911133 0.922852 0.064453 0.071289
0 0.932617 0.869141 0.074219 0.048828
0 0.703125 0.567383 0.047852 0.071289
0 0.855469 0.470703 0.124023 0.051758
0 0.725586 0.460938 0.095703 0.0625
0 0.71582 0.400391 0.146484 0.083008
0 0.831055 0.384766 0.079102 0.103516
0 0.666016 0.06543 0.078125 0.130859
0 0.838867 0.017578 0.061523 0.036133
0 0.960938 0.265625 0.078125 0.102539
0 0.389648 0.703125 0.074219 0.071289
0 0.047852 0.708984 0.077148 0.086914
0 0.764648 0.570312 0.054688 0.055664
0 0.642578 0.775391 0.064453 0.083984
0 0.109375 0.853516 0.064453 0.0625
0 0.02832 0.973633 0.057617 0.052734
0 0.755859 0.358398 0.066406 0.052734
0 0.498047 0.023438 0.054688 0.047852
