0 0.21875 0.125977 0.074219 0.083984
0 0.852539 0.705078 0.112305 0.09668
0 0.124023 0.185547 0.069336 0.092773
0 0.287109 0.72168 0.144531 0.104492
0 0.100586 0.485352 0.106445 0.073242
0 0.704102 0.230469 0.069336 0.072266
0 0.283203 0.472656 0.119141 0.081055
0 0.12207 0.583984 0.089844 0.084961
0 0.056641 0.71582 0.06543 0.072266
0 0.291992 0.858398 0.132812 0.087891
0 0.879883 0.970703 0.110352 0.058594
0 0.063477 0.901367 0.097656 0.084961
0 0.228516 0.654297 0.082031 0.084961
0 0.735352 0.063477 0.083008 0.072266
0 0.822266 0.171875 0.086914 0.085938
0 0.786133 0.015625 0.06543 0.03125
0 0.704102 0.001953 0.075195 0.004883
0 0.720703 0.546875 0.082031 0.105469
0 0.824219 0.617188 0.084961 0.064453
