0 0.117188 0.125977 0.073242 0.129883
0 0.141602 0.328125 0.054688 0.06543
0 0.232422 0.358398 0.087891 0.076172
0 0.269531 0.477539 0.067383 0.068359
0 0.341797 0.470703 0.063477 0.086914
0 0.293945 0.573242 0.069336 0.068359
0 0.030273 0.737305 0.060547 0.109375
0 0.061523 0.697266 0.0625 0.064453
0 0.307617 0.777344 0.076172 0.070312
0 0.310547 0.851562 0.083008 0.050781
0 0.242188 0.90625 0.135742 0.055664
0 0.323242 0.945312 0.06543 0.06543
0 0.459961 0.932617 0.069336 0.079102
0 0.463867 0.826172 0.074219 0.086914
0 0.582031 0.820312 0.068359 0.074219
0 0.661133 0.9375 0.061523 0.052734
0 0.408203 0.668945 0.080078 0.100586
0 0.459961 0.598633 0.070312 0.067383
0 0.561523 0.689453 0.072266 0.083008
0 0.625977 0.639648 0.087891 0.089844
0 0.592773 0.491211 0.080078 0.104492
0 0.744141 0.586914 0.06543 0.070312
0 0.698242 0.772461 0.074219 0.09375
0 0.732422 0.830078 0.069336 0.066406
0 0.813477 0.740234 0.086914 0.097656
0 0.875977 0.629883 0.088867 0.056641
0 0.929688 0.774414 0.088867 0.077148
0 0.916992 0.967773 0.053711 0.063477
0 0.966797 0.977539 0.063477 0.043945
0 0.457031 0.24707 0.083008 0.081055
0 0.569336 0.193359 0.066406 0.077148
0 0.339844 0.0625 0.083008 0.077148
0 0.104492 0.029297 0.069336 0.055664
0 0.202148 0.023438 0.114258 0.047852
0 0.515625 0.332031 0.071289 0.070312
0 0.724609 0.361328 0.085938 0.120117
0 0.864258 0.351562 0.133789 0.067383
0 0.81543 0.273438 0.06543 0.070312
0 0.736328 0.175781 0.077148 0.080078
0 0.87207 0.15332 0.100586 0.056641
0 0.894531 0.257812 0.099609 0.063477
0 0.972656 0.142578 0.054688 0.095703
0 0.964844 0.066406 0.070312 0.053711
0 0.942383 0.660156 0.053711 0.061523
0 0.566406 0.566406 0.064453 0.063477
0 0.824219 0.015625 0.054688 0.032227
0 0.463867 0.1875 0.032227 0.03125
0 0.959961 0.229492 0.038086 0.044922
0 0.852539 0.399414 0.041016 0.041016
0 0.886719 0.473633 0.042969 0.054688
0 0.984375 0.474609 0.029297 0.039062
0 0.835938 0.313477 0.054688 0.037109
0 0.433594 0.280273 0.048828 0.046875
0 0.056641 0.759766 0.047852 0.052734
0 0.021484 0.988281 0.042969 0.022461
0 0.296875 0.024414 0.064453 0.044922
0 0.072266 0.008789 0.043945 0.018555
0 0.759766 0.411133 0.074219 0.024414
0 0.969727 0.579102 0.029297 0.033203
