0 0.041992 0.916016 0.083984 0.070312
0 0.010742 0.802734 0.022461 0.073242
0 0.092773 0.836914 0.068359 0.070312
0 0.042969 0.647461 0.085938 0.168945
0 0.070312 0.40918 0.095703 0.079102
0 0.121094 0.578125 0.063477 0.057617
0 0.255859 0.623047 0.086914 0.071289
0 0.322266 0.729492 0.06543 0.069336
0 0.348633 0.819336 0.09375 0.174805
0 0.509766 0.90918 0.079102 0.075195
0 0.642578 0.943359 0.097656 0.112305
0 0.445312 0.972656 0.056641 0.054688
0 0.631836 0.65918 0.180664 0.170898
0 0.505859 0.321289 0.083008 0.174805
0 0.352539 0.425781 0.078125 0.077148
0 0.640625 0.454102 0.085938 0.171875
0 0.745117 0.461914 0.069336 0.109375
0 0.732422 0.282227 0.071289 0.111328
0 0.514648 0.048828 0.083984 0.053711
0 0.046875 0.086914 0.09375 0.174805
0 0.716797 0.016602 0.070312 0.03418
0 0.833008 0.066406 0.055664 0.092773
0 0.789062 0.052734 0.041992 0.088867
0 0.791016 0.222656 0.057617 0.079102
0 0.90625 0.461914 0.078125 0.101562
0 0.946289 0.681641 0.083008 0.21582
0 0.900391 0.31543 0.101562 0.105469
0 0.935547 0.254883 0.084961 0.06543
0 0.920898 0.020508 0.05957 0.041992
0 0.276367 0.817383 0.039062 0.09668
0 0.012695 0.267578 0.026367 0.075195
