0 0.985352 0.4375 0.02832 0.077148
0 0.864258 0.470703 0.134766 0.0625
0 0.77832 0.068359 0.091797 0.072266
0 0.78125 0.615234 0.075195 0.107422
0 0.953125 0.079102 0.09375 0.083984
0 0.983398 0.288086 0.033203 0.055664
0 0.958008 0.019531 0.083008 0.039062
0 0.874023 0.686523 0.075195 0.104492
0 0.845703 0.203125 0.102539 0.082031
0 0.873047 0.589844 0.067383 0.080078
0 0.816406 0.933594 0.084961 0.084961
0 0.890625 0.408203 0.117188 0.067383
0 0.888672 0.347656 0.084961 0.083008
0 0.93457 0.264648 0.080078 0.070312
0 0.802734 0.375 0.070312 0.073242
0 0.867188 0.258789 0.080078 0.05957
0 0.976562 0.332031 0.045898 0.050781
0 0.787109 0.986328 0.068359 0.026367
