0 0.019531 0.165039 0.039062 0.077148
0 0.100586 0.397461 0.101562 0.105469
0 0.024414 0.40332 0.049805 0.081055
0 0.183594 0.557617 0.114258 0.086914
0 0.199219 0.661133 0.083008 0.076172
0 0.358398 0.688477 0.116211 0.070312
0 0.225586 0.746094 0.082031 0.063477
0 0.160156 0.892578 0.09375 0.099609
0 0.014648 0.858398 0.029297 0.070312
0 0.292969 0.983398 0.076172 0.033203
0 0.337891 0.928711 0.097656 0.12207
0 0.449219 0.767578 0.076172 0.0625
0 0.609375 0.643555 0.077148 0.088867
0 0.685547 0.710938 0.106445 0.091797
0 0.605469 0.470703 0.073242 0.083984
0 0.556641 0.392578 0.098633 0.056641
0 0.526367 0.339844 0.074219 0.048828
0 0.420898 0.257812 0.086914 0.077148
0 0.573242 0.200195 0.070312 0.072266
0 0.662109 0.220703 0.092773 0.097656
0 0.621094 0.269531 0.050781 0.049805
0 0.730469 0.321289 0.0625 0.068359
0 0.616211 0.094727 0.094727 0.074219
0 0.444336 0.092773 0.088867 0.095703
0 0.397461 0.182617 0.072266 0.06543
0 0.289062 0.037109 0.103516 0.075195
0 0.560547 0.025391 0.107422 0.051758
0 0.977539 0.930664 0.043945 0.113281
0 0.891602 0.923828 0.069336 0.114258
0 0.853516 0.899414 0.085938 0.167969
0 0.900391 0.764648 0.128906 0.105469
0 0.838867 0.727539 0.071289 0.047852
0 0.782227 0.725586 0.056641 0.055664
0 0.988281 0.69043 0.022461 0.066406
0 0.957031 0.491211 0.084961 0.077148
0 0.84668 0.394531 0.117188 0.104492
0 0.985352 0.115234 0.02832 0.056641
0 0.933594 0.095703 0.058594 0.06543
0 0.969727 0.203125 0.05957 0.058594
0 0.710938 0.208008 0.073242 0.05957
0 0.475586 0.978516 0.09668 0.041992
