0 0.430664 0.650391 0.073242 0.100586
0 0.419922 0.536133 0.087891 0.064453
0 0.823242 0.537109 0.09082 0.072266
0 0.853516 0.680664 0.074219 0.145508
0 0.738281 0.360352 0.03125 0.091797
0 0.875977 0.293945 0.091797 0.087891
0 0.967773 0.375977 0.064453 0.077148
0 0.276367 0.135742 0.076172 0.066406
0 0.100586 0.978516 0.111328 0.041992
0 0.959961 0.538086 0.058594 0.09668
0 0.572266 0.369141 0.063477 0.06543
0 0.22168 0.958984 0.047852 0.082031
0 0.826172 0.072266 0.035156 0.082031
0 0.890625 0.40918 0.048828 0.105469
0 0.743164 0.511719 0.058594 0.074219
0 0.412109 0.829102 0.133789 0.064453
0 0.384766 0.119141 0.074219 0.076172
0 0.299805 0.474609 0.064453 0.072266
0 0.631836 0.351562 0.0625 0.066406
0 0.982422 0.686523 0.03418 0.05957
0 0.582031 0.432617 0.044922 0.106445
0 0.670898 0.980469 0.054688 0.03418
0 0.114258 0.351562 0.154297 0.074219
0 0.767578 0.225586 0.079102 0.056641
0 0.509766 0.080078 0.097656 0.084961
0 0.635742 0.28125 0.051758 0.068359
0 0.901367 0.029297 0.061523 0.058594
0 0.160156 0.21875 0.099609 0.042969
0 0.727539 0.049805 0.051758 0.0625
0 0.362305 0.027344 0.074219 0.051758
0 0.224609 0.505859 0.073242 0.055664
0 0.148438 0.137695 0.091797 0.040039
0 0.938477 0.086914 0.043945 0.084961
0 0.535156 0.192383 0.084961 0.045898
0 0.862305 0.34668 0.085938 0.069336
0 0.579102 0.022461 0.105469 0.045898
0 0.962891 0.402344 0.039062 0.073242
0 0.791016 0.291992 0.032227 0.091797
0 0.558594 0.53125 0.089844 0.026367
0 0.412109 0.463867 0.120117 0.06543
0 0.158203 0.421875 0.150391 0.060547
0 0.555664 0.144531 0.125977 0.045898
0 0.9375 0.489258 0.099609 0.067383
0 0.220703 0.174805 0.058594 0.039062
0 0.452148 0.789062 0.040039 0.073242
0 0.450293 0.773242 0.07334 0.116406
0 0.831055 0.174805 0.071289 0.039062
0 0.905273 0.202148 0.057617 0.056641
0 0.097656 0.667969 0.027344 0.06543
0 0.395508 0.396484 0.066406 0.033203
0 0.276367 0.09375 0.070312 0.047852
0 0.347656 0.611328 0.082031 0.042969
0 0.061523 0.227539 0.124023 0.033203
0 0.016602 0.390625 0.03418 0.041016
0 0.698242 0.398438 0.071289 0.058594
0 0.048828 0.481445 0.098633 0.033203
0 0.96582 0.810547 0.068359 0.058594
0 0.654297 0.100586 0.079102 0.033203
0 0.040039 0.197266 0.080078 0.046875
0 0.104492 0.904297 0.047852 0.038086
0 0.916992 0.987305 0.058594 0.025391
0 0.75 0.013672 0.035156 0.027344
0 0.603516 0.828125 0.070312 0.06543
0 0.317383 0.588867 0.041016 0.075195
0 0.058594 0.244141 0.118164 0.041992
0 0.089844 0.413086 0.106445 0.113281
0 0.398438 0.364258 0.063477 0.069336
