0 0.618164 0.014648 0.105469 0.029297
0 0.660156 0.036133 0.108398 0.064453
0 0.717773 0.098633 0.146484 0.064453
0 0.733398 0.168945 0.052734 0.053711
0 0.796875 0.165039 0.0625 0.046875
0 0.767578 0.228516 0.068359 0.0625
0 0.353516 0.074219 0.082031 0.063477
0 0.355469 0.141602 0.104492 0.066406
0 0.292969 0.205078 0.111328 0.099609
0 0.283203 0.263672 0.105469 0.0625
0 0.138672 0.06543 0.12793 0.130859
0 0.050781 0.09082 0.102539 0.072266
0 0.958984 0.111328 0.082031 0.068359
0 0.951172 0.178711 0.06543 0.057617
0 0.914062 0.200195 0.084961 0.06543
0 0.892578 0.366211 0.098633 0.075195
0 0.688477 0.367188 0.118164 0.138672
0 0.772461 0.474609 0.081055 0.064453
0 0.632812 0.530273 0.077148 0.069336
0 0.719727 0.629883 0.067383 0.057617
0 0.953125 0.696289 0.083008 0.100586
0 0.061523 0.473633 0.124023 0.05957
0 0.144531 0.493164 0.161133 0.055664
0 0.112305 0.537109 0.063477 0.053711
0 0.349609 0.553711 0.109375 0.05957
0 0.519531 0.520508 0.091797 0.091797
0 0.46582 0.610352 0.076172 0.076172
0 0.382812 0.610352 0.073242 0.049805
0 0.294922 0.65918 0.220703 0.051758
0 0.234375 0.608398 0.099609 0.064453
0 0.539062 0.669922 0.06543 0.06543
0 0.59082 0.695312 0.101562 0.057617
0 0.624023 0.731445 0.087891 0.0625
0 0.716797 0.746094 0.083008 0.048828
0 0.431641 0.744141 0.200195 0.060547
0 0.504883 0.807617 0.114258 0.100586
0 0.62207 0.865234 0.126953 0.0625
0 0.832031 0.876953 0.098633 0.067383
0 0.917969 0.951172 0.086914 0.09668
0 0.952148 0.84082 0.066406 0.082031
0 0.324219 0.880859 0.049805 0.105469
0 0.367188 0.898438 0.054688 0.071289
0 0.222656 0.730469 0.072266 0.076172
0 0.069336 0.728516 0.138672 0.080078
0 0.033203 0.629883 0.066406 0.069336
0 0.094727 0.808594 0.178711 0.102539
0 0.223633 0.84082 0.092773 0.061523
0 0.24707 0.913086 0.071289 0.172852
0 0.092773 0.927734 0.170898 0.055664
0 0.427734 0.248047 0.095703 0.066406
0 0.911133 0.05957 0.053711 0.076172
0 0.87207 0.135742 0.072266 0.057617
