0 0.791992 0.665039 0.074219 0.12793
0 0.973633 0.703125 0.052734 0.082031
0 0.845703 0.454102 0.102539 0.084961
0 0.959961 0.475586 0.080078 0.092773
0 0.461914 0.388672 0.099609 0.097656
0 0.97168 0.084961 0.055664 0.080078
0 0.114258 0.188477 0.125 0.107422
0 0.847656 0.34668 0.083008 0.094727
0 0.219727 0.101562 0.070312 0.094727
0 0.222656 0.311523 0.116211 0.108398
0 0.583008 0.900391 0.077148 0.057617
0 0.639648 0.147461 0.089844 0.080078
0 0.213867 0.479492 0.084961 0.099609
0 0.96875 0.87207 0.0625 0.064453
0 0.331055 0.696289 0.142578 0.110352
0 0.882812 0.714844 0.077148 0.102539
0 0.952148 0.55957 0.095703 0.089844
0 0.291992 0.586914 0.084961 0.084961
0 0.964844 0.351562 0.070312 0.114258
0 0.769531 0.087891 0.099609 0.086914
0 0.207031 0.800781 0.105469 0.082031
0 0.136719 0.961914 0.104492 0.071289
0 0.65918 0.260742 0.084961 0.068359
0 0.051758 0.097656 0.070312 0.137695
0 0.094727 0.564453 0.089844 0.080078
0 0.114258 0.775391 0.06543 0.077148
0 0.888672 0.975586 0.084961 0.047852
