0 0.207031 0.635742 0.154297 0.072266
0 0.423828 0.53418 0.084961 0.075195
0 0.329102 0.518555 0.110352 0.072266
0 0.703125 0.569336 0.171875 0.064453
0 0.024414 0.665039 0.049805 0.112305
0 0.050781 0.458008 0.101562 0.0625
0 0.827148 0.237305 0.195312 0.080078
0 0.767578 0.019531 0.092773 0.039062
0 0.141602 0.089844 0.100586 0.077148
0 0.836914 0.327148 0.099609 0.099609
0 0.639648 0.361328 0.158203 0.082031
0 0.333008 0.628906 0.077148 0.055664
0 0.029297 0.277344 0.054688 0.089844
0 0.804688 0.475586 0.080078 0.077148
0 0.543945 0.515625 0.194336 0.092773
0 0.439453 0.71582 0.060547 0.126953
0 0.212891 0.083008 0.0625 0.132812
0 0.474609 0.833984 0.095703 0.135742
0 0.496094 0.094727 0.087891 0.05957
0 0.814453 0.048828 0.134766 0.075195
0 0.228516 0.576172 0.055664 0.06543
0 0.789062 0.671875 0.100586 0.084961
0 0.070312 0.854492 0.137695 0.070312
0 0.650391 0.114258 0.086914 0.05957
0 0.086914 0.395508 0.165039 0.072266
0 0.30957 0.830078 0.064453 0.172852
0 0.198242 0.803711 0.136719 0.0625
0 0.098633 0.756836 0.152344 0.070312
0 0.40332 0.936523 0.078125 0.09082
0 0.306641 0.922852 0.125 0.154297
0 0.516602 0.952148 0.084961 0.095703
0 0.476562 0.424805 0.180664 0.054688
0 0.189453 0.887695 0.089844 0.092773
0 0.854492 0.735352 0.064453 0.1875
0 0.133789 0.351562 0.05957 0.06543
0 0.896484 0.03125 0.165039 0.0625
0 0.585938 0.790039 0.087891 0.057617
0 0.033203 0.120117 0.067383 0.092773
0 0.064453 0.15918 0.129883 0.115234
0 0.099609 0.28418 0.109375 0.120117
0 0.679688 0.912109 0.109375 0.080078
0 0.819336 0.96582 0.120117 0.068359
0 0.46582 0.344727 0.097656 0.070312
0 0.904297 0.789062 0.06543 0.21582
0 0.84668 0.896484 0.055664 0.055664
0 0.708008 0.859375 0.212891 0.140625
0 0.181641 0.962891 0.107422 0.074219
0 0.164062 0.210938 0.079102 0.0625
0 0.110352 0.71875 0.038086 0.110352
0 0.138672 0.761719 0.084961 0.125
0 0.533203 0.917969 0.042969 0.097656
0 0.408203 0.790039 0.046875 0.067383
0 0.736328 0.667969 0.084961 0.0625
0 0.964844 0.575195 0.070312 0.057617
0 0.978516 0.75 0.042969 0.057617
0 0.969727 0.922852 0.060547 0.073242
0 0.177734 0.266602 0.102539 0.06543
0 0.488281 0.407227 0.082031 0.105469
0 0.807617 0.431641 0.057617 0.049805
0 0.97168 0.05957 0.055664 0.054688
0 0.956055 0.014648 0.087891 0.029297
