0 0.148438 0.12207 0.089844 0.149414
0 0.526367 0.044922 0.162109 0.085938
0 0.750977 0.092773 0.145508 0.078125
0 0.850586 0.032227 0.056641 0.06543
0 0.96875 0.37207 0.061523 0.084961
0 0.93457 0.5 0.067383 0.136719
0 0.982422 0.702148 0.035156 0.102539
0 0.415039 0.360352 0.186523 0.155273
0 0.342773 0.46875 0.117188 0.119141
0 0.166016 0.436523 0.132812 0.120117
0 0.399414 0.632812 0.103516 0.09082
0 0.578125 0.716797 0.104492 0.107422
0 0.675781 0.874023 0.165039 0.141602
0 0.483398 0.976562 0.113281 0.046875
0 0.263672 0.987305 0.143555 0.025391
0 0.092773 0.959961 0.105469 0.079102
0 0.983398 0.953125 0.033203 0.092773
0 0.556641 0.431641 0.088867 0.09668
0 0.663086 0.745117 0.049805 0.057617
0 0.792969 0.554688 0.047852 0.06543
