0 0.291992 0.59375 0.070312 0.097656
0 0.318359 0.424805 0.075195 0.080078
0 0.560547 0.569336 0.058594 0.073242
0 0.079102 0.138672 0.097656 0.089844
0 0.612305 0.549805 0.083984 0.068359
0 0.867188 0.171875 0.076172 0.091797
0 0.763672 0.325195 0.066406 0.080078
0 0.381836 0.676758 0.084961 0.051758
0 0.987305 0.398438 0.024414 0.081055
0 0.500977 0.246094 0.075195 0.085938
0 0.046875 0.592773 0.091797 0.074219
0 0.572266 0.052734 0.083984 0.058594
0 0.87793 0.536133 0.084961 0.060547
0 0.258789 0.427734 0.078125 0.064453
0 0.47168 0.076172 0.080078 0.089844
0 0.579102 0.826172 0.125 0.05957
0 0.725586 0.614258 0.068359 0.064453
0 0.68457 0.513672 0.095703 0.076172
0 0.737305 0.15332 0.076172 0.077148
0 0.133789 0.598633 0.091797 0.054688
0 0.03418 0.893555 0.066406 0.060547
0 0.448242 0.466797 0.070312 0.061523
0 0.350586 0.057617 0.066406 0.115234
0 0.969727 0.513672 0.040039 0.091797
0 0.974609 0.868164 0.050781 0.0625
0 0.049805 0.392578 0.09082 0.050781
0 0.498047 0.569336 0.064453 0.06543
0 0.505859 0.641602 0.098633 0.045898
0 0.223633 0.949219 0.080078 0.043945
0 0.338867 0.225586 0.113281 0.071289
0 0.043945 0.625 0.087891 0.067383
0 0.917969 0.051758 0.054688 0.063477
0 0.741211 0.5 0.068359 0.047852
0 0.162109 0.306641 0.044922 0.097656
0 0.094727 0.953125 0.107422 0.033203
0 0.876953 0.311523 0.043945 0.067383
0 0.483398 0.02832 0.058594 0.055664
0 0.405273 0.868164 0.086914 0.055664
0 0.396484 0.412109 0.061523 0.083984
0 0.696289 0.316406 0.061523 0.063477
0 0.359375 0.508789 0.123047 0.050781
0 0.588867 0.311523 0.080078 0.05957
0 0.402344 0.185547 0.066406 0.054688
0 0.514648 0.930664 0.094727 0.025391
0 0.652344 0.099609 0.045898 0.064453
0 0.308594 0.929688 0.09082 0.041016
0 0.044922 0.298828 0.088867 0.135742
0 0.109375 0.280273 0.070312 0.0625
0 0.290039 0.695312 0.081055 0.035156
0 0.109375 0.020508 0.043945 0.040039
0 0.501953 0.893555 0.077148 0.03418
0 0.568359 0.209961 0.079102 0.058594
0 0.503906 0.378906 0.076172 0.041016
0 0.025391 0.429688 0.043945 0.083984
0 0.541992 0.207031 0.073242 0.049805
0 0.810547 0.723633 0.061523 0.041992
0 0.374023 0.178711 0.072266 0.061523
0 0.118164 0.615234 0.082031 0.043945
0 0.060547 0.477539 0.076172 0.035156
0 0.691406 0.178711 0.047852 0.048828
0 0.318359 0.143555 0.053711 0.044922
0 0.414062 0.776367 0.120117 0.051758
0 0.329102 0.923828 0.06543 0.042969
0 0.208984 0.591797 0.029297 0.05957
0 0.727539 0.69043 0.037109 0.030273
0 0.78418 0.044922 0.083008 0.043945
0 0.68457 0.561523 0.045898 0.052734
0 0.421875 0.564453 0.051758 0.044922
0 0.766602 0.719727 0.047852 0.041016
0 0.827148 0.758789 0.049805 0.047852
0 0.755859 0.018555 0.05957 0.037109
0 0.4375 0.673828 0.057617 0.02832
0 0.418945 0.636719 0.083008 0.044922
