0 0.069336 0.570312 0.071289 0.084961
0 0.06543 0.662109 0.131836 0.125
0 0.107422 0.881836 0.069336 0.073242
0 0.103516 0.951172 0.051758 0.097656
0 0.183594 0.916992 0.094727 0.073242
0 0.248047 0.901367 0.085938 0.077148
0 0.255859 0.972656 0.099609 0.053711
0 0.132812 0.336914 0.078125 0.05957
0 0.02832 0.006836 0.047852 0.014648
0 0.186523 0.041016 0.048828 0.083008
0 0.717773 0.013672 0.149414 0.02832
0 0.298828 0.126953 0.076172 0.121094
0 0.24707 0.275391 0.157227 0.076172
0 0.475586 0.200195 0.083984 0.145508
0 0.610352 0.094727 0.129883 0.172852
0 0.71582 0.074219 0.15332 0.111328
0 0.769531 0.173828 0.140625 0.115234
0 0.735352 0.21875 0.072266 0.114258
0 0.90332 0.333008 0.043945 0.114258
0 0.779297 0.291016 0.097656 0.074219
0 0.861328 0.255859 0.081055 0.09375
0 0.589844 0.326172 0.119141 0.053711
0 0.412109 0.34668 0.113281 0.077148
0 0.581055 0.397461 0.100586 0.076172
0 0.411133 0.574219 0.06543 0.067383
0 0.364258 0.764648 0.086914 0.163086
0 0.515625 0.554688 0.064453 0.085938
0 0.568359 0.660156 0.075195 0.125
0 0.609375 0.766602 0.073242 0.101562
0 0.71875 0.823242 0.102539 0.137695
0 0.636719 0.921875 0.061523 0.102539
0 0.810547 0.881836 0.074219 0.082031
0 0.880859 0.876953 0.043945 0.137695
0 0.891602 0.956055 0.12207 0.063477
0 0.626953 0.612305 0.082031 0.139648
0 0.711914 0.683594 0.092773 0.132812
0 0.697266 0.585938 0.097656 0.143555
0 0.631836 0.545898 0.146484 0.083008
0 0.837891 0.695312 0.105469 0.098633
0 0.867188 0.742188 0.088867 0.081055
0 0.893555 0.668945 0.102539 0.080078
0 0.861328 0.550781 0.133789 0.147461
0 0.896484 0.436523 0.086914 0.068359
0 0.801758 0.380859 0.124023 0.071289
0 0.727539 0.354492 0.112305 0.061523
0 0.958984 0.422852 0.074219 0.069336
0 0.947266 0.517578 0.068359 0.080078
0 0.976562 0.671875 0.046875 0.138672
0 0.957031 0.794922 0.082031 0.108398
0 0.920898 0.864258 0.050781 0.069336
0 0.977539 0.916992 0.043945 0.0625
0 0.977539 0.288086 0.043945 0.040039
