0 0.134766 0.304688 0.09375 0.053711
0 0.144531 0.353516 0.088867 0.088867
0 0.226562 0.400391 0.06543 0.06543
0 0.12207 0.438477 0.095703 0.077148
0 0.069336 0.421875 0.077148 0.058594
0 0.128906 0.494141 0.079102 0.071289
0 0.078125 0.522461 0.060547 0.058594
0 0.045898 0.489258 0.087891 0.075195
0 0.28125 0.447266 0.069336 0.058594
0 0.385742 0.432617 0.092773 0.088867
0 0.395508 0.304688 0.111328 0.107422
0 0.125977 0.583984 0.073242 0.075195
0 0.228516 0.595703 0.141602 0.067383
0 0.118164 0.789062 0.071289 0.089844
0 0.239258 0.887695 0.09668 0.063477
0 0.160156 0.93457 0.105469 0.05957
0 0.337891 0.981445 0.061523 0.037109
0 0.849609 0.886719 0.085938 0.085938
0 0.755859 0.855469 0.076172 0.100586
0 0.964844 0.81543 0.068359 0.120117
0 0.739258 0.680664 0.074219 0.064453
0 0.799805 0.646484 0.053711 0.070312
0 0.827148 0.571289 0.083008 0.057617
0 0.408203 0.770508 0.088867 0.080078
0 0.478516 0.53125 0.074219 0.06543
0 0.47168 0.466797 0.074219 0.069336
0 0.544922 0.487305 0.05957 0.064453
0 0.59375 0.567383 0.105469 0.063477
0 0.688477 0.517578 0.074219 0.079102
0 0.720703 0.466797 0.102539 0.056641
0 0.865234 0.493164 0.084961 0.068359
0 0.898438 0.361328 0.074219 0.094727
0 0.719727 0.325195 0.088867 0.145508
0 0.574219 0.289062 0.091797 0.091797
0 0.977539 0.423828 0.044922 0.098633
0 0.69043 0.566406 0.101562 0.083984
0 0.123047 0.850586 0.069336 0.074219
0 0.950195 0.387695 0.050781 0.052734
0 0.776367 0.597656 0.050781 0.045898
0 0.202148 0.361328 0.057617 0.044922
0 0.171875 0.410156 0.0625 0.0625
0 0.171875 0.880859 0.043945 0.033203
0 0.12793 0.90625 0.046875 0.035156
0 0.007812 0.950195 0.015625 0.048828
0 0.257812 0.482422 0.036133 0.032227
