0 0.041992 0.616211 0.083984 0.120117
0 0.083008 0.742188 0.15918 0.094727
0 0.443359 0.833984 0.103516 0.081055
0 0.564453 0.617188 0.121094 0.12207
0 0.15918 0.469727 0.115234 0.097656
0 0.046875 0.383789 0.082031 0.099609
0 0.022461 0.211914 0.045898 0.086914
0 0.095703 0.149414 0.080078 0.084961
0 0.167969 0.081055 0.092773 0.078125
0 0.350586 0.350586 0.113281 0.09375
0 0.441406 0.260742 0.103516 0.099609
0 0.43457 0.173828 0.09082 0.073242
0 0.556641 0.12793 0.084961 0.081055
0 0.753906 0.169922 0.094727 0.089844
0 0.735352 0.431641 0.113281 0.101562
0 0.461914 0.436523 0.113281 0.120117
0 0.663086 0.798828 0.123047 0.108398
0 0.621094 0.947266 0.098633 0.095703
0 0.482422 0.96582 0.119141 0.068359
0 0.144531 0.975586 0.094727 0.048828
0 0.74707 0.962891 0.080078 0.073242
0 0.823242 0.901367 0.09375 0.083984
0 0.90332 0.938477 0.119141 0.094727
0 0.96875 0.574219 0.061523 0.108398
0 0.974609 0.305664 0.050781 0.078125
0 0.875977 0.180664 0.053711 0.071289
0 0.879883 0.009766 0.09668 0.020508
0 0.30957 0.979492 0.061523 0.040039
0 0.40918 0.5 0.087891 0.037109
0 0.379883 0.431641 0.078125 0.075195
0 0.552734 0.230469 0.09375 0.073242
0 0.97168 0.183594 0.055664 0.068359
