0 0.966797 0.651367 0.06543 0.075195
0 0.418945 0.905273 0.152344 0.115234
0 0.963867 0.751953 0.072266 0.072266
0 0.84082 0.71582 0.132812 0.087891
0 0.192383 0.954102 0.080078 0.09082
0 0.282227 0.332031 0.134766 0.115234
0 0.952148 0.349609 0.095703 0.070312
0 0.982422 0.832031 0.03418 0.070312
0 0.302734 0.052734 0.092773 0.102539
0 0.634766 0.539062 0.134766 0.069336
0 0.291016 0.97168 0.087891 0.055664
0 0.705078 0.744141 0.227539 0.094727
0 0.182617 0.834961 0.113281 0.074219
0 0.914062 0.224609 0.139648 0.189453
0 0.511719 0.095703 0.139648 0.152344
0 0.643555 0.986328 0.051758 0.027344
0 0.703125 0.823242 0.082031 0.091797
0 0.435547 0.379883 0.132812 0.080078
0 0.256836 0.84668 0.064453 0.120117
0 0.920898 0.50293 0.158203 0.097656
0 0.500977 0.722656 0.082031 0.086914
0 0.074219 0.730469 0.064453 0.070312
0 0.666016 0.376953 0.09082 0.165039
0 0.076172 0.25 0.150391 0.135742
0 0.966797 0.050781 0.06543 0.097656
0 0.120117 0.183594 0.064453 0.092773
0 0.772461 0.542969 0.052734 0.067383
0 0.664062 0.080078 0.229492 0.157227
0 0.427734 0.319336 0.092773 0.110352
0 0.292969 0.780273 0.070312 0.111328
0 0.881836 0.542969 0.110352 0.077148
0 0.736328 0.143555 0.15918 0.232422
0 0.071289 0.601562 0.075195 0.067383
0 0.628906 0.460938 0.084961 0.097656
0 0.048828 0.314453 0.097656 0.102539
0 0.413086 0.029297 0.092773 0.054688
0 0.724609 0.358398 0.130859 0.310547
0 0.785156 0.410156 0.049805 0.05957
0 0.115234 0.040039 0.092773 0.077148
0 0.045898 0.077148 0.087891 0.080078
0 0.536133 0.041992 0.05957 0.073242
0 0.024414 0.686523 0.044922 0.229492
0 0.06543 0.035156 0.067383 0.067383
0 0.107422 0.234375 0.080078 0.094727
0 0.813477 0.036133 0.050781 0.066406
0 0.594727 0.389648 0.041992 0.040039
