0 0.806641 0.391602 0.103516 0.154297
0 0.748047 0.679688 0.092773 0.125
0 0.958008 0.563477 0.083008 0.123047
0 0.15918 0.933594 0.102539 0.132812
0 0.466797 0.148438 0.089844 0.126953
0 0.829102 0.161133 0.099609 0.123047
0 0.706055 0.588867 0.085938 0.06543
0 0.555664 0.949219 0.091797 0.100586
0 0.664062 0.46582 0.146484 0.172852
0 0.150391 0.292969 0.163086 0.182617
0 0.700195 0.291016 0.12207 0.162109
0 0.4375 0.947266 0.137695 0.102539
0 0.705078 0.97168 0.077148 0.055664
0 0.264648 0.964844 0.105469 0.070312
0 0.319336 0.274414 0.129883 0.199219
0 0.422852 0.470703 0.12207 0.261719
0 0.490234 0.601562 0.126953 0.235352
0 0.583984 0.078125 0.145508 0.147461
0 0.100586 0.069336 0.116211 0.126953
0 0.707031 0.146484 0.085938 0.155273
0 0.634766 0.121094 0.107422 0.171875
0 0.05957 0.430664 0.109375 0.126953
0 0.018555 0.204102 0.038086 0.105469
