0 0.22168 0.570312 0.054688 0.073242
0 0.009766 0.50293 0.020508 0.085938
0 0.694336 0.876953 0.074219 0.080078
0 0.393555 0.329102 0.056641 0.095703
0 0.720703 0.663086 0.077148 0.150391
0 0.216797 0.710938 0.035156 0.106445
0 0.242188 0.794922 0.154297 0.085938
0 0.542969 0.577148 0.048828 0.079102
0 0.800781 0.856445 0.144531 0.053711
0 0.568359 0.797852 0.041992 0.112305
0 0.917969 0.413086 0.072266 0.086914
0 0.308594 0.707031 0.133789 0.105469
0 0.339844 0.442383 0.081055 0.042969
0 0.866211 0.123047 0.09375 0.070312
0 0.582031 0.169922 0.057617 0.069336
0 0.65625 0.895508 0.061523 0.05957
0 0.34668 0.060547 0.174805 0.121094
0 0.106445 0.90625 0.081055 0.038086
0 0.915039 0.789062 0.168945 0.081055
0 0.271484 0.341797 0.079102 0.160156
0 0.452148 0.900391 0.087891 0.076172
0 0.266602 0.115234 0.079102 0.095703
0 0.271484 0.494141 0.237305 0.073242
0 0.208984 0.133789 0.138672 0.076172
0 0.793945 0.337891 0.025391 0.125
0 0.882812 0.980469 0.048828 0.03418
0 0.820312 0.807617 0.155273 0.029297
0 0.545898 0.026367 0.025391 0.053711
0 0.932617 0.047852 0.09668 0.050781
0 0.080078 0.618164 0.052734 0.103516
0 0.393555 0.37207 0.041992 0.077148
0 0.59375 0.875 0.083984 0.041016
0 0.380859 0.634766 0.05957 0.03125
0 0.399414 0.019531 0.075195 0.039062
0 0.325195 0.53418 0.050781 0.068359
0 0.692383 0.536133 0.043945 0.053711
0 0.048828 0.697266 0.049805 0.109375
0 0.15625 0.988281 0.047852 0.023438
0 0.728516 0.493164 0.042969 0.050781
0 0.902246 0.182129 0.078223 0.049902
0 0.711914 0.400391 0.148438 0.078125
0 0.3125 0.231445 0.155273 0.110352
0 0.87207 0.727539 0.052734 0.027344
0 0.503906 0.691406 0.039062 0.061523
0 0.975586 0.670898 0.048828 0.027344
0 0.356445 0.373047 0.092773 0.166992
0 0.568359 0.977539 0.05957 0.035156
0 0.737305 0.014648 0.030273 0.029297
0 0.545898 0.666016 0.063477 0.045898
0 0.80957 0.633789 0.033203 0.189453
0 0.984375 0.342773 0.03125 0.12207
0 0.72168 0.555664 0.055664 0.064453
0 0.801758 0.416992 0.044922 0.067383
0 0.078125 0.439453 0.15625 0.055664
0 0.039062 0.799805 0.073242 0.169922
0 0.97168 0.883789 0.056641 0.064453
0 0.928711 0.464844 0.142578 0.119141
0 0.314453 0.251953 0.082031 0.052734
