0 0.491211 0.703125 0.063477 0.09082
0 0.023438 0.132812 0.047852 0.081055
0 0.810547 0.849609 0.094727 0.075195
0 0.610352 0.524414 0.09375 0.121094
0 0.628906 0.064453 0.060547 0.083008
0 0.220703 0.569336 0.082031 0.131836
0 0.149414 0.208984 0.060547 0.074219
0 0.172852 0.133789 0.064453 0.080078
0 0.439453 0.491211 0.03125 0.091797
0 0.063477 0.652344 0.03125 0.114258
0 0.150391 0.37207 0.037109 0.089844
0 0.477539 0.473633 0.075195 0.085938
0 0.483398 0.939453 0.051758 0.078125
0 0.706055 0.538086 0.117188 0.099609
0 0.848633 0.94043 0.037109 0.114258
0 0.118164 0.53125 0.09375 0.095703
0 0.799805 0.226562 0.041992 0.094727
0 0.549805 0.611328 0.083984 0.083984
0 0.526367 0.424805 0.041992 0.092773
0 0.787109 0.538086 0.039062 0.098633
0 0.913086 0.248047 0.038086 0.119141
0 0.170898 0.479492 0.03418 0.140625
0 0.416992 0.298828 0.094727 0.091797
0 0.960938 0.851562 0.051758 0.06543
0 0.600586 0.15918 0.094727 0.069336
0 0.816406 0.439453 0.024414 0.111328
0 0.719727 0.066406 0.108398 0.117188
0 0.392578 0.966797 0.026367 0.061523
0 0.614258 0.291016 0.041016 0.119141
0 0.958984 0.394531 0.078125 0.05957
0 0.546875 0.805664 0.053711 0.140625
0 0.405273 0.578125 0.055664 0.135742
0 0.092773 0.601562 0.055664 0.101562
0 0.729492 0.488281 0.073242 0.125977
0 0.964844 0.166992 0.027344 0.128906
0 0.966797 0.599609 0.025391 0.082031
0 0.757812 0.1875 0.077148 0.195312
0 0.780273 0.907227 0.025391 0.083008
0 0.604492 0.803711 0.026367 0.058594
0 0.21875 0.310547 0.026367 0.057617
0 0.014648 0.341797 0.02832 0.080078
0 0.453125 0.619141 0.089844 0.043945
0 0.989258 0.546875 0.020508 0.067383
0 0.008789 0.272461 0.018555 0.097656
0 0.851562 0.644531 0.077148 0.09082
0 0.084961 0.980469 0.037109 0.038086
0 0.974609 0.981445 0.046875 0.027344
0 0.788086 0.158203 0.024414 0.074219
0 0.524414 0.317383 0.105469 0.141602
0 0.104492 0.766602 0.037109 0.05957
0 0.615234 0.643555 0.041016 0.048828
0 0.655273 0.951172 0.135742 0.058594
0 0.62207 0.943359 0.06543 0.043945
