0 0.336914 0.639648 0.075195 0.070312
0 0.461914 0.292969 0.064453 0.086914
0 0.290039 0.763672 0.137695 0.200195
0 0.748047 0.498047 0.12793 0.097656
0 0.518555 0.632812 0.06543 0.061523
0 0.621094 0.985352 0.084961 0.02832
0 0.864258 0.892578 0.134766 0.137695
0 0.602539 0.689453 0.067383 0.050781
0 0.099609 0.444336 0.175781 0.084961
0 0.654297 0.635742 0.18457 0.0625
0 0.266602 0.980469 0.069336 0.038086
0 0.479492 0.19043 0.070312 0.118164
0 0.227539 0.070312 0.067383 0.137695
0 0.770508 0.30957 0.072266 0.134766
0 0.212891 0.844727 0.051758 0.054688
0 0.461914 0.484375 0.134766 0.160156
0 0.769531 0.078125 0.109375 0.152344
0 0.96582 0.777344 0.064453 0.073242
0 0.717773 0.791016 0.243164 0.107422
0 0.198242 0.921875 0.162109 0.080078
0 0.924805 0.279297 0.150391 0.139648
0 0.759766 0.670898 0.070312 0.052734
0 0.216797 0.388672 0.075195 0.084961
0 0.630859 0.101562 0.087891 0.06543
0 0.673828 0.381836 0.120117 0.089844
0 0.501953 0.766602 0.160156 0.135742
0 0.301758 0.944336 0.084961 0.064453
0 0.775391 0.574219 0.097656 0.100586
0 0.461914 0.887695 0.125 0.092773
0 0.30957 0.554688 0.095703 0.070312
0 0.914062 0.464844 0.170898 0.089844
0 0.954102 0.413086 0.09082 0.147461
0 0.578125 0.845703 0.0625 0.057617
0 0.260742 0.353516 0.087891 0.0625
0 0.680664 0.046875 0.057617 0.089844
0 0.791016 0.871094 0.0625 0.084961
0 0.492188 0.926758 0.070312 0.070312
0 0.073242 0.511719 0.056641 0.075195
0 0.132812 0.046875 0.141602 0.089844
0 0.938477 0.984375 0.06543 0.030273
0 0.887695 0.045898 0.057617 0.087891
0 0.619141 0.37207 0.075195 0.182617
0 0.848633 0.271484 0.107422 0.135742
0 0.318359 0.030273 0.132812 0.057617
0 0.310547 0.498047 0.117188 0.167969
0 0.839844 0.729492 0.070312 0.095703
0 0.94043 0.095703 0.086914 0.0625
0 0.954102 0.058594 0.055664 0.052734
0 0.516602 0.029297 0.055664 0.054688
0 0.029297 0.354492 0.054688 0.060547
0 0.032227 0.119141 0.060547 0.149414
0 0.043945 0.798828 0.070312 0.112305
0 0.023438 0.073242 0.042969 0.052734
0 0.042969 0.418945 0.083008 0.055664
0 0.833008 0.931641 0.047852 0.05957
