0 0.824219 0.18457 0.084961 0.094727
0 0.326172 0.878906 0.051758 0.092773
0 0.857422 0.762695 0.083984 0.107422
0 0.899414 0.422852 0.074219 0.084961
0 0.458008 0.141602 0.06543 0.114258
0 0.642578 0.549805 0.043945 0.091797
0 0.777344 0.669922 0.051758 0.098633
0 0.178711 0.90625 0.076172 0.069336
0 0.861328 0.356445 0.091797 0.055664
0 0.694336 0.676758 0.087891 0.058594
0 0.112305 0.068359 0.068359 0.09082
0 0.694336 0.897461 0.117188 0.126953
0 0.703125 0.469727 0.083008 0.106445
0 0.62207 0.291016 0.09375 0.142578
0 0.560547 0.745117 0.091797 0.095703
0 0.101562 0.588867 0.067383 0.09668
0 0.242188 0.359375 0.095703 0.085938
0 0.378906 0.558594 0.141602 0.083984
0 0.288086 0.02832 0.073242 0.056641
0 0.798828 0.548828 0.076172 0.089844
0 0.165039 0.361328 0.109375 0.131836
0 0.324219 0.661133 0.077148 0.051758
0 0.033203 0.819336 0.067383 0.077148
0 0.086914 0.129883 0.047852 0.083984
0 0.647461 0.384766 0.073242 0.0625
0 0.145508 0.27832 0.083008 0.05957
0 0.53418 0.149414 0.029297 0.084961
0 0.852539 0.512695 0.069336 0.106445
0 0.473633 0.561523 0.068359 0.092773
0 0.37793 0.360352 0.06543 0.069336
0 0.504883 0.9375 0.043945 0.076172
0 0.12793 0.041016 0.042969 0.072266
0 0.176758 0.966797 0.067383 0.05957
0 0.496094 0.966797 0.068359 0.06543
0 0.555664 0.464844 0.057617 0.052734
0 0.762695 0.054688 0.121094 0.03125
0 0.125 0.961914 0.083984 0.038086
0 0.691406 0.024414 0.058594 0.048828
0 0.661133 0.540039 0.029297 0.086914
0 0.463867 0.263672 0.083984 0.073242
0 0.792969 0.453125 0.041992 0.113281
0 0.787109 0.130859 0.067383 0.035156
0 0.74707 0.448242 0.054688 0.078125
0 0.984375 0.272461 0.030273 0.097656
0 0.078125 0.985352 0.064453 0.027344
0 0.171875 0.458984 0.070312 0.067383
0 0.014648 0.826172 0.02832 0.080078
0 0.618164 0.665039 0.044922 0.051758
0 0.743164 0.891602 0.055664 0.041992
0 0.458008 0.978516 0.043945 0.041992
0 0.508789 0.62207 0.048828 0.0625
0 0.439453 0.955078 0.064453 0.041992
0 0.017578 0.728516 0.036133 0.021484
0 0.760742 0.761719 0.074219 0.048828
0 0.483398 0.4375 0.166992 0.073242
