0 0.685547 0.337891 0.055664 0.106445
0 0.009766 0.121094 0.019531 0.102539
0 0.061523 0.321289 0.109277 0.074023
0 0.177734 0.121094 0.061523 0.09375
0 0.654297 0.772461 0.067383 0.087891
0 0.111328 0.544922 0.072266 0.066406
0 0.797852 0.188477 0.063477 0.067383
0 0.916992 0.510742 0.073242 0.078125
0 0.725586 0.500977 0.098633 0.050781
0 0.201172 0.491211 0.066406 0.077148
0 0.959961 0.895508 0.079102 0.073242
0 0.927734 0.047852 0.043945 0.087891
0 0.774414 0.105469 0.041016 0.099609
0 0.588867 0.416016 0.051758 0.09082
0 0.038086 0.885742 0.077148 0.057617
0 0.008789 0.249023 0.018555 0.071289
0 0.733398 0.961914 0.0625 0.076172
0 0.239258 0.436523 0.069336 0.063477
0 0.043945 0.833984 0.087891 0.038086
0 0.833008 0.447266 0.05957 0.12793
0 0.014648 0.030273 0.030273 0.056641
0 0.866211 0.637695 0.066406 0.048828
0 0.230469 0.838867 0.058594 0.046875
0 0.836914 0.532227 0.048828 0.055664
0 0.036133 0.194336 0.03125 0.067383
0 0.294922 0.257812 0.068359 0.050781
0 0.214844 0.928711 0.083984 0.061523
0 0.97168 0.132812 0.056641 0.066406
0 0.875 0.018555 0.032227 0.037109
0 0.03418 0.926758 0.068359 0.027344
0 0.148438 0.499023 0.063477 0.054688
0 0.171875 0.376953 0.025391 0.094727
0 0.942383 0.225586 0.041992 0.067383
0 0.243164 0.019531 0.040039 0.039062
0 0.212891 0.535156 0.066406 0.041992
0 0.244141 0.390625 0.026367 0.076172
0 0.142578 0.392578 0.069336 0.055664
0 0.260742 0.242188 0.067578 0.133301
0 0.34668 0.449219 0.040039 0.06543
0 0.014648 0.957031 0.029297 0.085938
0 0.578516 0.963477 0.153613 0.07168
0 0.808594 0.783203 0.050781 0.042969
0 0.327148 0.979492 0.077148 0.037109
0 0.707031 0.542969 0.078125 0.047852
0 0.958008 0.632812 0.042969 0.044922
0 0.464844 0.984375 0.037109 0.030273
0 0.419922 0.94043 0.043945 0.032227
0 0.768555 0.895508 0.161133 0.050781
0 0.299805 0.224609 0.046875 0.050781
0 0.311523 0.981445 0.057617 0.036133
0 0.198242 0.44043 0.080078 0.045898
0 0.206055 0.240234 0.037109 0.055664
