0 0.633789 0.098633 0.109375 0.087891
0 0.727539 0.058594 0.058594 0.071289
0 0.620117 0.259766 0.073242 0.138672
0 0.542969 0.430664 0.076172 0.0625
0 0.436523 0.018555 0.050781 0.037109
0 0.469727 0.042969 0.080078 0.06543
0 0.03418 0.331055 0.06543 0.064453
0 0.234375 0.339844 0.083984 0.081055
0 0.105469 0.499023 0.074219 0.061523
0 0.201172 0.493164 0.055664 0.053711
0 0.375977 0.415039 0.112305 0.071289
0 0.171875 0.595703 0.087891 0.063477
0 0.402344 0.5625 0.080078 0.074219
0 0.293945 0.804688 0.076172 0.068359
0 0.178711 0.859375 0.061523 0.053711
0 0.473633 0.87793 0.06543 0.068359
0 0.566406 0.875977 0.072266 0.066406
0 0.670898 0.804688 0.074219 0.0625
0 0.65918 0.896484 0.109375 0.085938
0 0.861328 0.912109 0.054688 0.050781
0 0.967773 0.492188 0.050781 0.049805
0 0.831055 0.552734 0.066406 0.06543
0 0.637695 0.532227 0.067383 0.048828
0 0.650391 0.583984 0.0625 0.05957
0 0.271484 0.443359 0.066406 0.054688
