0 0.077148 0.96582 0.09082 0.06543
0 0.288086 0.986328 0.054688 0.026367
0 0.018555 0.828125 0.037109 0.067383
0 0.095703 0.859375 0.049805 0.061523
0 0.249023 0.77832 0.098633 0.075195
0 0.258789 0.874023 0.124023 0.057617
0 0.205078 0.675781 0.082031 0.0625
0 0.032227 0.668945 0.064453 0.0625
0 0.120117 0.625 0.083984 0.069336
0 0.047852 0.558594 0.09668 0.070312
0 0.005859 0.49707 0.011719 0.051758
0 0.097656 0.423828 0.064453 0.074219
0 0.249023 0.498047 0.053711 0.055664
0 0.321289 0.479492 0.055664 0.045898
0 0.330078 0.566406 0.074219 0.06543
0 0.176758 0.306641 0.060547 0.066406
0 0.098633 0.276367 0.055664 0.06543
0 0.029297 0.18457 0.05957 0.071289
0 0.209961 0.229492 0.054688 0.057617
0 0.300781 0.18457 0.057617 0.060547
0 0.091797 0.113281 0.084961 0.080078
0 0.121094 0.039062 0.071289 0.072266
0 0.019531 0.027344 0.039062 0.054688
0 0.319336 0.035156 0.081055 0.071289
0 0.336914 0.261719 0.058594 0.053711
0 0.318359 0.369141 0.067383 0.069336
0 0.40332 0.351562 0.060547 0.079102
0 0.425781 0.121094 0.173828 0.09668
0 0.413086 0.019531 0.070312 0.040039
0 0.672852 0.033203 0.120117 0.060547
0 0.654297 0.140625 0.111328 0.112305
0 0.869141 0.174805 0.087891 0.104492
0 0.886719 0.087891 0.091797 0.068359
0 0.942383 0.220703 0.070312 0.079102
0 0.811523 0.321289 0.119141 0.113281
0 0.822266 0.422852 0.094727 0.06543
0 0.630859 0.446289 0.118164 0.0625
0 0.522461 0.345703 0.089844 0.061523
0 0.575195 0.269531 0.094727 0.06543
0 0.707031 0.276367 0.055664 0.058594
0 0.506836 0.589844 0.099609 0.073242
0 0.47168 0.665039 0.121094 0.057617
0 0.612305 0.695312 0.064453 0.088867
0 0.771484 0.630859 0.079102 0.071289
0 0.754883 0.732422 0.118164 0.069336
0 0.755859 0.800781 0.12207 0.06543
0 0.394531 0.816406 0.068359 0.088867
0 0.421875 0.889648 0.085938 0.056641
0 0.582031 0.871094 0.106445 0.092773
0 0.675781 0.933594 0.144531 0.083008
0 0.963867 0.923828 0.072266 0.064453
0 0.986328 0.300781 0.026367 0.043945
