0 0.084961 0.077148 0.082031 0.086914
0 0.222656 0.1875 0.078125 0.079102
0 0.290039 0.204102 0.063477 0.061523
0 0.429688 0.167969 0.068359 0.064453
0 0.425781 0.073242 0.061523 0.063477
0 0.483398 0.079102 0.070312 0.057617
0 0.688477 0.144531 0.079102 0.071289
0 0.048828 0.527344 0.077148 0.071289
0 0.206055 0.519531 0.06543 0.055664
0 0.123047 0.577148 0.069336 0.082031
0 0.198242 0.595703 0.107422 0.074219
0 0.112305 0.643555 0.084961 0.069336
0 0.128906 0.723633 0.080078 0.066406
0 0.436523 0.639648 0.071289 0.05957
0 0.472656 0.697266 0.102539 0.066406
0 0.444336 0.78125 0.068359 0.069336
0 0.566406 0.493164 0.089844 0.089844
0 0.595703 0.428711 0.075195 0.123047
0 0.662109 0.438477 0.075195 0.081055
0 0.699219 0.610352 0.095703 0.074219
0 0.896484 0.947266 0.0625 0.076172
0 0.545898 0.982422 0.092773 0.03418
0 0.817383 0.549805 0.067383 0.0625
0 0.891602 0.514648 0.087891 0.058594
0 0.957031 0.5625 0.083984 0.072266
0 0.893555 0.414062 0.085938 0.085938
0 0.799805 0.167969 0.05957 0.057617
0 0.857422 0.05957 0.054688 0.064453
0 0.93457 0.085938 0.066406 0.068359
0 0.895508 0.125 0.068359 0.0625
0 0.194336 0.016602 0.088867 0.03418
0 0.62793 0.014648 0.052734 0.029297
