0 0.02832 0.666992 0.057617 0.091797
0 0.074219 0.816406 0.060547 0.054688
0 0.142578 0.826172 0.074219 0.06543
0 0.126953 0.884766 0.055664 0.054688
0 0.055664 0.886719 0.05957 0.056641
0 0.234375 0.834961 0.110352 0.073242
0 0.362305 0.677734 0.077148 0.082031
0 0.491211 0.838867 0.080078 0.071289
0 0.030273 0.326172 0.060547 0.077148
0 0.044922 0.251953 0.084961 0.072266
0 0.193359 0.353516 0.070312 0.068359
0 0.131836 0.288086 0.06543 0.121094
0 0.201172 0.265625 0.075195 0.073242
0 0.255859 0.219727 0.073242 0.103516
0 0.30957 0.233398 0.071289 0.076172
0 0.379883 0.237305 0.080078 0.083008
0 0.305664 0.142578 0.064453 0.09668
0 0.296875 0.091797 0.066406 0.06543
0 0.173828 0.459961 0.076172 0.073242
0 0.34375 0.461914 0.080078 0.071289
0 0.550781 0.336914 0.078125 0.064453
0 0.820312 0.854492 0.073242 0.092773
0 0.791016 0.946289 0.064453 0.071289
0 0.661133 0.890625 0.085938 0.053711
0 0.660156 0.958008 0.071289 0.058594
0 0.741211 0.794922 0.073242 0.054688
0 0.917969 0.792969 0.061523 0.064453
0 0.644531 0.56543 0.09082 0.075195
0 0.736328 0.467773 0.085938 0.073242
0 0.876953 0.405273 0.103516 0.069336
0 0.975586 0.381836 0.047852 0.074219
0 0.930664 0.355469 0.082031 0.06543
0 0.954102 0.460938 0.066406 0.073242
0 0.978516 0.257812 0.041992 0.071289
0 0.764648 0.289062 0.075195 0.09668
0 0.84082 0.263672 0.070312 0.081055
0 0.837891 0.145508 0.076172 0.086914
0 0.667969 0.207031 0.060547 0.095703
0 0.754883 0.202148 0.086914 0.0625
0 0.930664 0.03125 0.097656 0.056641
0 0.776367 0.163086 0.042969 0.066406
0 0.142578 0.21582 0.088867 0.080078
0 0.867188 0.898438 0.073242 0.078125
0 0.741211 0.854492 0.074219 0.078125
0 0.074219 0.318359 0.061523 0.076172
0 0.727539 0.52832 0.073242 0.066406
0 0.637695 0.181641 0.05957 0.0625
0 0.793945 0.017578 0.088867 0.036133
0 0.869141 0.015625 0.057617 0.032227
