0 0.822266 0.438477 0.118164 0.180664
0 0.573242 0.452148 0.145508 0.154297
0 0.282227 0.175781 0.334961 0.338867
0 0.72168 0.192383 0.137695 0.09668
0 0.492188 0.323242 0.143555 0.09668
0 0.079102 0.171875 0.15918 0.095703
0 0.228516 0.268555 0.202148 0.111328
0 0.512695 0.114258 0.140625 0.229492
0 0.331055 0.902344 0.072266 0.09375
0 0.413086 0.889648 0.12207 0.220703
0 0.869141 0.03125 0.09082 0.063477
0 0.639648 0.862305 0.110352 0.245117
0 0.712891 0.300781 0.143555 0.088867
0 0.042969 0.043945 0.085938 0.087891
0 0.511719 0.931641 0.112305 0.084961
