0 0.981445 0.189453 0.036133 0.09082
0 0.094727 0.603516 0.064453 0.091797
0 0.842773 0.945312 0.078125 0.108398
0 0.092773 0.140625 0.081055 0.089844
0 0.758789 0.171875 0.048828 0.091797
0 0.958984 0.625 0.081055 0.0625
0 0.56543 0.339844 0.069336 0.095703
0 0.979492 0.529297 0.039062 0.06543
0 0.21875 0.03418 0.086914 0.069336
0 0.880859 0.061523 0.12207 0.054688
0 0.6875 0.557617 0.046875 0.086914
0 0.064453 0.461914 0.129883 0.075195
0 0.714844 0.123047 0.041992 0.100586
0 0.982422 0.454102 0.035156 0.054688
0 0.71582 0.417969 0.102539 0.050781
0 0.560547 0.833984 0.114258 0.081055
0 0.580078 0.683594 0.070312 0.050781
0 0.836914 0.344727 0.081055 0.036133
0 0.206055 0.417969 0.152344 0.078125
0 0.03125 0.504883 0.0625 0.09375
0 0.972656 0.03125 0.052734 0.063477
0 0.564453 0.485352 0.084961 0.077148
0 0.436523 0.731445 0.068359 0.098633
0 0.635742 0.06543 0.097656 0.066406
0 0.506836 0.125977 0.097656 0.09668
0 0.813477 0.139648 0.120117 0.101562
0 0.991211 0.37793 0.017578 0.071289
0 0.044922 0.139648 0.060547 0.066406
0 0.901367 0.530273 0.056641 0.074219
0 0.756836 0.828125 0.043945 0.05957
0 0.626953 0.119141 0.044922 0.061523
0 0.550781 0.977539 0.089844 0.044922
0 0.970703 0.368164 0.033203 0.092773
0 0.873047 0.222656 0.037109 0.069336
0 0.038086 0.785156 0.077148 0.048828
0 0.054688 0.946289 0.102539 0.037109
0 0.845703 0.503906 0.048828 0.073242
0 0.503906 0.925781 0.055664 0.045898
0 0.397461 0.319336 0.102539 0.077148
0 0.584961 0.483398 0.066406 0.072266
0 0.55957 0.050781 0.074219 0.101562
0 0.991211 0.146484 0.016602 0.058594
0 0.985352 0.874023 0.02832 0.058594
0 0.69043 0.824219 0.057617 0.042969
0 0.419922 0.5625 0.072266 0.041992
0 0.90332 0.146484 0.047852 0.051758
0 0.341797 0.5625 0.097656 0.046875
0 0.02832 0.902344 0.055664 0.032227
0 0.447266 0.086914 0.037109 0.045898
0 0.574219 0.061523 0.069336 0.123047
0 0.775391 0.40625 0.035156 0.044922
0 0.40918 0.81543 0.079102 0.043945
0 0.066406 0.571289 0.132812 0.038086
0 0.321289 0.581055 0.055664 0.089844
0 0.688477 0.985352 0.03418 0.02832
0 0.496094 0.859375 0.107422 0.067383
0 0.46582 0.560547 0.106445 0.150391
0 0.352539 0.532227 0.137695 0.042969
0 0.922852 0.228516 0.054688 0.063477
0 0.467773 0.814453 0.050781 0.051758
0 0.817383 0.450195 0.060547 0.043945
0 0.407227 0.355469 0.09375 0.070312
0 0.379883 0.736328 0.057617 0.033203
0 0.118164 0.124023 0.063477 0.064453
0 0.279297 0.612305 0.09375 0.056641
0 0.088867 0.271484 0.176758 0.09668
0 0.708008 0.918945 0.045898 0.039062
0 0.598633 0.787109 0.043945 0.041992
0 0.777344 0.555664 0.057617 0.084961
0 0.883789 0.522461 0.172852 0.061523
0 0.806641 0.413086 0.045898 0.035156
