0 0.601562 0.608398 0.085938 0.155273
0 0.662109 0.69043 0.053711 0.058594
0 0.793945 0.68457 0.087891 0.069336
0 0.811523 0.753906 0.075195 0.080078
0 0.811523 0.830078 0.106445 0.073242
0 0.961914 0.942383 0.076172 0.092773
0 0.813477 0.211914 0.085938 0.094727
0 0.945312 0.152344 0.109375 0.075195
0 0.90332 0.033203 0.086914 0.066406
0 0.983398 0.035156 0.030273 0.0625
0 0.671875 0.219727 0.084961 0.099609
0 0.553711 0.290039 0.079102 0.098633
0 0.425781 0.142578 0.066406 0.117188
0 0.112305 0.9375 0.09082 0.067383
0 0.236328 0.114258 0.094727 0.075195
0 0.151367 0.112305 0.069336 0.073242
0 0.070312 0.107422 0.077148 0.113281
0 0.144531 0.265625 0.118164 0.051758
0 0.042969 0.303711 0.075195 0.084961
0 0.232422 0.400391 0.072266 0.074219
0 0.21582 0.337891 0.083984 0.051758
0 0.067383 0.716797 0.073242 0.078125
0 0.311523 0.859375 0.00293 0.001953
0 0.255859 0.786133 0.077148 0.085938
0 0.431641 0.738281 0.112305 0.082031
0 0.210938 0.880859 0.072266 0.064453
0 0.209961 0.931641 0.06543 0.049805
0 0.053711 0.943359 0.067383 0.097656
0 0.714844 0.914062 0.079102 0.091797
0 0.876953 0.94043 0.075195 0.09668
0 0.444336 0.275391 0.081055 0.073242
0 0.561523 0.458984 0.056641 0.051758
0 0.634766 0.703125 0.042969 0.043945
0 0.569336 0.579102 0.037109 0.079102
0 0.561523 0.134766 0.071289 0.071289
