0 0.896484 0.830078 0.086914 0.097656
0 0.887695 0.740234 0.083984 0.089844
0 0.756836 0.680664 0.077148 0.073242
0 0.720703 0.827148 0.070312 0.117188
0 0.665039 0.814453 0.049805 0.098633
0 0.380859 0.72168 0.078125 0.146484
0 0.297852 0.946289 0.117188 0.107422
0 0.211914 0.883789 0.047852 0.083984
0 0.094727 0.759766 0.074219 0.063477
0 0.586914 0.71582 0.078125 0.092773
0 0.674805 0.600586 0.080078 0.06543
0 0.787109 0.587891 0.088867 0.075195
0 0.765625 0.52832 0.056641 0.063477
0 0.678711 0.49707 0.072266 0.089844
0 0.708984 0.222656 0.09668 0.095703
0 0.851562 0.291992 0.082031 0.09375
0 0.910156 0.293945 0.089844 0.110352
0 0.966797 0.068359 0.066406 0.101562
0 0.605469 0.091797 0.064453 0.09082
0 0.526367 0.166016 0.075195 0.107422
0 0.478516 0.302734 0.0625 0.095703
0 0.507812 0.34668 0.109375 0.077148
0 0.451172 0.415039 0.131836 0.066406
0 0.40625 0.486328 0.098633 0.069336
0 0.331055 0.496094 0.117188 0.081055
0 0.069336 0.364258 0.095703 0.079102
0 0.236328 0.245117 0.06543 0.09668
0 0.328125 0.113281 0.15332 0.077148
0 0.347656 0.169922 0.075195 0.081055
0 0.271484 0.030273 0.089844 0.060547
0 0.244141 0.072266 0.103516 0.071289
0 0.05957 0.155273 0.119141 0.069336
0 0.079102 0.475586 0.071289 0.068359
0 0.038086 0.570312 0.077148 0.105469
0 0.905273 0.099609 0.063477 0.0625
0 0.685547 0.34375 0.089844 0.129883
0 0.625977 0.40332 0.054688 0.069336
0 0.332031 0.321289 0.063477 0.066406
0 0.236328 0.369141 0.070312 0.084961
0 0.162109 0.171875 0.082031 0.069336
0 0.842773 0.928711 0.074219 0.070312
0 0.532227 0.378906 0.071289 0.0625
0 0.626953 0.958008 0.102539 0.081055
0 0.834961 0.228516 0.0625 0.071289
0 0.759766 0.436523 0.061523 0.076172
