0 0.938477 0.341797 0.123047 0.084961
0 0.569336 0.310547 0.094727 0.087891
0 0.522461 0.050781 0.102539 0.101562
0 0.599609 0.507812 0.099609 0.073242
0 0.814453 0.18457 0.115234 0.070312
0 0.398438 0.754883 0.082031 0.080078
0 0.676758 0.383789 0.115234 0.06543
0 0.951172 0.202148 0.097656 0.070312
0 0.810547 0.947266 0.137695 0.080078
0 0.606445 0.730469 0.120117 0.072266
0 0.942383 0.670898 0.115234 0.078125
0 0.743164 0.790039 0.147461 0.077148
0 0.498047 0.512695 0.082031 0.073242
0 0.538086 0.919922 0.105469 0.078125
0 0.761719 0.452148 0.125 0.060547
0 0.814453 0.28125 0.134766 0.049805
0 0.704102 0.016602 0.129883 0.03418
0 0.448242 0.613281 0.117188 0.068359
0 0.700195 0.96582 0.102539 0.068359
0 0.569336 0.652344 0.099609 0.080078
0 0.839844 0.033203 0.160156 0.067383
0 0.466797 0.199219 0.05957 0.080078
0 0.384766 0.65625 0.056641 0.054688
0 0.712891 0.551758 0.12207 0.080078
0 0.736328 0.657227 0.139648 0.080078
0 0.855469 0.68457 0.137695 0.080078
0 0.884766 0.601562 0.115234 0.05957
0 0.350586 0.139648 0.087891 0.080078
0 0.876953 0.726562 0.129883 0.06543
0 0.78125 0.02832 0.124023 0.056641
0 0.550781 0.179688 0.087891 0.080078
0 0.775391 0.240234 0.077148 0.047852
0 0.80957 0.552734 0.130859 0.073242
0 0.779297 0.494141 0.150391 0.05957
0 0.817383 0.796875 0.125 0.075195
0 0.499023 0.681641 0.075195 0.06543
0 0.34375 0.976562 0.172852 0.046875
0 0.47168 0.982422 0.075195 0.035156
0 0.577148 0.96875 0.104492 0.05957
