0 0.077148 0.02832 0.068359 0.057617
0 0.142578 0.019531 0.060547 0.039062
0 0.573242 0.026367 0.053711 0.053711
0 0.605469 0.079102 0.071289 0.06543
0 0.665039 0.084961 0.064453 0.058594
0 0.816406 0.077148 0.056641 0.054688
0 0.02832 0.381836 0.051758 0.074219
0 0.19043 0.324219 0.064453 0.075195
0 0.276367 0.333984 0.075195 0.088867
0 0.444336 0.321289 0.066406 0.0625
0 0.366211 0.384766 0.058594 0.069336
0 0.106445 0.50293 0.0625 0.0625
0 0.12207 0.5625 0.080078 0.082031
0 0.029297 0.587891 0.058594 0.083008
0 0.306641 0.500977 0.06543 0.079102
0 0.400391 0.483398 0.0625 0.082031
0 0.362305 0.518555 0.086914 0.116211
0 0.472656 0.519531 0.057617 0.066406
0 0.642578 0.446289 0.050781 0.060547
0 0.557617 0.453125 0.0625 0.050781
0 0.72168 0.410156 0.081055 0.071289
0 0.719727 0.541992 0.094727 0.069336
0 0.711914 0.640625 0.083984 0.056641
0 0.871094 0.375977 0.125 0.109375
0 0.87793 0.509766 0.085938 0.106445
0 0.862305 0.589844 0.066406 0.05957
0 0.938477 0.598633 0.05957 0.070312
0 0.949219 0.755859 0.100586 0.077148
0 0.539062 0.824219 0.077148 0.075195
0 0.645508 0.850586 0.138672 0.081055
0 0.767578 0.839844 0.081055 0.075195
0 0.332031 0.806641 0.066406 0.075195
0 0.271484 0.839844 0.084961 0.061523
0 0.160156 0.803711 0.076172 0.0625
0 0.02832 0.943359 0.051758 0.06543
0 0.435547 0.976562 0.072266 0.045898
0 0.648438 0.976562 0.110352 0.045898
0 0.839844 0.942383 0.064453 0.055664
0 0.459961 0.055664 0.049805 0.036133
0 0.864258 0.990234 0.038086 0.019531
