0 0.542969 0.989258 0.071289 0.021484
0 0.700195 0.992188 0.067383 0.015625
0 0.673828 0.87793 0.074219 0.086914
0 0.581055 0.874023 0.069336 0.082031
0 0.355469 0.912109 0.079102 0.111328
0 0.173828 0.860352 0.086914 0.109375
0 0.423828 0.797852 0.068359 0.079102
0 0.521484 0.661133 0.073242 0.068359
0 0.456055 0.649414 0.05957 0.056641
0 0.250977 0.635742 0.071289 0.078125
0 0.05957 0.607422 0.09082 0.063477
0 0.348633 0.582031 0.097656 0.071289
0 0.455078 0.523438 0.085938 0.083008
0 0.678711 0.523438 0.091797 0.091797
0 0.763672 0.539062 0.076172 0.079102
0 0.876953 0.5 0.101562 0.094727
0 0.942383 0.415039 0.092773 0.106445
0 0.297852 0.635742 0.083008 0.068359
0 0.966797 0.231445 0.066406 0.074219
0 0.792969 0.299805 0.083984 0.0625
0 0.886719 0.295898 0.084961 0.060547
0 0.84375 0.375 0.072266 0.069336
0 0.975586 0.101562 0.047852 0.086914
0 0.764648 0.052734 0.071289 0.09375
0 0.613281 0.341797 0.075195 0.066406
0 0.604492 0.402344 0.05957 0.072266
0 0.515625 0.323242 0.089844 0.069336
0 0.416992 0.320312 0.079102 0.069336
0 0.46875 0.391602 0.06543 0.058594
0 0.229492 0.390625 0.084961 0.106445
0 0.427734 0.113281 0.069336 0.066406
0 0.5625 0.112305 0.072266 0.084961
0 0.567383 0.036133 0.068359 0.072266
0 0.649414 0.011719 0.066406 0.024414
0 0.199219 0.136719 0.074219 0.084961
0 0.867188 0.194336 0.057617 0.072266
0 0.033203 0.307617 0.067383 0.050781
