0 0.600586 0.543945 0.132812 0.139648
0 0.828125 0.844727 0.102539 0.123047
0 0.574219 0.37207 0.080078 0.169922
0 0.932617 0.320312 0.099609 0.109375
0 0.521484 0.140625 0.104492 0.203125
0 0.271484 0.884766 0.165039 0.125
0 0.069336 0.542969 0.134766 0.072266
0 0.486328 0.397461 0.137695 0.129883
0 0.275391 0.681641 0.142578 0.084961
0 0.71582 0.867188 0.068359 0.099609
0 0.307617 0.480469 0.163086 0.107422
0 0.666992 0.920898 0.074219 0.158203
0 0.844727 0.206055 0.205078 0.102539
0 0.956055 0.142578 0.087891 0.146484
0 0.068359 0.394531 0.132812 0.074219
0 0.848633 0.606445 0.152344 0.05957
0 0.573242 0.80957 0.072266 0.330078
0 0.463867 0.255859 0.149414 0.097656
0 0.144531 0.844727 0.080078 0.310547
0 0.951172 0.042969 0.097656 0.083008
0 0.838867 0.689453 0.094727 0.150391
0 0.506836 0.921875 0.06543 0.125
0 0.128906 0.066406 0.194336 0.120117
0 0.882812 0.070312 0.077148 0.086914
0 0.330078 0.581055 0.12793 0.117188
0 0.066406 0.19043 0.129883 0.092773
0 0.371094 0.320312 0.072266 0.176758
0 0.297852 0.082031 0.067383 0.160156
0 0.755859 0.619141 0.072266 0.05957
0 0.140625 0.107422 0.277344 0.089844
0 0.625 0.806641 0.202148 0.120117
0 0.169922 0.014648 0.155273 0.030273
0 0.836914 0.231445 0.092773 0.200195
0 0.69043 0.97168 0.131836 0.055664
0 0.501953 0.037109 0.294922 0.070312
0 0.878906 0.051758 0.229492 0.084961
0 0.414062 0.376953 0.09082 0.144531
0 0.760742 0.232422 0.06543 0.205078
0 0.40625 0.18457 0.0625 0.054688
0 0.599609 0.367188 0.095703 0.080078
0 0.319336 0.644531 0.094727 0.099609
0 0.048828 0.881836 0.094727 0.099609
0 0.053711 0.96582 0.104492 0.066406
0 0.097656 0.842773 0.057617 0.157227
0 0.511719 0.780273 0.084961 0.172852
0 0.608398 0.873047 0.0625 0.052734
0 0.734375 0.334961 0.053711 0.155273
