0 0.69043 0.84375 0.064453 0.080078
0 0.462891 0.198242 0.060547 0.082031
0 0.147461 0.469727 0.079102 0.088867
0 0.453125 0.449219 0.083984 0.109375
0 0.291016 0.716797 0.09082 0.080078
0 0.765625 0.882812 0.047852 0.078125
0 0.482422 0.411133 0.073242 0.077148
0 0.59375 0.714844 0.113281 0.045898
0 0.076172 0.027344 0.064453 0.054688
0 0.101562 0.143555 0.113281 0.079102
0 0.546875 0.52832 0.092773 0.079102
0 0.699219 0.040039 0.083008 0.043945
0 0.400391 0.55957 0.09082 0.067383
0 0.97168 0.248047 0.056641 0.083008
0 0.977539 0.095703 0.044922 0.087891
0 0.763672 0.521484 0.114258 0.054688
0 0.833008 0.265625 0.05957 0.0625
0 0.527344 0.886719 0.087891 0.047852
0 0.375 0.887695 0.100586 0.045898
0 0.46582 0.303711 0.053711 0.067383
0 0.677734 0.165039 0.09082 0.09668
0 0.426758 0.523438 0.083008 0.045898
0 0.314453 0.483398 0.095703 0.064453
0 0.731445 0.548828 0.050781 0.079102
0 0.448242 0.0625 0.133789 0.072266
0 0.256836 0.958984 0.073242 0.039062
0 0.227539 0.532227 0.081055 0.048828
0 0.87793 0.175781 0.104492 0.080078
0 0.757812 0.758789 0.09082 0.070312
0 0.041016 0.412109 0.083008 0.040039
0 0.634766 0.880859 0.060547 0.058594
0 0.774414 0.837891 0.071289 0.069336
0 0.871094 0.829102 0.071289 0.050781
0 0.24707 0.272461 0.118164 0.068359
0 0.597656 0.334961 0.083008 0.039062
0 0.862305 0.223633 0.073242 0.044922
0 0.529297 0.347656 0.108398 0.046875
0 0.263672 0.375977 0.074219 0.040039
0 0.439453 0.832031 0.09375 0.033203
0 0.259766 0.241211 0.108398 0.082031
0 0.15332 0.230469 0.077148 0.043945
0 0.981445 0.03418 0.036133 0.050781
0 0.859375 0.249023 0.068359 0.071289
0 0.361328 0.935547 0.060547 0.042969
0 0.322266 0.333008 0.079102 0.037109
0 0.117188 0.931641 0.076172 0.040039
0 0.616211 0.183594 0.082031 0.050781
0 0.692383 0.678711 0.105469 0.035156
0 0.523438 0.188477 0.058594 0.041016
0 0.12207 0.078125 0.088867 0.036133
0 0.15332 0.87207 0.083984 0.047852
0 0.227539 0.079102 0.109375 0.037109
0 0.125977 0.879883 0.113281 0.044922
0 0.25293 0.026367 0.112305 0.036133
0 0.918945 0.924805 0.100586 0.039062
0 0.19043 0.4375 0.134766 0.083984
0 0.055664 0.953125 0.050781 0.033203
0 0.148438 0.297852 0.130859 0.03125
0 0.100586 0.819336 0.045898 0.042969
0 0.826172 0.62793 0.075195 0.05957
0 0.614258 0.512695 0.049805 0.037109
0 0.724609 0.584961 0.061523 0.038086
0 0.228516 0.43457 0.101562 0.064453
0 0.509766 0.611328 0.074219 0.050781
0 0.055664 0.388672 0.082031 0.03418
0 0.696289 0.486328 0.027344 0.094727
0 0.982422 0.352539 0.03418 0.042969
0 0.194336 0.651367 0.089844 0.040039
0 0.353516 0.959961 0.058594 0.041016
0 0.871094 0.011719 0.038086 0.023438
0 0.34375 0.84375 0.102539 0.042969
0 0.397461 0.245117 0.09668 0.030273
0 0.874023 0.564453 0.0625 0.03125
0 0.082031 0.59375 0.047852 0.041016
0 0.026367 0.679688 0.050781 0.032227
0 0.536133 0.123047 0.063477 0.0625
0 0.694336 0.547852 0.052734 0.041016
0 0.714844 0.708984 0.045898 0.027344
0 0.042969 0.918945 0.086914 0.030273
0 0.576172 0.130859 0.056641 0.091797
0 0.02832 0.357422 0.056641 0.03418
0 0.02832 0.59082 0.057617 0.033203
0 0.249023 0.405273 0.080078 0.030273
0 0.915039 0.625 0.0625 0.05957
0 0.519531 0.641602 0.064453 0.03418
0 0.867188 0.586914 0.069336 0.041992
0 0.633789 0.913086 0.047852 0.042969
0 0.027344 0.117188 0.054688 0.053711
0 0.270508 0.836914 0.09668 0.06543
