0 0.049805 0.572266 0.087891 0.086914
0 0.12793 0.72168 0.125977 0.12207
0 0.756836 0.30957 0.063477 0.046875
0 0.056641 0.416016 0.087891 0.196289
0 0.181641 0.581055 0.087891 0.083984
0 0.263672 0.25 0.200195 0.164062
0 0.064453 0.521484 0.124023 0.104492
0 0.516602 0.101562 0.211914 0.15918
0 0.552734 0.057617 0.239258 0.103516
0 0.055664 0.763672 0.107422 0.133789
0 0.40332 0.313477 0.147461 0.103516
0 0.895508 0.947266 0.087891 0.073242
0 0.34668 0.962891 0.194336 0.073242
0 0.286133 0.555664 0.155273 0.116211
0 0.052734 0.072266 0.106445 0.086914
0 0.638672 0.901367 0.101562 0.086914
0 0.1875 0.907227 0.086914 0.18457
0 0.538086 0.456055 0.197266 0.050781
0 0.706055 0.725586 0.100586 0.044922
0 0.495117 0.624023 0.105469 0.042969
0 0.039062 0.643555 0.069336 0.044922
