0 0.225586 0.107422 0.09375 0.094727
0 0.290039 0.167969 0.115234 0.06543
0 0.173828 0.236328 0.097656 0.05957
0 0.142578 0.359375 0.082031 0.105469
0 0.302734 0.447266 0.22168 0.09668
0 0.53418 0.290039 0.083984 0.123047
0 0.703125 0.261719 0.130859 0.136719
0 0.737305 0.387695 0.211914 0.154297
0 0.87793 0.270508 0.081055 0.150391
0 0.933594 0.167969 0.131836 0.092773
0 0.96875 0.299805 0.061523 0.051758
0 0.989258 0.342773 0.021484 0.064453
0 0.954102 0.416992 0.091797 0.114258
0 0.645508 0.054688 0.15332 0.099609
0 0.075195 0.03418 0.125 0.068359
0 0.928711 0.056641 0.132812 0.114258
0 0.984375 0.699219 0.03125 0.069336
0 0.735352 0.566406 0.145508 0.125
0 0.496094 0.537109 0.071289 0.0625
0 0.416016 0.766602 0.145508 0.151367
0 0.368164 0.852539 0.09668 0.105469
0 0.244141 0.744141 0.145508 0.089844
0 0.571289 0.912109 0.110352 0.168945
0 0.912109 0.775391 0.0625 0.109375
0 0.365234 0.03418 0.086914 0.069336
0 0.391602 0.46875 0.113281 0.125977
0 0.644531 0.061523 0.088867 0.123047
