0 0.099609 0.078125 0.0625 0.073242
0 0.029297 0.166992 0.05957 0.067383
0 0.137695 0.424805 0.086914 0.139648
0 0.157227 0.732422 0.072266 0.068359
0 0.225586 0.96875 0.054688 0.0625
0 0.121094 0.854492 0.055664 0.067383
0 0.075195 0.969727 0.060547 0.060547
0 0.280273 0.53125 0.058594 0.088867
0 0.082031 0.626953 0.084961 0.061523
0 0.383789 0.9375 0.081055 0.066406
0 0.414062 0.90625 0.100586 0.079102
0 0.570312 0.807617 0.097656 0.135742
0 0.625 0.519531 0.087891 0.110352
0 0.958984 0.463867 0.081055 0.098633
0 0.759766 0.954102 0.075195 0.091797
0 0.841797 0.942383 0.075195 0.102539
0 0.835938 0.74707 0.077148 0.089844
0 0.972656 0.950195 0.053711 0.066406
0 0.662109 0.891602 0.045898 0.071289
0 0.607422 0.413086 0.197266 0.05957
0 0.663086 0.349609 0.231445 0.068359
0 0.342773 0.540039 0.044922 0.079102
0 0.879883 0.604492 0.047852 0.091797
0 0.979492 0.640625 0.041016 0.056641
0 0.90332 0.351562 0.075195 0.089844
0 0.34668 0.320312 0.068359 0.03125
0 0.243164 0.282227 0.050781 0.048828
0 0.368164 0.073242 0.078125 0.049805
0 0.978516 0.085938 0.042969 0.095703
0 0.803711 0.839844 0.033203 0.081055
0 0.280273 0.108398 0.03125 0.024414
