0 0.670898 0.521484 0.055664 0.069336
0 0.027344 0.102539 0.054688 0.09668
0 0.050781 0.439453 0.05957 0.068359
0 0.875977 0.150391 0.067383 0.064453
0 0.134766 0.225586 0.061523 0.095703
0 0.634766 0.836914 0.086914 0.09082
0 0.610352 0.363281 0.042969 0.055664
0 0.546875 0.209961 0.054688 0.0625
0 0.486328 0.939453 0.12207 0.083984
0 0.073242 0.149414 0.081055 0.108398
0 0.714844 0.633789 0.074219 0.073242
0 0.291992 0.500977 0.066406 0.084961
0 0.81543 0.219727 0.058594 0.058594
0 0.841797 0.124023 0.100586 0.079102
0 0.379883 0.119141 0.108398 0.068359
0 0.65918 0.359375 0.057617 0.067383
0 0.410156 0.546875 0.130859 0.083984
0 0.69043 0.25293 0.076172 0.066406
0 0.782227 0.599609 0.063477 0.046875
0 0.880859 0.605469 0.09668 0.070312
0 0.916992 0.677734 0.117188 0.073242
0 0.758789 0.71582 0.101562 0.057617
0 0.74707 0.757812 0.094727 0.041016
0 0.628906 0.952148 0.064453 0.095703
0 0.6875 0.974609 0.083008 0.049805
0 0.039062 0.842773 0.0625 0.095703
0 0.050781 0.90918 0.069336 0.0625
0 0.116211 0.982422 0.084961 0.03418
0 0.119141 0.908203 0.05957 0.077148
0 0.18457 0.938477 0.082031 0.105469
0 0.237305 0.865234 0.044922 0.087891
0 0.773438 0.040039 0.092773 0.071289
0 0.788086 0.191406 0.073242 0.067383
