0 0.911133 0.506836 0.120117 0.089844
0 0.646484 0.21582 0.094727 0.068359
0 0.693359 0.570312 0.046875 0.092773
0 0.804688 0.412109 0.070312 0.060547
0 0.665039 0.396484 0.077148 0.084961
0 0.694336 0.93457 0.125 0.070312
0 0.845703 0.664062 0.087891 0.114258
0 0.745117 0.850586 0.083008 0.112305
0 0.836914 0.033203 0.064453 0.067383
0 0.628906 0.783203 0.072266 0.088867
0 0.838867 0.162109 0.075195 0.060547
0 0.807617 0.073242 0.067383 0.052734
0 0.868164 0.134766 0.078125 0.070312
0 0.704102 0.296875 0.069336 0.080078
0 0.665039 0.519531 0.067383 0.095703
0 0.960938 0.514648 0.078125 0.060547
0 0.77832 0.541992 0.042969 0.064453
0 0.791992 0.662109 0.070312 0.080078
0 0.736328 0.796875 0.075195 0.064453
0 0.532227 0.833008 0.070312 0.0625
0 0.844727 0.947266 0.105469 0.089844
0 0.765625 0.936523 0.057617 0.075195
0 0.973633 0.939453 0.052734 0.074219
0 0.93457 0.823242 0.064453 0.082031
0 0.941406 0.679688 0.101562 0.091797
0 0.925781 0.017578 0.0625 0.033203
