0 0.288086 0.361328 0.102539 0.076172
0 0.038086 0.147461 0.077148 0.082031
0 0.90918 0.03418 0.06543 0.068359
0 0.987305 0.432617 0.024414 0.086914
0 0.714844 0.046875 0.0625 0.089844
0 0.663086 0.917969 0.058594 0.083008
0 0.327148 0.68457 0.068359 0.069336
0 0.212891 0.253906 0.09668 0.061523
0 0.147461 0.242188 0.095703 0.055664
0 0.766602 0.108398 0.069336 0.061523
0 0.427734 0.738281 0.072266 0.05957
0 0.195312 0.607422 0.147461 0.05957
0 0.129883 0.734375 0.09668 0.070312
0 0.661133 0.052734 0.092773 0.102539
0 0.394531 0.378906 0.080078 0.103516
0 0.484375 0.3125 0.107422 0.053711
0 0.953125 0.035156 0.051758 0.071289
0 0.938477 0.135742 0.064453 0.067383
0 0.847656 0.075195 0.052734 0.098633
0 0.677734 0.374023 0.060547 0.098633
0 0.847656 0.166016 0.051758 0.069336
0 0.168945 0.046875 0.073242 0.09082
0 0.762695 0.429688 0.085938 0.057617
0 0.828125 0.59375 0.082031 0.045898
0 0.754395 0.518262 0.105176 0.058203
0 0.899414 0.175781 0.077148 0.139648
0 0.056641 0.474609 0.087891 0.046875
0 0.041016 0.579102 0.066406 0.041992
0 0.526367 0.842773 0.051758 0.055664
0 0.413086 0.162109 0.069336 0.067383
0 0.636719 0.249023 0.06543 0.050781
0 0.385742 0.25293 0.055664 0.037109
0 0.96875 0.513672 0.061523 0.067383
0 0.946289 0.448242 0.027344 0.084961
0 0.020508 0.862305 0.041016 0.041992
0 0.436523 0.789062 0.109375 0.048828
0 0.060547 0.826172 0.066406 0.035156
0 0.178711 0.18457 0.128906 0.05957
0 0.5625 0.830078 0.057617 0.056641
0 0.80957 0.070312 0.055664 0.124023
0 0.299805 0.875977 0.12207 0.064453
0 0.274414 0.93457 0.072266 0.02832
0 0.214844 0.49707 0.042969 0.061523
0 0.615234 0.706055 0.043945 0.036133
0 0.423828 0.80957 0.079102 0.040039
0 0.733398 0.30957 0.041016 0.054688
0 0.511719 0.90625 0.071289 0.042969
0 0.022461 0.203125 0.044922 0.044922
0 0.460938 0.986328 0.043945 0.027344
0 0.09375 0.141602 0.053711 0.040039
0 0.988281 0.392578 0.023438 0.084961
0 0.452148 0.523438 0.051758 0.037109
0 0.820312 0.019531 0.047852 0.038086
0 0.738281 0.988281 0.030273 0.023438
0 0.634766 0.359375 0.046875 0.050781
0 0.205078 0.452148 0.06543 0.03418
0 0.486328 0.733398 0.072266 0.040039
0 0.143555 0.868164 0.048828 0.024414
0 0.832031 0.019531 0.041016 0.039062
0 0.129883 0.491211 0.068359 0.044922
0 0.282227 0.554688 0.084961 0.041992
0 0.835938 0.832031 0.077148 0.044922
0 0.785156 0.246094 0.074219 0.051758
0 0.926758 0.495117 0.05957 0.053711
0 0.134766 0.469727 0.075195 0.049805
0 0.155273 0.907227 0.076172 0.052734
0 0.371094 0.90918 0.085938 0.058594
0 0.535156 0.930664 0.055664 0.029297
0 0.273438 0.960938 0.064453 0.02832
