0 0.054688 0.488281 0.075195 0.137695
0 0.630859 0.039062 0.078125 0.079102
0 0.677734 0.160156 0.099609 0.0625
0 0.506836 0.161133 0.051758 0.054688
0 0.363281 0.226562 0.06543 0.063477
0 0.481445 0.282227 0.076172 0.073242
0 0.620117 0.334961 0.115234 0.09668
0 0.911133 0.319336 0.087891 0.069336
0 0.911133 0.197266 0.086914 0.085938
0 0.148438 0.155273 0.075195 0.061523
0 0.220703 0.357422 0.061523 0.058594
0 0.09668 0.338867 0.075195 0.089844
0 0.241211 0.288086 0.102539 0.09375
0 0.142578 0.514648 0.12793 0.061523
0 0.166992 0.433594 0.109375 0.079102
0 0.302734 0.462891 0.069336 0.067383
0 0.473633 0.470703 0.050781 0.052734
0 0.467773 0.529297 0.089844 0.131836
0 0.602539 0.581055 0.071289 0.097656
0 0.767578 0.460938 0.066406 0.083984
0 0.907227 0.511719 0.142578 0.072266
0 0.930664 0.400391 0.101562 0.092773
0 0.210938 0.68457 0.066406 0.121094
0 0.301758 0.711914 0.125 0.148438
0 0.335938 0.786133 0.114258 0.137695
0 0.415039 0.863281 0.080078 0.099609
0 0.461914 0.892578 0.061523 0.105469
0 0.53125 0.829102 0.079102 0.129883
0 0.626953 0.844727 0.079102 0.116211
0 0.770508 0.813477 0.083008 0.094727
0 0.84668 0.96582 0.080078 0.067383
0 0.861328 0.954102 0.083984 0.09082
0 0.96875 0.870117 0.0625 0.103516
0 0.902344 0.881836 0.078125 0.110352
0 0.189453 0.81543 0.109375 0.102539
0 0.022461 0.935547 0.045898 0.110352
0 0.030273 0.827148 0.060547 0.06543
0 0.71875 0.981445 0.086914 0.03418
0 0.844727 0.75293 0.061523 0.068359
0 0.796875 0.584961 0.082031 0.054688
0 0.754883 0.091797 0.058594 0.042969
0 0.441406 0.033203 0.067383 0.066406
0 0.061523 0.300781 0.115234 0.068359
0 0.210938 0.40918 0.101562 0.09375
0 0.173828 0.96875 0.076172 0.056641
0 0.958984 0.514648 0.067383 0.072266
0 0.37207 0.545898 0.084961 0.05957
0 0.048828 0.561523 0.074219 0.051758
0 0.358398 0.944336 0.070312 0.055664
