0 0.03418 0.335938 0.066406 0.067383
0 0.06543 0.526367 0.131836 0.171875
0 0.217773 0.429688 0.079102 0.091797
0 0.224609 0.515625 0.066406 0.064453
0 0.131836 0.709961 0.103516 0.0625
0 0.046875 0.716797 0.047852 0.066406
0 0.027344 0.770508 0.054688 0.083984
0 0.216797 0.789062 0.087891 0.078125
0 0.273438 0.643555 0.166016 0.181641
0 0.255859 0.711914 0.094727 0.082031
0 0.203125 0.910156 0.074219 0.114258
0 0.265625 0.904297 0.060547 0.071289
0 0.325195 0.918945 0.055664 0.080078
0 0.487305 0.918945 0.092773 0.125
0 0.371094 0.908203 0.064453 0.085938
0 0.402344 0.708008 0.078125 0.144531
0 0.617188 0.65625 0.069336 0.092773
0 0.563477 0.865234 0.046875 0.089844
0 0.648438 0.820312 0.047852 0.058594
0 0.648438 0.882812 0.09082 0.097656
0 0.668945 0.960938 0.071289 0.078125
0 0.774414 0.918945 0.106445 0.12207
0 0.762695 0.836914 0.075195 0.081055
0 0.75 0.75 0.068359 0.05957
0 0.797852 0.710938 0.095703 0.057617
0 0.863281 0.893555 0.092773 0.133789
0 0.885742 0.677734 0.227539 0.169922
0 0.959961 0.647461 0.075195 0.084961
0 0.875977 0.551758 0.064453 0.077148
0 0.663086 0.519531 0.063477 0.094727
0 0.768555 0.537109 0.071289 0.091797
0 0.802734 0.455078 0.114258 0.091797
0 0.648438 0.369141 0.085938 0.085938
0 0.961914 0.573242 0.075195 0.064453
0 0.97168 0.416016 0.055664 0.075195
0 0.472656 0.395508 0.055664 0.124023
0 0.436523 0.427734 0.056641 0.144531
0 0.349609 0.402344 0.06543 0.085938
0 0.438477 0.273438 0.067383 0.092773
0 0.579102 0.272461 0.071289 0.053711
0 0.551758 0.399414 0.075195 0.078125
0 0.255859 0.236328 0.105469 0.080078
0 0.529297 0.138672 0.109375 0.068359
0 0.65918 0.205078 0.083984 0.066406
0 0.949219 0.173828 0.076172 0.063477
0 0.974609 0.279297 0.050781 0.067383
0 0.87207 0.02832 0.114258 0.057617
0 0.486328 0.280273 0.054688 0.069336
0 0.985352 0.102539 0.029297 0.066406
