0 0.6875 0.949219 0.131836 0.100586
0 0.474609 0.186523 0.100586 0.125
0 0.642578 0.079102 0.102539 0.155273
0 0.650391 0.797852 0.118164 0.09668
0 0.118164 0.703125 0.099609 0.113281
0 0.894531 0.870117 0.180664 0.126953
0 0.923828 0.250977 0.149414 0.138672
0 0.729492 0.586914 0.150391 0.164062
0 0.90918 0.447266 0.137695 0.079102
0 0.84375 0.494141 0.120117 0.075195
0 0.848633 0.069336 0.128906 0.139648
0 0.945312 0.758789 0.108398 0.110352
0 0.960938 0.646484 0.078125 0.094727
0 0.03125 0.172852 0.063477 0.073242
0 0.583984 0.157227 0.081055 0.080078
0 0.392578 0.040039 0.121094 0.077148
0 0.923828 0.083984 0.139648 0.145508
0 0.557617 0.02832 0.067383 0.052734
0 0.682617 0.556641 0.083008 0.114258
0 0.783203 0.03125 0.095703 0.0625
0 0.72168 0.791016 0.076172 0.087891
0 0.976562 0.427734 0.043945 0.100586
0 0.167969 0.024414 0.073242 0.044922
