0 0.614258 0.141602 0.094727 0.100586
0 0.592773 0.019531 0.077148 0.039062
0 0.966797 0.193359 0.06543 0.097656
0 0.783203 0.791992 0.082031 0.099609
0 0.59668 0.774414 0.100586 0.089844
0 0.698242 0.519531 0.082031 0.074219
0 0.885742 0.460938 0.068359 0.072266
0 0.944336 0.619141 0.099609 0.094727
0 0.801758 0.197266 0.084961 0.089844
0 0.863281 0.113281 0.087891 0.091797
0 0.957031 0.682617 0.085938 0.057617
0 0.663086 0.293945 0.072266 0.075195
0 0.820312 0.369141 0.092773 0.094727
0 0.789062 0.285156 0.069336 0.083008
0 0.696289 0.105469 0.094727 0.077148
0 0.708984 0.191406 0.084961 0.094727
0 0.864258 0.302734 0.05957 0.083008
0 0.9375 0.365234 0.074219 0.110352
0 0.78418 0.439453 0.110352 0.070312
0 0.800781 0.676758 0.078125 0.084961
0 0.819336 0.969727 0.085938 0.056641
0 0.932617 0.96875 0.111328 0.057617
0 0.974609 0.295898 0.047852 0.066406
