0 0.350586 0.666992 0.110352 0.083984
0 0.90625 0.417969 0.081055 0.089844
0 0.850586 0.083008 0.071289 0.107422
0 0.067383 0.538086 0.135742 0.121094
0 0.557617 0.326172 0.143555 0.09375
0 0.709961 0.844727 0.155273 0.064453
0 0.217773 0.452148 0.186523 0.071289
0 0.56543 0.979492 0.172852 0.040039
0 0.783203 0.707031 0.158203 0.110352
0 0.768555 0.291992 0.071289 0.057617
0 0.918945 0.84082 0.145508 0.100586
0 0.398438 0.763672 0.212891 0.09375
0 0.489258 0.148438 0.136719 0.113281
0 0.345703 0.860352 0.212891 0.110352
0 0.521484 0.536133 0.124023 0.166992
0 0.665039 0.224609 0.06543 0.074219
0 0.417969 0.921875 0.206055 0.09375
0 0.595703 0.112305 0.079102 0.072266
0 0.255859 0.927734 0.092773 0.142578
0 0.350586 0.473633 0.119141 0.056641
0 0.675781 0.726562 0.143555 0.155273
0 0.772461 0.665039 0.103516 0.164062
0 0.711914 0.493164 0.072266 0.053711
0 0.728516 0.458984 0.056641 0.094727
0 0.745117 0.375977 0.146484 0.088867
0 0.677734 0.351562 0.102539 0.083984
0 0.69043 0.386719 0.084961 0.115234
