0 0.833984 0.762695 0.094727 0.102539
0 0.825195 0.431641 0.132812 0.079102
0 0.398438 0.123047 0.126953 0.112305
0 0.833984 0.65625 0.109375 0.082031
0 0.694336 0.933594 0.084961 0.066406
0 0.398438 0.344727 0.123047 0.115234
0 0.914062 0.248047 0.139648 0.112305
0 0.713867 0.50293 0.084961 0.086914
0 0.542969 0.952148 0.092773 0.095703
0 0.810547 0.071289 0.089844 0.082031
0 0.952148 0.149414 0.095703 0.140625
0 0.613281 0.310547 0.084961 0.140625
0 0.65332 0.046875 0.082031 0.089844
0 0.040039 0.631836 0.077148 0.144531
0 0.958008 0.84082 0.083008 0.082031
0 0.729492 0.580078 0.074219 0.077148
0 0.081055 0.970703 0.097656 0.057617
0 0.227539 0.975586 0.104492 0.047852
0 0.513672 0.470703 0.066406 0.068359
0 0.154297 0.035156 0.144531 0.067383
0 0.051758 0.875977 0.06543 0.082031
0 0.048828 0.427734 0.084961 0.12793
0 0.775391 0.057617 0.107422 0.112305
0 0.954102 0.269531 0.09082 0.115234
