0 0.149414 0.357422 0.129883 0.112305
0 0.144531 0.023438 0.134766 0.046875
0 0.460938 0.030273 0.080078 0.05957
0 0.332031 0.337891 0.119141 0.083008
0 0.271484 0.850586 0.094727 0.126953
0 0.19043 0.494141 0.086914 0.05957
0 0.182617 0.188477 0.057617 0.072266
0 0.158203 0.833008 0.078125 0.147461
0 0.501953 0.520508 0.089844 0.057617
0 0.196289 0.933594 0.120117 0.084961
0 0.234375 0.751953 0.064453 0.084961
0 0.25293 0.176758 0.077148 0.084961
0 0.390625 0.871094 0.0625 0.0625
0 0.649414 0.576172 0.083008 0.102539
0 0.362305 0.615234 0.234375 0.097656
0 0.791992 0.900391 0.064453 0.067383
0 0.542969 0.150391 0.067383 0.086914
0 0.34375 0.214844 0.075195 0.080078
0 0.905273 0.161133 0.073242 0.052734
0 0.640625 0.921875 0.078125 0.064453
0 0.335938 0.404297 0.072266 0.084961
0 0.729492 0.039062 0.144531 0.079102
0 0.78125 0.464844 0.0625 0.115234
0 0.692383 0.149414 0.089844 0.060547
0 0.921875 0.761719 0.060547 0.049805
0 0.524414 0.324219 0.084961 0.080078
0 0.788086 0.166016 0.072266 0.072266
0 0.564453 0.789062 0.109375 0.09082
0 0.841797 0.243164 0.06543 0.057617
0 0.360352 0.061523 0.057617 0.06543
0 0.708984 0.606445 0.06543 0.06543
0 0.68457 0.371094 0.060547 0.052734
0 0.280273 0.55957 0.073242 0.050781
0 0.587891 0.759766 0.107422 0.070312
0 0.648438 0.189453 0.052734 0.054688
0 0.845703 0.618164 0.052734 0.072266
0 0.831055 0.332031 0.072266 0.140625
0 0.575195 0.913086 0.047852 0.052734
0 0.818359 0.795898 0.052734 0.0625
0 0.972656 0.946289 0.053711 0.077148
0 0.757812 0.211914 0.073242 0.070312
0 0.864258 0.713867 0.054688 0.049805
0 0.634766 0.707031 0.054688 0.039062
0 0.806641 0.390625 0.069336 0.097656
0 0.039062 0.057617 0.078125 0.072266
0 0.066406 0.0625 0.044922 0.082031
0 0.609375 0.087891 0.054688 0.057617
0 0.651367 0.060547 0.06543 0.042969
0 0.586914 0.245117 0.049805 0.057617
0 0.776367 0.144531 0.040039 0.060547
0 0.320312 0.244141 0.12207 0.069336
0 0.386719 0.21582 0.044922 0.037109
0 0.795898 0.610352 0.046875 0.057617
0 0.696289 0.568359 0.040039 0.052734
0 0.496094 0.882812 0.072266 0.047852
0 0.820312 0.979492 0.051758 0.041016
0 0.547852 0.676758 0.051758 0.049805
0 0.618164 0.676758 0.052734 0.035156
0 0.962891 0.974609 0.067383 0.050781
