0 0.973633 0.175781 0.052734 0.126953
0 0.910156 0.261719 0.092773 0.115234
0 0.960938 0.741211 0.078125 0.107422
0 0.842773 0.863281 0.12793 0.142578
0 0.101562 0.163086 0.094727 0.137695
0 0.966797 0.611328 0.06543 0.110352
0 0.765625 0.113281 0.082031 0.107422
0 0.078125 0.836914 0.092773 0.099609
0 0.150391 0.691406 0.097656 0.094727
0 0.154297 0.28418 0.070312 0.100586
0 0.3125 0.421875 0.067383 0.064453
0 0.693359 0.865234 0.072266 0.077148
0 0.317383 0.095703 0.134766 0.102539
0 0.258789 0.887695 0.081055 0.092773
0 0.654297 0.195312 0.070312 0.09668
0 0.818359 0.431641 0.072266 0.110352
0 0.228516 0.193359 0.097656 0.136719
0 0.753906 0.660156 0.092773 0.108398
0 0.060547 0.530273 0.112305 0.118164
0 0.666016 0.37793 0.072266 0.083008
0 0.789062 0.978516 0.06543 0.042969
0 0.704102 0.973633 0.075195 0.052734
0 0.796875 0.359375 0.060547 0.070312
0 0.727539 0.481445 0.057617 0.129883
0 0.770508 0.483398 0.0625 0.126953
0 0.294922 0.942383 0.056641 0.041016
0 0.038086 0.65918 0.077148 0.099609
0 0.798828 0.745117 0.047852 0.036133
0 0.860352 0.730469 0.049805 0.061523
