0 0.816406 0.709961 0.125 0.083008
0 0.504883 0.814453 0.09668 0.051758
0 0.038086 0.364258 0.077148 0.115234
0 0.681641 0.922852 0.155273 0.084961
0 0.060547 0.892578 0.070312 0.099609
0 0.569336 0.644531 0.129883 0.130859
0 0.058594 0.064453 0.057617 0.055664
0 0.085938 0.257812 0.072266 0.057617
0 0.482422 0.964844 0.112305 0.069336
0 0.085938 0.256836 0.078125 0.060547
0 0.03418 0.177734 0.049805 0.086914
0 0.03418 0.540039 0.069336 0.102539
0 0.575195 0.086914 0.092773 0.095703
0 0.652344 0.677734 0.088867 0.06543
0 0.570312 0.032227 0.112305 0.060547
0 0.984375 0.06543 0.030273 0.102539
0 0.029297 0.036133 0.052734 0.0625
