0 0.115234 0.276367 0.125977 0.078125
0 0.174805 0.194336 0.110352 0.086914
0 0.270508 0.129883 0.066406 0.119141
0 0.242188 0.248047 0.076172 0.078125
0 0.06543 0.461914 0.099609 0.103516
0 0.150391 0.388672 0.073242 0.066406
0 0.180664 0.458984 0.069336 0.09375
0 0.041992 0.857422 0.071289 0.073242
0 0.183594 0.908203 0.071289 0.092773
0 0.282227 0.910156 0.068359 0.076172
0 0.349609 0.302734 0.110352 0.081055
0 0.477539 0.321289 0.076172 0.064453
0 0.697266 0.364258 0.085938 0.104492
0 0.639648 0.446289 0.070312 0.071289
0 0.612305 0.488281 0.064453 0.0625
0 0.62207 0.575195 0.083984 0.117188
0 0.727539 0.480469 0.097656 0.087891
0 0.589844 0.789062 0.107422 0.058594
0 0.611328 0.837891 0.15625 0.06543
0 0.543945 0.917969 0.110352 0.101562
0 0.350586 0.943359 0.073242 0.087891
0 0.757812 0.799805 0.056641 0.067383
0 0.854492 0.869141 0.072266 0.071289
0 0.916016 0.84375 0.069336 0.082031
0 0.860352 0.916016 0.148438 0.077148
0 0.768555 0.90625 0.041992 0.071289
0 0.969727 0.976562 0.055664 0.045898
0 0.665039 0.505859 0.0625 0.083008
