0 0.918945 0.362305 0.075195 0.080078
0 0.682617 0.46875 0.083008 0.075195
0 0.828125 0.488281 0.112305 0.087891
0 0.558594 0.266602 0.081055 0.115234
0 0.741211 0.183594 0.082031 0.091797
0 0.78418 0.822266 0.074219 0.073242
0 0.952148 0.806641 0.095703 0.080078
0 0.907227 0.222656 0.120117 0.080078
0 0.767578 0.389648 0.057617 0.089844
0 0.801758 0.272461 0.089844 0.080078
0 0.69043 0.873047 0.072266 0.072266
0 0.832031 0.944336 0.070312 0.064453
0 0.516602 0.529297 0.06543 0.075195
0 0.707031 0.040039 0.074219 0.077148
0 0.829102 0.060547 0.05957 0.087891
0 0.829102 0.09375 0.049805 0.084961
0 0.972656 0.041992 0.052734 0.080078
0 0.959961 0.168945 0.075195 0.064453
0 0.792969 0.341797 0.107422 0.054688
0 0.602539 0.416992 0.033203 0.063477
0 0.5625 0.392578 0.042969 0.055664
0 0.806641 0.546875 0.080078 0.049805
0 0.904297 0.957031 0.05957 0.050781
