0 0.161133 0.186523 0.055664 0.084961
0 0.212891 0.126953 0.054688 0.079102
0 0.239258 0.233398 0.046875 0.06543
0 0.263672 0.151367 0.078125 0.09082
0 0.02832 0.503906 0.057617 0.061523
0 0.142578 0.460938 0.075195 0.056641
0 0.126953 0.529297 0.058594 0.044922
0 0.202148 0.594727 0.063477 0.051758
0 0.138672 0.96875 0.077148 0.0625
0 0.149414 0.867188 0.057617 0.051758
0 0.202148 0.851562 0.054688 0.0625
0 0.125 0.797852 0.113281 0.058594
0 0.040039 0.801758 0.080078 0.057617
0 0.060547 0.864258 0.080078 0.045898
0 0.333008 0.81543 0.083008 0.048828
0 0.186523 0.722656 0.076172 0.053711
0 0.332031 0.649414 0.066406 0.056641
0 0.356445 0.569336 0.073242 0.055664
0 0.442383 0.603516 0.076172 0.083984
0 0.487305 0.5 0.068359 0.058594
0 0.422852 0.300781 0.051758 0.061523
0 0.967773 0.331055 0.0625 0.072266
0 0.350586 0.02832 0.066406 0.056641
0 0.389648 0.085938 0.082031 0.081055
0 0.438477 0.115234 0.077148 0.070312
0 0.466797 0.194336 0.051758 0.05957
0 0.523438 0.166016 0.078125 0.086914
0 0.514648 0.262695 0.083008 0.081055
0 0.619141 0.131836 0.080078 0.058594
0 0.686523 0.070312 0.077148 0.071289
0 0.580078 0.016602 0.063477 0.033203
0 0.951172 0.020508 0.09668 0.041016
0 0.838867 0.109375 0.09668 0.073242
0 0.736328 0.09082 0.071289 0.058594
0 0.740234 0.151367 0.06543 0.06543
0 0.632812 0.270508 0.070312 0.113281
0 0.708984 0.242188 0.056641 0.089844
0 0.765625 0.275391 0.072266 0.083008
0 0.77832 0.193359 0.076172 0.080078
0 0.854492 0.299805 0.104492 0.076172
0 0.664062 0.350586 0.120117 0.055664
0 0.749023 0.355469 0.069336 0.048828
0 0.80957 0.400391 0.094727 0.110352
0 0.746094 0.53125 0.060547 0.073242
0 0.599609 0.541992 0.060547 0.051758
0 0.542969 0.588867 0.067383 0.055664
0 0.542969 0.635742 0.087891 0.058594
0 0.510742 0.694336 0.101562 0.060547
0 0.484375 0.780273 0.066406 0.066406
0 0.436523 0.836914 0.073242 0.056641
0 0.455078 0.882812 0.095703 0.048828
0 0.643555 0.861328 0.076172 0.06543
0 0.736328 0.746094 0.133789 0.0625
0 0.708008 0.698242 0.050781 0.039062
0 0.74707 0.664062 0.071289 0.042969
0 0.887695 0.677734 0.09668 0.071289
0 0.957031 0.636719 0.084961 0.047852
0 0.874023 0.765625 0.081055 0.05957
0 0.96582 0.758789 0.068359 0.06543
0 0.832031 0.849609 0.087891 0.050781
0 0.792969 0.880859 0.078125 0.056641
0 0.793945 0.958984 0.046875 0.050781
0 0.956055 0.836914 0.077148 0.056641
0 0.957031 0.910156 0.060547 0.0625
