0 0.394531 0.351562 0.134766 0.094727
0 0.398438 0.533203 0.097656 0.078125
0 0.834961 0.647461 0.083984 0.064453
0 0.511719 0.483398 0.089844 0.072266
0 0.395508 0.125977 0.087891 0.072266
0 0.334961 0.171875 0.080078 0.075195
0 0.617188 0.069336 0.140625 0.075195
0 0.578125 0.913086 0.117188 0.106445
0 0.59668 0.376953 0.139648 0.109375
0 0.225586 0.869141 0.112305 0.129883
0 0.546875 0.115234 0.105469 0.083008
0 0.394531 0.650391 0.105469 0.118164
0 0.226562 0.748047 0.094727 0.082031
0 0.038086 0.499023 0.072266 0.110352
0 0.895508 0.575195 0.092773 0.077148
0 0.464844 0.847656 0.115234 0.12793
0 0.493164 0.755859 0.140625 0.130859
0 0.411133 0.279297 0.0625 0.044922
0 0.429688 0.896484 0.080078 0.114258
0 0.850586 0.980469 0.236328 0.038086
0 0.866211 0.695312 0.052734 0.054688
