0 0.620117 0.043945 0.055664 0.088867
0 0.540039 0.676758 0.089844 0.09375
0 0.692383 0.644531 0.048828 0.083984
0 0.008789 0.742188 0.018555 0.081055
0 0.599609 0.956055 0.073242 0.086914
0 0.174805 0.311523 0.068359 0.071289
0 0.942383 0.551758 0.035156 0.072266
0 0.116211 0.484375 0.0625 0.070312
0 0.915039 0.103516 0.067383 0.071289
0 0.977539 0.373047 0.03125 0.081055
0 0.535156 0.057617 0.037109 0.114258
0 0.978516 0.969727 0.037109 0.060547
0 0.78125 0.125 0.058594 0.058594
0 0.892578 0.28418 0.043945 0.09375
0 0.228516 0.394531 0.029297 0.091797
0 0.444336 0.603516 0.03125 0.081055
0 0.12793 0.177734 0.063477 0.071289
0 0.148438 0.801758 0.083984 0.039062
0 0.621094 0.395508 0.057617 0.052734
0 0.380859 0.583984 0.064453 0.076172
0 0.014648 0.240234 0.030273 0.052734
0 0.427734 0.821289 0.043945 0.078125
0 0.225586 0.620508 0.044824 0.084375
0 0.692383 0.150391 0.025391 0.064453
0 0.75 0.470703 0.050781 0.081055
0 0.923828 0.429688 0.02832 0.061523
0 0.833008 0.080078 0.042969 0.084961
0 0.400391 0.708008 0.061523 0.039062
0 0.291016 0.469727 0.055664 0.046875
0 0.379883 0.764648 0.05957 0.040039
0 0.024414 0.054688 0.048828 0.068359
0 0.947266 0.612305 0.032227 0.069336
0 0.844727 0.418945 0.057617 0.045898
0 0.070312 0.680664 0.074219 0.036133
0 0.330078 0.024414 0.03125 0.048828
0 0.425781 0.983398 0.038086 0.032227
0 0.205078 0.862305 0.050781 0.03418
0 0.294922 0.725586 0.03418 0.0625
0 0.061523 0.396484 0.044922 0.061523
0 0.836914 0.033203 0.03125 0.067383
0 0.714844 0.421875 0.083008 0.050781
0 0.412109 0.46875 0.075195 0.055664
0 0.075195 0.02832 0.03418 0.056641
0 0.203125 0.709961 0.039062 0.035156
0 0.603516 0.041992 0.038086 0.074219
0 0.239258 0.338867 0.026367 0.068359
0 0.067383 0.09668 0.050781 0.064453
0 0.476562 0.500977 0.045898 0.029297
0 0.605469 0.510742 0.098633 0.047852
0 0.859375 0.792969 0.051758 0.020508
0 0.732422 0.984375 0.041992 0.030273
0 0.834961 0.416992 0.041992 0.037109
0 0.714844 0.729492 0.046875 0.038086
0 0.988281 0.671875 0.023438 0.054688
0 0.787109 0.023438 0.032227 0.047852
0 0.564453 0.269531 0.104492 0.03125
0 0.375977 0.495117 0.035156 0.050781
0 0.413086 0.511719 0.027344 0.042969
0 0.330078 0.786133 0.041016 0.044922
0 0.266602 0.458008 0.039062 0.050781
0 0.71875 0.204102 0.052734 0.06543
0 0.080078 0.875977 0.041992 0.025391
