0 0.427734 0.62207 0.066406 0.073242
0 0.607422 0.032227 0.050781 0.064453
0 0.291992 0.06543 0.078125 0.060547
0 0.158203 0.145508 0.064453 0.09082
0 0.733398 0.482422 0.098633 0.05957
0 0.238281 0.533203 0.043945 0.080078
0 0.020508 0.324219 0.041016 0.053711
0 0.729492 0.96582 0.075195 0.068359
0 0.316406 0.234375 0.109375 0.066406
0 0.822266 0.178711 0.041992 0.073242
0 0.617188 0.484375 0.0625 0.046875
0 0.120117 0.664062 0.119141 0.067383
0 0.819336 0.274414 0.064453 0.109375
0 0.560547 0.148438 0.055664 0.128906
0 0.357422 0.177734 0.027344 0.104492
0 0.461914 0.283203 0.087891 0.083008
0 0.704102 0.424805 0.0625 0.066406
0 0.922852 0.541016 0.074219 0.05957
0 0.955078 0.0625 0.084961 0.100586
0 0.285156 0.019531 0.125 0.027344
0 0.054688 0.271484 0.094727 0.086914
0 0.242188 0.141602 0.030273 0.115234
0 0.419922 0.785156 0.100586 0.045898
0 0.929688 0.582031 0.061523 0.050781
0 0.016602 0.555664 0.033203 0.0625
0 0.694336 0.666992 0.064453 0.053711
0 0.103516 0.882812 0.064453 0.054688
0 0.225586 0.264648 0.108398 0.051758
0 0.125 0.861328 0.067383 0.043945
0 0.969727 0.637695 0.053711 0.024414
0 0.506836 0.875 0.131836 0.0625
0 0.469727 0.094727 0.060547 0.036133
0 0.65625 0.041016 0.060547 0.050781
0 0.174805 0.539062 0.053711 0.046875
0 0.104492 0.144531 0.058594 0.063477
0 0.962891 0.981445 0.069336 0.033203
0 0.026367 0.727539 0.052734 0.039062
0 0.126953 0.068359 0.060547 0.038086
0 0.890625 0.388672 0.110352 0.049805
0 0.478516 0.555664 0.058594 0.066406
0 0.474609 0.421875 0.0625 0.084961
0 0.8125 0.705078 0.086914 0.035156
0 0.009766 0.635742 0.020508 0.029297
0 0.716797 0.029297 0.041992 0.056641
0 0.603516 0.886719 0.027344 0.060547
0 0.725586 0.089844 0.079102 0.045898
0 0.737305 0.611328 0.0625 0.039062
0 0.755859 0.838867 0.041016 0.063477
0 0.768555 0.574219 0.029297 0.06543
0 0.09375 0.981445 0.098633 0.035156
0 0.581055 0.603516 0.051758 0.05957
0 0.227539 0.588867 0.038086 0.037109
0 0.27832 0.900391 0.051758 0.046875
0 0.780273 0.734375 0.055664 0.029297
0 0.655273 0.920898 0.032227 0.037109
0 0.048828 0.592773 0.075195 0.049805
0 0.884766 0.738281 0.042969 0.041992
0 0.770508 0.371094 0.067383 0.058594
0 0.859375 0.40918 0.076172 0.066406
0 0.53418 0.295898 0.049805 0.055664
0 0.894531 0.244141 0.086914 0.05957
0 0.326172 0.717773 0.049805 0.038086
0 0.193359 0.033203 0.051758 0.055664
0 0.956055 0.819336 0.048828 0.046875
0 0.535156 0.514648 0.058594 0.056641
