0 0.980469 0.362305 0.038086 0.066406
0 0.961914 0.49707 0.050781 0.09668
0 0.836914 0.657227 0.119141 0.072266
0 0.931641 0.868164 0.121094 0.09375
0 0.898438 0.924805 0.058594 0.113281
0 0.732422 0.672852 0.088867 0.061523
0 0.395508 0.618164 0.123047 0.064453
0 0.487305 0.691406 0.120117 0.06543
0 0.625 0.887695 0.063477 0.105469
0 0.777344 0.96875 0.085938 0.061523
0 0.397461 0.896484 0.079102 0.138672
0 0.551758 0.980469 0.075195 0.038086
0 0.526367 0.822266 0.09082 0.09668
0 0.447266 0.774414 0.099609 0.069336
0 0.27832 0.759766 0.075195 0.098633
0 0.269531 0.887695 0.087891 0.125977
0 0.165039 0.889648 0.078125 0.087891
0 0.046875 0.780273 0.073242 0.057617
0 0.058594 0.833984 0.083008 0.057617
0 0.124023 0.604492 0.087891 0.050781
0 0.210938 0.600586 0.111328 0.073242
0 0.245117 0.480469 0.071289 0.129883
0 0.286133 0.393555 0.107422 0.085938
0 0.40332 0.431641 0.131836 0.053711
0 0.444336 0.494141 0.074219 0.083008
0 0.552734 0.481445 0.105469 0.115234
0 0.615234 0.427734 0.079102 0.076172
0 0.808594 0.428711 0.076172 0.089844
0 0.749023 0.322266 0.106445 0.083984
0 0.630859 0.329102 0.080078 0.083984
0 0.6875 0.232422 0.070312 0.057617
0 0.723633 0.103516 0.121094 0.0625
0 0.876953 0.125 0.060547 0.071289
0 0.827148 0.208984 0.081055 0.060547
0 0.924805 0.216797 0.070312 0.061523
0 0.19043 0.075195 0.077148 0.108398
0 0.322266 0.020508 0.063477 0.041992
0 0.490234 0.012695 0.098633 0.026367
0 0.5 0.094727 0.074219 0.110352
0 0.595703 0.033203 0.088867 0.055664
0 0.53125 0.176758 0.088867 0.073242
0 0.036133 0.133789 0.073242 0.088867
0 0.15625 0.304688 0.072266 0.073242
0 0.076172 0.399414 0.05957 0.078125
0 0.132812 0.40625 0.084961 0.060547
0 0.162109 0.478516 0.054688 0.069336
0 0.918945 0.323242 0.06543 0.068359
0 0.379883 0.222656 0.042969 0.058594
0 0.710938 0.325195 0.046875 0.044922
