0 0.686523 0.954102 0.066406 0.080078
0 0.733398 0.682617 0.073242 0.0625
0 0.824219 0.118164 0.074219 0.099609
0 0.785156 0.820312 0.048828 0.041016
0 0.802734 0.946289 0.078125 0.094727
0 0.537109 0.665039 0.073242 0.086914
0 0.428711 0.347656 0.087891 0.06543
0 0.714844 0.599609 0.078125 0.052734
0 0.759766 0.759766 0.092773 0.050781
0 0.669922 0.149414 0.076172 0.099609
0 0.509766 0.917969 0.047852 0.089844
0 0.155273 0.621094 0.087891 0.086914
0 0.158203 0.334961 0.123047 0.131836
0 0.858398 0.267578 0.071289 0.064453
0 0.8125 0.323242 0.097656 0.054688
0 0.046875 0.259766 0.091797 0.101562
0 0.225586 0.514648 0.116211 0.094727
0 0.101562 0.341797 0.066406 0.054688
0 0.268555 0.289062 0.092773 0.108398
0 0.519531 0.217773 0.145508 0.077148
0 0.542969 0.112305 0.074219 0.047852
0 0.897461 0.817383 0.0625 0.060547
0 0.314453 0.213867 0.102539 0.130859
0 0.313477 0.75 0.092773 0.051758
0 0.803711 0.375 0.051758 0.075195
0 0.244141 0.15332 0.142578 0.080078
0 0.651367 0.794922 0.057617 0.053711
0 0.607422 0.637695 0.039062 0.077148
0 0.770508 0.401367 0.041992 0.051758
0 0.366211 0.212891 0.086914 0.106445
0 0.113281 0.75 0.105469 0.040039
0 0.355469 0.121094 0.05957 0.056641
0 0.566406 0.620117 0.055664 0.038086
0 0.62793 0.366211 0.058594 0.060547
0 0.512695 0.027344 0.056641 0.055664
0 0.723633 0.083984 0.058594 0.043945
0 0.43457 0.730469 0.073242 0.037109
0 0.379883 0.169922 0.106445 0.094727
0 0.956055 0.955078 0.085938 0.039062
0 0.572266 0.570312 0.107422 0.042969
0 0.064453 0.655273 0.099609 0.03125
0 0.913086 0.376953 0.036133 0.075195
0 0.016602 0.265625 0.033203 0.038086
0 0.378906 0.670898 0.147461 0.061523
0 0.19043 0.700195 0.15332 0.082031
0 0.873047 0.019531 0.05957 0.039062
0 0.96875 0.988281 0.051758 0.023438
0 0.835938 0.423828 0.052734 0.041016
0 0.039062 0.623047 0.078125 0.029297
0 0.760742 0.006836 0.09082 0.014648
0 0.52832 0.027344 0.045898 0.055664
0 0.020508 0.982422 0.039062 0.030273
0 0.017578 0.859375 0.035156 0.064453
0 0.685547 0.991211 0.045898 0.016602
0 0.019531 0.927734 0.037109 0.046875
0 0.731445 0.348633 0.051758 0.049805
0 0.439453 0.746094 0.072266 0.037109
0 0.65625 0.657227 0.05957 0.038086
0 0.986328 0.59375 0.026367 0.039062
0 0.973633 0.796875 0.051758 0.039062
0 0.955078 0.625977 0.088867 0.088867
0 0.87793 0.614258 0.092773 0.058594
0 0.835938 0.615234 0.094727 0.070312
0 0.524414 0.739258 0.071289 0.052734
