0 0.948242 0.333984 0.071289 0.071289
0 0.87793 0.587891 0.078125 0.081055
0 0.536133 0.516602 0.050781 0.071289
0 0.494141 0.62793 0.068359 0.061523
0 0.414062 0.542969 0.131836 0.083008
0 0.416992 0.086914 0.111328 0.167969
0 0.557617 0.201172 0.123047 0.101562
0 0.206055 0.763672 0.163086 0.080078
0 0.629883 0.349609 0.100586 0.170898
0 0.061523 0.758789 0.123047 0.111328
0 0.446289 0.356445 0.085938 0.087891
0 0.337891 0.330078 0.101562 0.110352
0 0.341797 0.394531 0.148438 0.106445
0 0.433594 0.451172 0.02832 0.055664
