0 0.90918 0.798828 0.145508 0.049805
0 0.623047 0.619141 0.107422 0.069336
0 0.470703 0.782227 0.123047 0.060547
0 0.71875 0.945312 0.161133 0.070312
0 0.31543 0.887695 0.072266 0.091797
0 0.429688 0.723633 0.125 0.0625
0 0.658203 0.867188 0.078125 0.070312
0 0.600586 0.762695 0.097656 0.073242
0 0.125977 0.96875 0.087891 0.0625
0 0.051758 0.956055 0.09668 0.0625
0 0.623047 0.384766 0.137695 0.054688
0 0.775391 0.493164 0.089844 0.052734
0 0.769531 0.924805 0.140625 0.063477
0 0.94043 0.884766 0.118164 0.054688
0 0.642578 0.982422 0.049805 0.035156
