0 0.525391 0.114258 0.137695 0.120117
0 0.438477 0.25 0.152344 0.092773
0 0.513672 0.944336 0.142578 0.064453
0 0.332031 0.494141 0.095703 0.084961
0 0.455078 0.606445 0.077148 0.114258
0 0.479492 0.725586 0.099609 0.0625
0 0.0625 0.266602 0.125 0.084961
0 0.90918 0.930664 0.149414 0.126953
0 0.790039 0.609375 0.25293 0.084961
0 0.168945 0.104492 0.094727 0.105469
0 0.489258 0.44043 0.19043 0.166992
0 0.106445 0.461914 0.070312 0.071289
0 0.09082 0.708984 0.089844 0.056641
0 0.551758 0.802734 0.129883 0.077148
0 0.216797 0.894531 0.110352 0.067383
0 0.760742 0.274414 0.171875 0.105469
0 0.763672 0.842773 0.142578 0.057617
0 0.387695 0.554688 0.077148 0.060547
0 0.626953 0.345703 0.169922 0.072266
0 0.654297 0.748047 0.120117 0.077148
0 0.033203 0.677734 0.067383 0.083008
0 0.323242 0.583008 0.102539 0.067383
0 0.825195 0.753906 0.157227 0.05957
0 0.830078 0.212891 0.092773 0.0625
0 0.730469 0.792969 0.157227 0.067383
0 0.560547 0.824219 0.102539 0.089844
0 0.503906 0.492188 0.129883 0.105469
0 0.295898 0.322266 0.097656 0.112305
0 0.451172 0.038086 0.097656 0.072266
