0 0.484375 0.069336 0.054688 0.113281
0 0.257812 0.043945 0.067383 0.088867
0 0.061523 0.551758 0.124023 0.072266
0 0.03125 0.442383 0.0625 0.103516
0 0.150391 0.879883 0.101562 0.109375
0 0.339844 0.492188 0.076172 0.091797
0 0.755859 0.864258 0.067383 0.067383
0 0.834961 0.069336 0.054688 0.099609
0 0.689453 0.336914 0.083984 0.051758
0 0.09082 0.279297 0.064453 0.077148
0 0.729492 0.19043 0.061523 0.075195
0 0.379883 0.685547 0.068359 0.068359
0 0.916992 0.428711 0.044922 0.087891
0 0.351562 0.046875 0.071289 0.092773
0 0.522461 0.750977 0.072266 0.053711
0 0.532227 0.027344 0.039062 0.055664
0 0.079102 0.076172 0.072266 0.071289
0 0.964844 0.482422 0.057617 0.079102
0 0.870117 0.391602 0.05957 0.101562
0 0.083984 0.147461 0.078125 0.05957
0 0.604492 0.362305 0.047852 0.111328
0 0.811523 0.842773 0.071289 0.052734
0 0.551758 0.085938 0.050781 0.083008
0 0.574219 0.200195 0.044922 0.063477
0 0.538086 0.477539 0.03125 0.085938
0 0.462891 0.176758 0.09082 0.085938
0 0.143555 0.380859 0.058594 0.12793
0 0.325195 0.65625 0.057617 0.082031
0 0.837891 0.753906 0.050781 0.077148
0 0.495117 0.506836 0.055664 0.066406
0 0.962891 0.288086 0.070312 0.149414
0 0.832031 0.418945 0.051758 0.084961
0 0.984375 0.670898 0.030273 0.091797
0 0.383789 0.449219 0.050781 0.079102
0 0.038086 0.048828 0.051758 0.073242
0 0.555664 0.392578 0.087891 0.112305
0 0.588867 0.753906 0.050781 0.083008
0 0.404297 0.802734 0.053711 0.077148
0 0.970703 0.175781 0.051758 0.049805
0 0.393555 0.12207 0.0625 0.050781
0 0.504883 0.936523 0.064453 0.032227
0 0.148438 0.405273 0.09375 0.099609
0 0.027344 0.854492 0.055664 0.03418
0 0.605469 0.410156 0.055664 0.080078
0 0.464551 0.75332 0.07666 0.061035
0 0.703125 0.723633 0.09082 0.092773
0 0.0625 0.802734 0.057617 0.049805
0 0.78125 0.711914 0.040039 0.058594
0 0.146484 0.300781 0.037109 0.040039
0 0.305664 0.022461 0.03125 0.044922
0 0.193359 0.181641 0.05957 0.045898
0 0.568359 0.831055 0.085938 0.039062
0 0.821289 0.347656 0.057617 0.06543
0 0.356445 0.753906 0.046875 0.043945
0 0.880859 0.782227 0.050781 0.049805
0 0.637695 0.900391 0.063477 0.051758
0 0.334961 0.962891 0.102539 0.074219
0 0.225586 0.188477 0.076172 0.074219
0 0.229492 0.170898 0.107422 0.109375
