0 0.014648 0.163086 0.030273 0.084961
0 0.129883 0.128906 0.055664 0.05957
0 0.208984 0.133789 0.055664 0.049805
0 0.088867 0.188477 0.05957 0.077148
0 0.137695 0.342773 0.064453 0.092773
0 0.051758 0.365234 0.088867 0.063477
0 0.058594 0.296875 0.06543 0.06543
0 0.251953 0.314453 0.098633 0.099609
0 0.365234 0.356445 0.056641 0.066406
0 0.288086 0.395508 0.071289 0.054688
0 0.043945 0.43457 0.087891 0.075195
0 0.010742 0.510742 0.022461 0.074219
0 0.011719 0.708984 0.024414 0.0625
0 0.017578 0.670898 0.035156 0.049805
0 0.354492 0.723633 0.069336 0.072266
0 0.211914 0.827148 0.114258 0.081055
0 0.360352 0.168945 0.078125 0.066406
0 0.275391 0.019531 0.067383 0.039062
0 0.396484 0.232422 0.072266 0.074219
0 0.03125 0.988281 0.063477 0.023438
0 0.195312 0.974609 0.117188 0.049805
0 0.018555 0.9375 0.038086 0.124023
0 0.560547 0.979492 0.068359 0.040039
0 0.632812 0.959961 0.052734 0.044922
0 0.711914 0.956055 0.058594 0.061523
0 0.981445 0.875 0.036133 0.057617
0 0.614258 0.851562 0.064453 0.052734
0 0.551758 0.583984 0.074219 0.092773
0 0.704102 0.421875 0.055664 0.054688
0 0.939453 0.379883 0.051758 0.050781
0 0.97168 0.176758 0.055664 0.145508
0 0.432617 0.333984 0.072266 0.051758
0 0.400391 0.106445 0.075195 0.049805
