0 0.9375 0.570312 0.09668 0.15625
0 0.232422 0.609375 0.137695 0.126953
0 0.918945 0.237305 0.104492 0.147461
0 0.806641 0.216797 0.107422 0.139648
0 0.276367 0.476562 0.131836 0.110352
0 0.615234 0.307617 0.103516 0.103516
0 0.261719 0.085938 0.106445 0.12793
0 0.899414 0.101562 0.083008 0.110352
0 0.147461 0.511719 0.098633 0.114258
0 0.833984 0.569336 0.110352 0.110352
0 0.345703 0.794922 0.12207 0.083984
0 0.665039 0.419922 0.091797 0.076172
0 0.793945 0.483398 0.074219 0.070312
0 0.857422 0.489258 0.080078 0.099609
0 0.045898 0.05957 0.087891 0.115234
0 0.167969 0.417969 0.095703 0.074219
0 0.035156 0.177734 0.057617 0.071289
0 0.227539 0.050781 0.081055 0.091797
0 0.951172 0.97168 0.083984 0.051758
0 0.938477 0.056641 0.098633 0.104492
