0 0.178711 0.038086 0.082031 0.076172
0 0.275391 0.181641 0.058594 0.056641
0 0.355469 0.258789 0.067383 0.061523
0 0.307617 0.337891 0.09668 0.126953
0 0.261719 0.481445 0.076172 0.072266
0 0.06543 0.526367 0.128906 0.060547
0 0.164062 0.625 0.092773 0.100586
0 0.044922 0.666992 0.09082 0.076172
0 0.091797 0.827148 0.056641 0.088867
0 0.177734 0.830078 0.060547 0.051758
0 0.240234 0.775391 0.046875 0.052734
0 0.31543 0.560547 0.050781 0.053711
0 0.418945 0.510742 0.091797 0.085938
0 0.432617 0.615234 0.089844 0.060547
0 0.37793 0.583984 0.09082 0.053711
0 0.532227 0.655273 0.06543 0.060547
0 0.40332 0.915039 0.067383 0.0625
0 0.495117 0.923828 0.079102 0.056641
0 0.206055 0.979492 0.103516 0.040039
0 0.679688 0.706055 0.083008 0.061523
0 0.609375 0.583008 0.071289 0.128906
0 0.661133 0.59375 0.0625 0.085938
0 0.794922 0.524414 0.083008 0.103516
0 0.783203 0.676758 0.06543 0.069336
0 0.857422 0.525391 0.069336 0.058594
0 0.922852 0.557617 0.083984 0.089844
0 0.712891 0.321289 0.164062 0.114258
0 0.614258 0.200195 0.109375 0.101562
0 0.589844 0.12793 0.094727 0.064453
0 0.783203 0.206055 0.06543 0.15332
0 0.686523 0.100586 0.144531 0.170898
0 0.52832 0.03418 0.050781 0.068359
0 0.582031 0.039062 0.06543 0.079102
0 0.474609 0.080078 0.052734 0.05957
0 0.964844 0.371094 0.069336 0.125
0 0.980469 0.824219 0.039062 0.056641
0 0.899414 0.966797 0.089844 0.06543
0 0.077148 0.223633 0.108398 0.052734
0 0.012695 0.03125 0.026367 0.0625
0 0.308594 0.015625 0.086914 0.03125
0 0.014648 0.560547 0.027344 0.039062
0 0.275391 0.760742 0.039062 0.039062
0 0.076172 0.564453 0.066406 0.044922
0 0.40918 0.749023 0.070312 0.083984
