0 0.494141 0.110352 0.108398 0.084961
0 0.816406 0.888672 0.06543 0.069336
0 0.694336 0.786133 0.09375 0.094727
0 0.517578 0.884766 0.094727 0.063477
0 0.77832 0.499023 0.108398 0.075195
0 0.803711 0.948242 0.073242 0.077148
0 0.802734 0.792969 0.094727 0.067383
0 0.677734 0.391602 0.12793 0.061523
0 0.875977 0.511719 0.146484 0.103516
0 0.055664 0.233398 0.112305 0.138672
0 0.645508 0.34082 0.113281 0.079102
0 0.953125 0.074219 0.09375 0.116211
0 0.890625 0.863281 0.083984 0.094727
0 0.439453 0.797852 0.174805 0.099609
0 0.610352 0.597656 0.22168 0.120117
0 0.498047 0.974609 0.121094 0.049805
0 0.702148 0.150391 0.164062 0.106445
0 0.547852 0.624023 0.075195 0.101562
0 0.539062 0.243164 0.140625 0.081055
0 0.581055 0.205078 0.113281 0.095703
0 0.646484 0.264648 0.115234 0.073242
