0 0.025391 0.210938 0.050781 0.110352
0 0.09375 0.375977 0.098633 0.060547
0 0.037109 0.520508 0.055664 0.077148
0 0.274414 0.501953 0.109375 0.076172
0 0.439453 0.474609 0.092773 0.072266
0 0.466797 0.408203 0.064453 0.05957
0 0.53418 0.376953 0.071289 0.091797
0 0.674805 0.431641 0.063477 0.064453
0 0.623047 0.462891 0.09668 0.071289
0 0.523438 0.505859 0.094727 0.066406
0 0.495117 0.567383 0.101562 0.064453
0 0.826172 0.511719 0.085938 0.064453
0 0.834961 0.424805 0.069336 0.092773
0 0.878906 0.395508 0.052734 0.082031
0 0.895508 0.30957 0.051758 0.055664
0 0.939453 0.40918 0.071289 0.079102
0 0.895508 0.463867 0.056641 0.077148
0 0.944336 0.782227 0.079102 0.076172
0 0.789062 0.768555 0.076172 0.071289
0 0.881836 0.875 0.071289 0.082031
0 0.833984 0.910156 0.069336 0.077148
0 0.775391 0.918945 0.056641 0.06543
0 0.658203 0.930664 0.066406 0.074219
0 0.589844 0.916016 0.058594 0.0625
0 0.572266 0.981445 0.066406 0.037109
0 0.300781 0.951172 0.067383 0.057617
0 0.260742 0.868164 0.056641 0.057617
0 0.188574 0.805469 0.058496 0.050488
0 0.054688 0.819336 0.068359 0.048828
0 0.085938 0.890625 0.087891 0.068359
0 0.045898 0.953125 0.09082 0.09375
0 0.943359 0.486328 0.078125 0.069336
0 0.018555 0.380859 0.037109 0.050781
0 0.021484 0.452148 0.042969 0.063477
0 0.573242 0.446289 0.055664 0.064453
