0 0.34375 0.542969 0.042969 0.09082
0 0.130859 0.567383 0.074219 0.077148
0 0.629883 0.395508 0.061523 0.082031
0 0.305664 0.736328 0.111328 0.09668
0 0.347656 0.102539 0.082031 0.091797
0 0.55957 0.037109 0.101562 0.075195
0 0.93457 0.413086 0.076172 0.09668
0 0.072266 0.695312 0.053711 0.066406
0 0.152344 0.44043 0.070312 0.068359
0 0.211914 0.066406 0.043945 0.09668
0 0.431641 0.120117 0.052734 0.085938
0 0.649414 0.119141 0.043945 0.083984
0 0.768555 0.474609 0.042969 0.081055
0 0.336914 0.189453 0.037109 0.077148
0 0.647461 0.28125 0.040039 0.0625
0 0.049805 0.37793 0.099609 0.120117
0 0.390625 0.508789 0.089844 0.043945
0 0.694336 0.75 0.044922 0.073242
0 0.791016 0.695312 0.083984 0.058594
0 0.083984 0.048828 0.116211 0.089844
0 0.368164 0.036133 0.044922 0.073242
0 0.418945 0.844727 0.046875 0.073242
0 0.379883 0.702148 0.049805 0.074219
0 0.250977 0.456055 0.03418 0.069336
0 0.173828 0.828125 0.0625 0.073242
0 0.821289 0.052734 0.066406 0.106445
0 0.25293 0.785156 0.060547 0.06543
0 0.826172 0.499023 0.055664 0.076172
0 0.841797 0.097656 0.055664 0.094727
0 0.628906 0.722656 0.086914 0.098633
0 0.161133 0.029297 0.049805 0.058594
0 0.089844 0.095703 0.075195 0.075195
0 0.756836 0.270508 0.042969 0.092773
0 0.728516 0.163086 0.0625 0.0625
0 0.536133 0.625 0.097656 0.048828
0 0.911133 0.963867 0.038086 0.072266
0 0.03418 0.085938 0.068359 0.101562
0 0.149414 0.650391 0.052734 0.049805
0 0.375 0.927734 0.045898 0.066406
0 0.974609 0.413086 0.049805 0.05957
0 0.949023 0.85957 0.065625 0.04375
0 0.192383 0.504883 0.111328 0.047852
0 0.924805 0.755859 0.037109 0.0625
0 0.283203 0.984375 0.055664 0.030273
0 0.508789 0.919922 0.055664 0.09082
0 0.337891 0.045898 0.066406 0.072266
0 0.501953 0.974609 0.038086 0.050781
0 0.509766 0.579102 0.077148 0.051758
0 0.445312 0.71582 0.069336 0.130859
0 0.083984 0.916992 0.058594 0.03418
0 0.981445 0.067383 0.036133 0.051758
0 0.980469 0.255859 0.039062 0.041016
0 0.244141 0.34668 0.081055 0.09375
0 0.016602 0.408203 0.033203 0.111328
0 0.208008 0.492188 0.043945 0.092773
0 0.370117 0.870117 0.070312 0.056641
0 0.522461 0.796875 0.054688 0.051758
0 0.493164 0.84082 0.042969 0.071289
