0 0.396484 0.011719 0.067383 0.024414
0 0.461914 0.021484 0.119141 0.043945
0 0.712891 0.023438 0.091797 0.046875
0 0.816406 0.012695 0.100586 0.026367
0 0.994141 0.02832 0.011719 0.057617
0 0.769531 0.072266 0.09082 0.089844
0 0.708008 0.111328 0.057617 0.126953
0 0.494141 0.070312 0.128906 0.066406
0 0.027344 0.089844 0.054688 0.066406
0 0.25293 0.279297 0.109375 0.056641
0 0.554688 0.177734 0.108398 0.129883
0 0.629883 0.246094 0.064453 0.102539
0 0.6875 0.30957 0.071289 0.06543
0 0.392578 0.484375 0.055664 0.047852
0 0.256836 0.541016 0.102539 0.060547
0 0.069336 0.494141 0.138672 0.063477
0 0.083008 0.40918 0.073242 0.069336
0 0.110352 0.564453 0.135742 0.108398
0 0.018555 0.619141 0.037109 0.039062
0 0.130859 0.714844 0.120117 0.046875
0 0.026367 0.713867 0.053711 0.109375
0 0.334961 0.699219 0.082031 0.0625
0 0.378906 0.630859 0.132812 0.070312
0 0.483398 0.583984 0.084961 0.061523
0 0.538086 0.612305 0.061523 0.107422
0 0.595703 0.625977 0.057617 0.089844
0 0.805664 0.431641 0.06543 0.066406
0 0.871094 0.416992 0.107422 0.075195
0 0.972656 0.518555 0.054688 0.109375
0 0.963867 0.606445 0.051758 0.103516
0 0.688477 0.672852 0.097656 0.111328
0 0.819336 0.729492 0.111328 0.121094
0 0.889648 0.689453 0.087891 0.072266
0 0.550781 0.841797 0.071289 0.079102
0 0.520508 0.911133 0.079102 0.06543
0 0.40625 0.949219 0.061523 0.063477
0 0.179688 0.869141 0.121094 0.066406
0 0.02832 0.898438 0.057617 0.099609
0 0.078125 0.975586 0.064453 0.047852
0 0.642578 0.969727 0.085938 0.05957
0 0.509766 0.975586 0.079102 0.047852
0 0.741211 0.919922 0.080078 0.088867
0 0.725586 0.972656 0.049805 0.053711
0 0.811523 0.883789 0.071289 0.048828
0 0.916992 0.927734 0.138672 0.074219
0 0.911133 0.818359 0.070312 0.114258
0 0.894531 0.182617 0.084961 0.104492
0 0.211914 0.72168 0.101562 0.063477
0 0.617188 0.799805 0.09375 0.063477
0 0.148438 0.635742 0.099609 0.063477
0 0.708984 0.686523 0.134766 0.134766
