0 0.645508 0.641602 0.073242 0.066406
0 0.561523 0.100586 0.084961 0.097656
0 0.865234 0.797852 0.083008 0.073242
0 0.952148 0.304688 0.095703 0.115234
0 0.662109 0.075195 0.089844 0.112305
0 0.742188 0.5 0.0625 0.051758
0 0.833984 0.621094 0.066406 0.075195
0 0.929688 0.416016 0.072266 0.087891
0 0.745117 0.287109 0.05957 0.053711
0 0.630859 0.250977 0.087891 0.082031
0 0.702148 0.362305 0.044922 0.073242
0 0.964844 0.482422 0.060547 0.067383
0 0.908203 0.628906 0.085938 0.071289
0 0.793945 0.47168 0.070312 0.068359
0 0.768555 0.34668 0.050781 0.068359
