0 0.054688 0.485352 0.083008 0.097656
0 0.149414 0.390625 0.089844 0.072266
0 0.818359 0.101562 0.174805 0.100586
0 0.47168 0.478516 0.105469 0.094727
0 0.117188 0.660156 0.094727 0.082031
0 0.443359 0.203125 0.087891 0.078125
0 0.198242 0.780273 0.091797 0.108398
0 0.516602 0.323242 0.094727 0.087891
0 0.072266 0.37793 0.070312 0.0625
0 0.650391 0.302734 0.097656 0.092773
0 0.293945 0.802734 0.084961 0.086914
0 0.391602 0.625977 0.084961 0.087891
0 0.808594 0.530273 0.152344 0.108398
0 0.460938 0.759766 0.066406 0.054688
0 0.581055 0.380859 0.097656 0.072266
0 0.575195 0.655273 0.083008 0.073242
0 0.063477 0.131836 0.072266 0.060547
0 0.728516 0.331055 0.097656 0.06543
0 0.704102 0.859375 0.15918 0.084961
0 0.076172 0.033203 0.152344 0.067383
0 0.53125 0.052734 0.099609 0.080078
0 0.591797 0.578125 0.107422 0.094727
0 0.760742 0.763672 0.091797 0.075195
0 0.782227 0.712891 0.115234 0.067383
0 0.699219 0.422852 0.120117 0.051758
0 0.517578 0.955078 0.140625 0.080078
0 0.740234 0.642578 0.131836 0.077148
0 0.09082 0.889648 0.097656 0.089844
0 0.37207 0.143555 0.070312 0.087891
0 0.774414 0.451172 0.094727 0.06543
0 0.206055 0.928711 0.134766 0.142578
0 0.481445 0.847656 0.094727 0.0625
0 0.709961 0.90332 0.157227 0.087891
0 0.629883 0.055664 0.080078 0.052734
0 0.615234 0.116211 0.089844 0.0625
0 0.023438 0.067383 0.046875 0.067383
0 0.951172 0.035156 0.094727 0.0625
0 0.972656 0.720703 0.050781 0.099609
0 0.973633 0.946289 0.049805 0.068359
0 0.813477 0.984375 0.152344 0.030273
0 0.624023 0.951172 0.124023 0.092773
0 0.439453 0.488281 0.075195 0.097656
0 0.645508 0.62793 0.048828 0.066406
0 0.503906 0.767578 0.055664 0.052734
