0 0.594727 0.830078 0.214844 0.085938
0 0.695312 0.695312 0.163086 0.152344
0 0.920898 0.439453 0.158203 0.091797
0 0.989258 0.640625 0.020508 0.119141
0 0.385742 0.517578 0.158203 0.081055
0 0.397461 0.337891 0.100586 0.191406
0 0.073242 0.182617 0.146484 0.097656
0 0.020508 0.65332 0.041992 0.172852
0 0.349609 0.892578 0.108398 0.139648
0 0.217773 0.739258 0.148438 0.166992
0 0.974609 0.757812 0.049805 0.09375
0 0.578125 0.989258 0.084961 0.020508
0 0.448242 0.916992 0.067383 0.09668
0 0.489258 0.742188 0.09375 0.086914
0 0.535156 0.677734 0.061523 0.050781
0 0.538086 0.516602 0.056641 0.136719
0 0.674805 0.539062 0.100586 0.064453
0 0.666016 0.458008 0.128906 0.072266
0 0.75 0.447266 0.067383 0.110352
0 0.181641 0.458008 0.070312 0.067383
0 0.256836 0.482422 0.073242 0.057617
0 0.264648 0.558594 0.071289 0.050781
0 0.200195 0.621094 0.089844 0.052734
0 0.206055 0.393555 0.118164 0.06543
0 0.282227 0.321289 0.118164 0.113281
0 0.048828 0.274414 0.098633 0.094727
0 0.042969 0.342773 0.085938 0.066406
0 0.119141 0.055664 0.114258 0.060547
0 0.643555 0.223633 0.207031 0.099609
0 0.8125 0.188477 0.063477 0.060547
0 0.821289 0.076172 0.083984 0.044922
0 0.643555 0.029297 0.179688 0.057617
0 0.450195 0.146484 0.216797 0.148438
0 0.960938 0.356445 0.078125 0.055664
0 0.897461 0.893555 0.124023 0.089844
0 0.914062 0.798828 0.078125 0.064453
0 0.932617 0.990234 0.12207 0.018555
0 0.057617 0.875977 0.116211 0.15918
0 0.913086 0.084961 0.126953 0.169922
