0 0.428711 0.130859 0.070312 0.051758
0 0.178711 0.323242 0.072266 0.118164
0 0.629883 0.473633 0.100586 0.095703
0 0.749023 0.330078 0.088867 0.069336
0 0.957031 0.366211 0.084961 0.068359
0 0.807617 0.480469 0.078125 0.05957
0 0.71582 0.635742 0.071289 0.118164
0 0.751953 0.53125 0.080078 0.080078
0 0.561523 0.643555 0.079102 0.09668
0 0.228516 0.625 0.094727 0.098633
0 0.267578 0.727539 0.107422 0.157227
0 0.366211 0.770508 0.099609 0.112305
0 0.466797 0.802734 0.09375 0.057617
0 0.765625 0.799805 0.092773 0.084961
0 0.712891 0.863281 0.075195 0.080078
0 0.738281 0.978516 0.135742 0.042969
0 0.891602 0.730469 0.083008 0.09668
0 0.354492 0.042969 0.083984 0.086914
0 0.40625 0.058594 0.070312 0.050781
0 0.524414 0.058594 0.072266 0.074219
0 0.725586 0.042969 0.082031 0.063477
0 0.683594 0.128906 0.053711 0.077148
0 0.575195 0.172852 0.066406 0.104492
0 0.832031 0.131836 0.087891 0.053711
0 0.884766 0.022461 0.09082 0.044922
0 0.202148 0.030273 0.075195 0.060547
0 0.280273 0.033203 0.073242 0.066406
0 0.082031 0.080078 0.142578 0.108398
0 0.080078 0.286133 0.082031 0.083984
0 0.038086 0.458008 0.076172 0.066406
0 0.105469 0.755859 0.107422 0.109375
0 0.09668 0.930664 0.083984 0.06543
0 0.294922 0.929688 0.078125 0.075195
0 0.724609 0.250977 0.070312 0.06543
0 0.820312 0.345703 0.044922 0.058594
0 0.473633 0.878906 0.066406 0.044922
