0 0.039062 0.214844 0.079102 0.064453
0 0.262695 0.234375 0.069336 0.097656
0 0.402344 0.09668 0.079102 0.083984
0 0.466797 0.063477 0.116211 0.077148
0 0.660156 0.270508 0.115234 0.146484
0 0.592773 0.139648 0.097656 0.09668
0 0.865234 0.069336 0.124023 0.091797
0 0.698242 0.070312 0.105469 0.141602
0 0.875 0.234375 0.101562 0.055664
0 0.881836 0.167969 0.091797 0.066406
0 0.973633 0.242188 0.051758 0.061523
0 0.919922 0.370117 0.077148 0.076172
0 0.729492 0.429688 0.123047 0.074219
0 0.568359 0.306641 0.071289 0.061523
0 0.422852 0.261719 0.094727 0.064453
0 0.385742 0.176758 0.080078 0.09082
0 0.382812 0.356445 0.072266 0.054688
0 0.432617 0.401367 0.083984 0.066406
0 0.501953 0.517578 0.076172 0.101562
0 0.494141 0.542969 0.074219 0.092773
0 0.657227 0.520508 0.075195 0.076172
0 0.854492 0.542969 0.09082 0.066406
0 0.966797 0.50293 0.066406 0.073242
0 0.910156 0.772461 0.135742 0.123047
0 0.592773 0.820312 0.114258 0.073242
0 0.597656 0.900391 0.082031 0.072266
0 0.663086 0.932617 0.101562 0.070312
0 0.481445 0.952148 0.086914 0.094727
0 0.291992 0.920898 0.084961 0.148438
0 0.168945 0.838867 0.09082 0.072266
0 0.231445 0.713867 0.083008 0.06543
0 0.244141 0.634766 0.074219 0.064453
0 0.368164 0.5625 0.100586 0.09082
0 0.199219 0.359375 0.097656 0.086914
0 0.130859 0.47168 0.102539 0.113281
0 0.084961 0.362305 0.078125 0.083008
0 0.015625 0.449219 0.032227 0.083984
0 0.021484 0.376953 0.042969 0.076172
0 0.03125 0.9375 0.0625 0.124023
0 0.099609 0.970703 0.084961 0.058594
0 0.683594 0.591797 0.099609 0.067383
0 0.927734 0.973633 0.118164 0.052734
