0 0.908203 0.855469 0.132812 0.083008
0 0.204102 0.428711 0.120117 0.120117
0 0.750977 0.900391 0.126953 0.131836
0 0.47168 0.564453 0.139648 0.074219
0 0.450195 0.389648 0.073242 0.080078
0 0.045898 0.552734 0.091797 0.163086
0 0.014648 0.356445 0.029297 0.094727
0 0.574219 0.489258 0.084961 0.125
0 0.373047 0.212891 0.087891 0.083008
0 0.182617 0.329102 0.067383 0.069336
0 0.027344 0.920898 0.054688 0.087891
0 0.630859 0.880859 0.087891 0.072266
0 0.771484 0.44043 0.235352 0.142578
0 0.246094 0.945312 0.242188 0.108398
0 0.135742 0.606445 0.072266 0.06543
0 0.292969 0.244141 0.077148 0.075195
0 0.920898 0.155273 0.071289 0.043945
0 0.052734 0.980469 0.067383 0.038086
0 0.59668 0.386719 0.205078 0.080078
0 0.50293 0.806641 0.097656 0.05957
0 0.745117 0.810547 0.12207 0.057617
0 0.550781 0.929688 0.142578 0.140625
0 0.625977 0.554688 0.117188 0.070312
0 0.583984 0.828125 0.104492 0.067383
0 0.108398 0.321289 0.0625 0.06543
0 0.186523 0.208008 0.110352 0.072266
0 0.333984 0.868164 0.084961 0.072266
0 0.097656 0.075195 0.092773 0.147461
0 0.862305 0.154297 0.117188 0.100586
0 0.879883 0.612305 0.057617 0.070312
0 0.100586 0.725586 0.082031 0.102539
0 0.12207 0.245117 0.064453 0.067383
0 0.65332 0.318359 0.087891 0.072266
0 0.514648 0.702148 0.054688 0.060547
0 0.46582 0.324219 0.068359 0.049805
0 0.930664 0.439453 0.132812 0.070312
0 0.785156 0.160156 0.102539 0.077148
0 0.873047 0.035156 0.132812 0.067383
0 0.493164 0.094727 0.0625 0.060547
0 0.161133 0.74707 0.072266 0.064453
0 0.041016 0.709961 0.064453 0.092773
0 0.399414 0.910156 0.089844 0.083008
0 0.948242 0.045898 0.097656 0.087891
0 0.943359 0.352539 0.107422 0.092773
0 0.72168 0.626953 0.120117 0.060547
0 0.614258 0.026367 0.094727 0.049805
0 0.960938 0.638672 0.077148 0.05957
0 0.957031 0.209961 0.080078 0.092773
0 0.022461 0.801758 0.044922 0.05957
0 0.016602 0.691406 0.03418 0.123047
0 0.058594 0.90918 0.06543 0.077148
0 0.118164 0.537109 0.072266 0.105469
0 0.978516 0.538086 0.042969 0.047852
0 0.806641 0.273438 0.158203 0.068359
