0 0.193359 0.224609 0.152344 0.067383
0 0.060547 0.149414 0.12207 0.084961
0 0.025391 0.44043 0.051758 0.054688
0 0.240234 0.119141 0.137695 0.080078
0 0.106445 0.063477 0.165039 0.082031
0 0.801758 0.348633 0.155273 0.0625
0 0.814453 0.229492 0.120117 0.050781
0 0.972656 0.227539 0.052734 0.072266
0 0.677734 0.516602 0.12207 0.055664
0 0.842773 0.405273 0.15332 0.073242
0 0.733398 0.240234 0.117188 0.073242
0 0.959961 0.125 0.079102 0.052734
0 0.204102 0.047852 0.114258 0.077148
0 0.910156 0.026367 0.155273 0.046875
0 0.959961 0.283203 0.080078 0.052734
0 0.84375 0.291992 0.110352 0.054688
