0 0.041016 0.878906 0.082031 0.105469
0 0.083008 0.945312 0.117188 0.077148
0 0.263672 0.958008 0.071289 0.05957
0 0.246094 0.825195 0.079102 0.071289
0 0.338867 0.977539 0.097656 0.044922
0 0.707031 0.964844 0.177734 0.069336
0 0.884766 0.980469 0.067383 0.039062
0 0.871094 0.848633 0.09082 0.077148
0 0.639648 0.770508 0.091797 0.069336
0 0.694336 0.793945 0.101562 0.067383
0 0.395508 0.748047 0.075195 0.086914
0 0.417969 0.84375 0.068359 0.077148
0 0.825195 0.753906 0.09375 0.079102
0 0.672852 0.691406 0.079102 0.0625
0 0.014648 0.515625 0.030273 0.085938
0 0.012695 0.369141 0.026367 0.083008
0 0.119141 0.436523 0.075195 0.112305
0 0.101562 0.638672 0.09082 0.098633
0 0.166992 0.666992 0.078125 0.079102
0 0.269531 0.692383 0.074219 0.086914
0 0.299805 0.588867 0.098633 0.104492
0 0.508789 0.505859 0.095703 0.063477
0 0.588867 0.483398 0.061523 0.053711
0 0.527344 0.422852 0.079102 0.067383
0 0.773438 0.458008 0.172852 0.105469
0 0.691406 0.547852 0.088867 0.069336
0 0.597656 0.59082 0.082031 0.080078
0 0.24707 0.368164 0.100586 0.125
0 0.366211 0.381836 0.088867 0.103516
0 0.279297 0.180664 0.075195 0.079102
0 0.189453 0.157227 0.06543 0.052734
0 0.179688 0.110352 0.061523 0.104492
0 0.513672 0.133789 0.055664 0.061523
0 0.642578 0.057617 0.113281 0.067383
0 0.682617 0.103516 0.128906 0.095703
0 0.490234 0.047852 0.083984 0.095703
0 0.810547 0.029297 0.128906 0.058594
0 0.886719 0.118164 0.121094 0.088867
0 0.93457 0.185547 0.083008 0.100586
0 0.512695 0.393555 0.054688 0.099609
0 0.05957 0.762695 0.083984 0.075195
0 0.324219 0.758789 0.046875 0.044922
