0 0.035156 0.24707 0.063477 0.039062
0 0.046875 0.147461 0.039062 0.02832
0 0.12793 0.338867 0.044922 0.03125
0 0.071289 0.670898 0.058594 0.087891
0 0.373047 0.723633 0.049805 0.048828
0 0.435547 0.683594 0.067383 0.082031
0 0.204102 0.166016 0.051758 0.057617
0 0.231445 0.243164 0.075195 0.064453
0 0.329102 0.085938 0.06543 0.063477
0 0.367188 0.047852 0.052734 0.06543
0 0.421875 0.116211 0.072266 0.103516
0 0.442383 0.135742 0.047852 0.053711
0 0.430664 0.092773 0.049805 0.025391
0 0.512695 0.157227 0.09375 0.088867
0 0.600586 0.073242 0.055664 0.053711
0 0.578125 0.074219 0.043945 0.072266
0 0.558594 0.041016 0.076172 0.060547
0 0.728516 0.081055 0.066406 0.067383
0 0.641602 0.350586 0.071289 0.047852
0 0.619141 0.381836 0.076172 0.060547
0 0.724609 0.259766 0.038086 0.081055
0 0.719727 0.692383 0.039062 0.058594
0 0.920898 0.708008 0.054688 0.051758
0 0.962891 0.602539 0.044922 0.068359
0 0.818359 0.399414 0.079102 0.030273
0 0.87207 0.395508 0.041992 0.053711
0 0.768555 0.239258 0.035156 0.06543
0 0.882812 0.261719 0.035156 0.043945
0 0.938477 0.170898 0.06543 0.097656
0 0.980469 0.114258 0.035156 0.051758
0 0.9375 0.087891 0.058594 0.081055
0 0.919922 0.058594 0.058594 0.073242
0 0.816406 0.017578 0.056641 0.036133
0 0.855469 0.022461 0.056641 0.044922
0 0.898438 0.013672 0.039062 0.02832
0 0.816406 0.089844 0.053711 0.039062
0 0.952148 0.904297 0.03418 0.041016
0 0.899414 0.798828 0.043945 0.042969
0 0.952148 0.768555 0.052734 0.077148
0 0.571289 0.844727 0.067383 0.0625
0 0.417969 0.885742 0.045898 0.040039
0 0.25 0.770508 0.087891 0.058594
0 0.019531 0.764648 0.040039 0.044922
0 0.371094 0.777344 0.06543 0.044922
