0 0.944336 0.981445 0.081055 0.032227
0 0.509766 0.141602 0.084961 0.037109
0 0.018555 0.392578 0.038086 0.050781
0 0.557617 0.243164 0.042969 0.051758
0 0.666016 0.166992 0.051758 0.051758
0 0.735352 0.939453 0.094727 0.049805
0 0.766602 0.104492 0.052734 0.056641
0 0.976562 0.670898 0.043945 0.038086
0 0.107422 0.488281 0.050781 0.052734
0 0.496094 0.580078 0.094727 0.053711
0 0.301758 0.081055 0.046875 0.098633
0 0.841797 0.339844 0.097656 0.063477
0 0.591797 0.069336 0.095703 0.0625
0 0.624023 0.048828 0.100586 0.086914
0 0.177734 0.572266 0.089844 0.051758
0 0.145508 0.546875 0.044922 0.12793
0 0.201172 0.873047 0.087891 0.067383
0 0.364258 0.142578 0.115234 0.041016
0 0.536133 0.574219 0.101562 0.09668
0 0.791016 0.038086 0.053711 0.074219
0 0.259766 0.455078 0.124023 0.051758
0 0.59082 0.366211 0.115234 0.079102
0 0.685547 0.646484 0.044922 0.042969
0 0.710938 0.512695 0.077148 0.079102
0 0.5 0.166992 0.067383 0.03418
0 0.581055 0.124023 0.083984 0.069336
0 0.09082 0.916992 0.09375 0.081055
0 0.532227 0.886719 0.09082 0.056641
0 0.03125 0.96582 0.058594 0.044922
0 0.867188 0.969727 0.041992 0.044922
0 0.969727 0.123047 0.060547 0.06543
0 0.214844 0.089844 0.079102 0.063477
0 0.436523 0.685547 0.083008 0.058594
0 0.293945 0.612305 0.106445 0.046875
0 0.635742 0.65918 0.082031 0.029297
0 0.806641 0.9375 0.097656 0.102539
0 0.24707 0.683594 0.070312 0.081055
0 0.861328 0.704102 0.060547 0.072266
0 0.238281 0.078125 0.083008 0.067383
0 0.197266 0.456055 0.082031 0.037109
0 0.291992 0.505859 0.057617 0.089844
0 0.058594 0.233398 0.115234 0.075195
0 0.057617 0.657227 0.0625 0.070312
0 0.151367 0.269531 0.087891 0.075195
0 0.816406 0.662109 0.110352 0.061523
0 0.433594 0.492188 0.064453 0.115234
0 0.344727 0.601562 0.111328 0.0625
0 0.013672 0.249023 0.025391 0.042969
0 0.024414 0.575195 0.049805 0.045898
0 0.799805 0.378906 0.098633 0.055664
0 0.958984 0.445312 0.040039 0.087891
0 0.038086 0.694336 0.063477 0.039062
0 0.396484 0.540039 0.09375 0.052734
0 0.355469 0.913086 0.063477 0.058594
0 0.054688 0.785156 0.110352 0.118164
0 0.574219 0.566406 0.095703 0.110352
0 0.030273 0.893555 0.060547 0.076172
0 0.682617 0.708008 0.101562 0.066406
0 0.838867 0.283203 0.077148 0.079102
0 0.389648 0.018555 0.026367 0.037109
0 0.433594 0.644531 0.072266 0.043945
0 0.930664 0.015625 0.02832 0.03125
0 0.993164 0.012695 0.013672 0.026367
0 0.430664 0.334961 0.060547 0.064453
0 0.923828 0.954102 0.071289 0.027344
0 0.345703 0.833984 0.066406 0.094727
0 0.263672 0.628906 0.085938 0.054688
0 0.705078 0.583984 0.069336 0.081055
0 0.961914 0.594727 0.074219 0.063477
0 0.207031 0.981445 0.19043 0.03418
0 0.239258 0.969727 0.075195 0.039062
0 0.788086 0.587891 0.109375 0.045898
0 0.860352 0.55957 0.086914 0.073242
0 0.825195 0.5 0.060547 0.056641
0 0.826172 0.779297 0.083008 0.121094
0 0.472656 0.100586 0.048828 0.044922
0 0.586914 0.270508 0.055664 0.081055
0 0.083008 0.363281 0.120117 0.095703
0 0.131836 0.84375 0.048828 0.05957
0 0.189453 0.819336 0.066406 0.085938
0 0.967773 0.041992 0.063477 0.052734
0 0.535156 0.069336 0.069336 0.067383
0 0.163086 0.152344 0.071289 0.067383
0 0.633789 0.980469 0.072266 0.035156
0 0.966797 0.720703 0.055664 0.049805
0 0.182617 0.685547 0.0625 0.061523
