0 0.083008 0.046875 0.097656 0.092773
0 0.508789 0.043945 0.098633 0.088867
0 0.594727 0.331055 0.052734 0.079102
0 0.019531 0.072266 0.039062 0.086914
0 0.119141 0.671875 0.077148 0.05957
0 0.47168 0.307617 0.086914 0.118164
0 0.457031 0.6875 0.088867 0.049805
0 0.007812 0.344727 0.016602 0.064453
0 0.230469 0.770508 0.130859 0.054688
0 0.943359 0.173828 0.088867 0.094727
0 0.05957 0.852539 0.060547 0.069336
0 0.166992 0.037109 0.079102 0.073242
0 0.46875 0.574219 0.134766 0.054688
0 0.883789 0.518555 0.09375 0.05957
0 0.15625 0.895508 0.053711 0.069336
0 0.198242 0.599609 0.129883 0.09668
0 0.341797 0.450195 0.103516 0.042969
0 0.275391 0.580078 0.072266 0.052734
0 0.78418 0.131836 0.077148 0.124023
0 0.852539 0.019531 0.098633 0.039062
0 0.763672 0.046875 0.05957 0.055664
0 0.510742 0.537109 0.082031 0.048828
0 0.489258 0.876953 0.083984 0.043945
0 0.431641 0.023438 0.081055 0.047852
0 0.549805 0.421875 0.099609 0.045898
0 0.966797 0.433594 0.06543 0.083984
0 0.379883 0.849609 0.069336 0.077148
0 0.899414 0.490234 0.117188 0.035156
0 0.536133 0.213867 0.064453 0.058594
0 0.008789 0.603516 0.018555 0.048828
0 0.229492 0.719727 0.091797 0.043945
0 0.979492 0.140625 0.040039 0.09082
0 0.837891 0.910156 0.063477 0.058594
0 0.016602 0.508789 0.033203 0.030273
0 0.31543 0.883789 0.064453 0.058594
0 0.319336 0.861328 0.095703 0.03125
0 0.908203 0.927734 0.052734 0.064453
0 0.736328 0.694336 0.083984 0.040039
0 0.203125 0.4375 0.104492 0.061523
0 0.491211 0.447266 0.107422 0.061523
0 0.847656 0.611328 0.053711 0.045898
0 0.782227 0.601562 0.136719 0.041016
0 0.845703 0.839844 0.077148 0.02832
0 0.472656 0.922852 0.064453 0.019531
0 0.46875 0.910156 0.056641 0.023438
0 0.605469 0.525391 0.064453 0.029297
0 0.40918 0.891602 0.072266 0.027344
0 0.975586 0.945312 0.045898 0.049805
0 0.174805 0.457031 0.174805 0.091797
0 0.572266 0.957031 0.097656 0.022461
0 0.599609 0.479492 0.116211 0.042969
0 0.785156 0.978516 0.083008 0.041992
0 0.608398 0.931641 0.099609 0.049805
0 0.885742 0.166016 0.057617 0.073242
