0 0.009766 0.117188 0.019531 0.070312
0 0.029297 0.212891 0.058594 0.069336
0 0.1875 0.120117 0.051758 0.098633
0 0.248047 0.149414 0.068359 0.075195
0 0.384766 0.155273 0.085938 0.101562
0 0.460938 0.043945 0.079102 0.088867
0 0.244141 0.051758 0.100586 0.104492
0 0.15625 0.027344 0.05957 0.055664
0 0.023438 0.382812 0.046875 0.083008
0 0.092773 0.854492 0.091797 0.078125
0 0.148438 0.90625 0.087891 0.077148
0 0.209961 0.974609 0.075195 0.050781
0 0.266602 0.981445 0.060547 0.037109
0 0.327148 0.871094 0.087891 0.071289
0 0.232422 0.495117 0.083984 0.097656
0 0.376953 0.419922 0.089844 0.078125
0 0.331055 0.629883 0.112305 0.109375
0 0.294922 0.65918 0.067383 0.078125
0 0.425781 0.706055 0.079102 0.104492
0 0.698242 0.630859 0.114258 0.086914
0 0.695312 0.698242 0.069336 0.0625
0 0.739258 0.429688 0.086914 0.15918
0 0.703125 0.331055 0.077148 0.061523
0 0.491211 0.333008 0.113281 0.099609
0 0.569336 0.250977 0.060547 0.078125
0 0.507812 0.246094 0.091797 0.077148
0 0.666016 0.243164 0.081055 0.079102
0 0.699219 0.142578 0.113281 0.140625
0 0.829102 0.263672 0.063477 0.141602
0 0.873047 0.266602 0.046875 0.083984
0 0.924805 0.225586 0.052734 0.073242
0 0.853516 0.142578 0.079102 0.089844
0 0.916016 0.125 0.063477 0.083008
0 0.991211 0.107422 0.017578 0.0625
0 0.976562 0.299805 0.045898 0.098633
0 0.972656 0.384766 0.054688 0.064453
0 0.946289 0.474609 0.078125 0.086914
0 0.979492 0.492188 0.041016 0.051758
0 0.993164 0.574219 0.012695 0.084961
0 0.964844 0.726562 0.069336 0.080078
0 0.907227 0.836914 0.086914 0.12207
0 0.841797 0.891602 0.066406 0.083008
0 0.798828 0.802734 0.075195 0.058594
0 0.483398 0.197266 0.043945 0.03125
0 0.294922 0.724609 0.083984 0.061523
0 0.05957 0.928711 0.046875 0.045898
0 0.707031 0.023438 0.064453 0.046875
