0 0.044922 0.866211 0.089844 0.075195
0 0.095703 0.746094 0.076172 0.068359
0 0.044922 0.561523 0.089844 0.082031
0 0.208008 0.597656 0.109375 0.082031
0 0.214844 0.708008 0.081055 0.073242
0 0.167969 0.848633 0.069336 0.068359
0 0.298828 0.929688 0.081055 0.139648
0 0.238281 0.972656 0.063477 0.054688
0 0.242188 0.90625 0.040039 0.052734
0 0.838867 0.950195 0.079102 0.099609
0 0.742188 0.794922 0.075195 0.079102
0 0.804688 0.770508 0.060547 0.069336
0 0.87793 0.816406 0.073242 0.083984
0 0.892578 0.761719 0.076172 0.083984
0 0.956055 0.826172 0.057617 0.083984
0 0.84668 0.651367 0.131836 0.099609
0 0.677734 0.539062 0.101562 0.092773
0 0.317383 0.273438 0.056641 0.047852
0 0.419922 0.421875 0.080078 0.094727
0 0.548828 0.517578 0.084961 0.094727
0 0.648438 0.378906 0.102539 0.073242
0 0.738281 0.385742 0.09082 0.058594
0 0.69043 0.429688 0.063477 0.058594
0 0.742188 0.522461 0.052734 0.047852
0 0.786133 0.536133 0.098633 0.060547
0 0.852539 0.506836 0.087891 0.09375
0 0.936523 0.535156 0.102539 0.088867
0 0.857422 0.595703 0.123047 0.054688
0 0.955078 0.660156 0.081055 0.060547
0 0.689453 0.713867 0.081055 0.067383
0 0.103516 0.02832 0.078125 0.057617
0 0.251953 0.019531 0.117188 0.039062
0 0.170898 0.108398 0.09375 0.075195
0 0.324219 0.149414 0.131836 0.095703
0 0.408203 0.094727 0.09668 0.115234
0 0.731445 0.030273 0.068359 0.061523
0 0.956055 0.09375 0.086914 0.086914
0 0.791016 0.293945 0.066406 0.057617
0 0.826172 0.338867 0.132812 0.049805
0 0.25293 0.226562 0.054688 0.054688
0 0.327148 0.207031 0.0625 0.084961
0 0.232422 0.25 0.05957 0.060547
0 0.972656 0.188477 0.053711 0.057617
0 0.166992 0.928711 0.045898 0.047852
0 0.957031 0.68457 0.061523 0.039062
