0 0.176758 0.03125 0.100586 0.0625
0 0.256836 0.168945 0.094727 0.056641
0 0.599609 0.237305 0.072266 0.064453
0 0.380859 0.350586 0.078125 0.056641
0 0.297852 0.421875 0.088867 0.06543
0 0.375 0.421875 0.063477 0.068359
0 0.485352 0.436523 0.091797 0.09082
0 0.495117 0.526367 0.066406 0.088867
0 0.541016 0.506836 0.058594 0.066406
0 0.5625 0.435547 0.046875 0.053711
0 0.701172 0.395508 0.050781 0.063477
0 0.717773 0.676758 0.077148 0.081055
0 0.376953 0.581055 0.086914 0.09082
0 0.308594 0.742188 0.151367 0.071289
0 0.375977 0.845703 0.051758 0.049805
0 0.673828 0.786133 0.072266 0.051758
0 0.601562 0.907227 0.06543 0.084961
0 0.637695 0.954102 0.071289 0.09082
0 0.714844 0.973633 0.052734 0.047852
0 0.269531 0.896484 0.085938 0.075195
0 0.039062 0.673828 0.069336 0.09082
0 0.055664 0.496094 0.047852 0.057617
0 0.112305 0.481445 0.068359 0.079102
0 0.77832 0.787109 0.091797 0.060547
0 0.921875 0.75 0.074219 0.049805
0 0.856445 0.729492 0.075195 0.142578
0 0.928711 0.844727 0.063477 0.044922
0 0.930664 0.90332 0.067383 0.074219
0 0.873047 0.919922 0.057617 0.064453
0 0.886719 0.552734 0.106445 0.049805
0 0.916016 0.423828 0.092773 0.061523
0 0.991211 0.421875 0.017578 0.069336
0 0.806641 0.232422 0.095703 0.09375
0 0.980469 0.555664 0.039062 0.068359
