0 0.202148 0.740234 0.058594 0.089844
0 0.048828 0.056641 0.074219 0.09082
0 0.961914 0.427734 0.055664 0.073242
0 0.426758 0.420898 0.09082 0.042969
0 0.787109 0.303711 0.061523 0.06543
0 0.318359 0.891602 0.05957 0.058594
0 0.177734 0.441406 0.068359 0.043945
0 0.101562 0.908203 0.053711 0.052734
0 0.658203 0.731445 0.056641 0.073242
0 0.083984 0.567383 0.084961 0.041016
0 0.335938 0.881836 0.051758 0.069336
0 0.977539 0.198242 0.044922 0.042969
0 0.109375 0.230469 0.098633 0.029297
0 0.481445 0.021484 0.053711 0.043945
0 0.050781 0.734375 0.083984 0.043945
0 0.267578 0.125977 0.071289 0.043945
0 0.501953 0.263672 0.054688 0.042969
0 0.006836 0.154297 0.014648 0.03418
0 0.174805 0.883789 0.052734 0.030273
0 0.363281 0.085938 0.040039 0.064453
0 0.510742 0.737305 0.051758 0.089844
0 0.686523 0.244141 0.06543 0.043945
0 0.381836 0.50293 0.066406 0.056641
0 0.044922 0.444336 0.045898 0.083008
0 0.595703 0.15332 0.057617 0.039062
0 0.492188 0.977539 0.0625 0.044922
0 0.72168 0.665039 0.069336 0.049805
0 0.113281 0.639648 0.078125 0.052734
0 0.351562 0.361328 0.081055 0.043945
0 0.820312 0.978516 0.047852 0.041992
0 0.266602 0.984375 0.041016 0.030273
0 0.816406 0.710938 0.05957 0.040039
0 0.350586 0.472656 0.083008 0.110352
0 0.411133 0.277344 0.091797 0.038086
0 0.442383 0.807617 0.075195 0.032227
0 0.074219 0.285156 0.116504 0.060449
0 0.382812 0.72168 0.057617 0.041016
0 0.320312 0.265625 0.047852 0.046875
0 0.96582 0.546875 0.063477 0.019531
0 0.543945 0.859375 0.058594 0.021484
0 0.480469 0.692383 0.071289 0.057617
0 0.009766 0.446289 0.019531 0.052734
0 0.477539 0.405273 0.052734 0.030273
0 0.172852 0.993164 0.056641 0.012695
0 0.374023 0.678711 0.060547 0.072266
0 0.430664 0.207031 0.033203 0.053711
0 0.09375 0.983398 0.061523 0.029297
0 0.023438 0.594727 0.046875 0.032227
0 0.862305 0.939453 0.049805 0.050781
0 0.52832 0.598633 0.077148 0.037109
0 0.395508 0.241211 0.045898 0.046875
0 0.841797 0.382812 0.056641 0.03418
0 0.943359 0.530273 0.06543 0.076172
0 0.068359 0.317383 0.070312 0.039062
0 0.09668 0.789062 0.118164 0.047852
0 0.319336 0.602539 0.053711 0.051758
0 0.917969 0.712891 0.095703 0.06543
0 0.548828 0.833984 0.102539 0.020508
0 0.71875 0.133789 0.070312 0.086914
0 0.666992 0.852539 0.041016 0.051758
0 0.72168 0.933594 0.044922 0.053711
0 0.765625 0.958008 0.038086 0.054688
0 0.554688 0.978516 0.047852 0.042969
0 0.316406 0.97168 0.045898 0.056641
0 0.916016 0.211914 0.044922 0.057617
0 0.050781 0.157227 0.042969 0.023438
