0 0.442383 0.749023 0.081055 0.09375
0 0.041992 0.383789 0.083008 0.073242
0 0.283203 0.862305 0.125977 0.068359
0 0.422852 0.501953 0.114258 0.047852
0 0.599609 0.731445 0.052734 0.080078
0 0.561523 0.773438 0.106445 0.053711
0 0.182617 0.297852 0.113281 0.09082
0 0.105469 0.050781 0.077148 0.082031
0 0.270508 0.067383 0.130859 0.086914
0 0.964844 0.399414 0.069336 0.123047
0 0.147461 0.881836 0.125 0.063477
0 0.709961 0.341797 0.09375 0.0625
0 0.423828 0.382812 0.087891 0.068359
0 0.742188 0.134766 0.108398 0.068359
0 0.179688 0.143555 0.137695 0.042969
0 0.894531 0.325195 0.097656 0.036133
0 0.757812 0.014648 0.080078 0.029297
0 0.869141 0.742188 0.086914 0.057617
0 0.044922 0.499023 0.085938 0.060547
0 0.083984 0.108398 0.077148 0.12793
0 0.896484 0.689453 0.106445 0.089844
0 0.25 0.115234 0.074219 0.066406
0 0.366211 0.291992 0.129883 0.0625
0 0.761719 0.400391 0.12793 0.046875
0 0.196289 0.601562 0.113281 0.033203
0 0.586914 0.036133 0.055664 0.053711
0 0.477539 0.385742 0.084961 0.053711
0 0.709961 0.818359 0.084961 0.035156
0 0.97168 0.969727 0.056641 0.047852
0 0.878906 0.802734 0.113281 0.098633
0 0.53125 0.239258 0.072266 0.074219
0 0.226562 0.731445 0.166016 0.041992
0 0.132812 0.759766 0.170898 0.050781
0 0.436523 0.47168 0.075195 0.050781
0 0.152344 0.387695 0.163086 0.087891
0 0.494141 0.984375 0.121094 0.030273
0 0.924805 0.984375 0.080078 0.03125
0 0.407227 0.615234 0.197266 0.061523
0 0.779297 0.924805 0.139648 0.039062
0 0.916992 0.927734 0.066406 0.039062
0 0.905273 0.237305 0.121094 0.101562
0 0.525391 0.023438 0.074219 0.047852
0 0.392578 0.682617 0.12207 0.038086
0 0.494141 0.80957 0.173828 0.051758
0 0.087891 0.678711 0.081055 0.054688
0 0.708984 0.148438 0.084961 0.041016
0 0.033203 0.681641 0.066406 0.03418
0 0.188477 0.849609 0.120117 0.041016
0 0.354492 0.338867 0.0625 0.063477
0 0.027344 0.047852 0.052734 0.033203
0 0.131836 0.660156 0.128906 0.044922
0 0.041992 0.623047 0.072266 0.083008
0 0.513672 0.253906 0.089844 0.054688
0 0.62793 0.703125 0.039062 0.055664
0 0.822266 0.675781 0.066406 0.029297
0 0.046875 0.250977 0.09375 0.036133
0 0.02832 0.325195 0.057617 0.041992
0 0.126953 0.78125 0.095703 0.032227
0 0.942383 0.746094 0.083984 0.044922
0 0.027344 0.121094 0.055664 0.040039
