0 0.4375 0.955078 0.108398 0.064453
0 0.557617 0.90332 0.112305 0.091797
0 0.568359 0.807617 0.119141 0.128906
0 0.581055 0.751953 0.114258 0.09375
0 0.670898 0.869141 0.072266 0.087891
0 0.604492 0.669922 0.064453 0.06543
0 0.724609 0.652344 0.094727 0.105469
0 0.488281 0.606445 0.074219 0.073242
0 0.407227 0.581055 0.119141 0.066406
0 0.439453 0.460938 0.107422 0.060547
0 0.380859 0.394531 0.132812 0.09375
0 0.042969 0.303711 0.085938 0.102539
0 0.271484 0.142578 0.083008 0.123047
0 0.307617 0.260742 0.112305 0.103516
0 0.557617 0.289062 0.072266 0.098633
0 0.537109 0.404297 0.069336 0.072266
0 0.685547 0.474609 0.082031 0.132812
0 0.743164 0.433594 0.076172 0.061523
0 0.742188 0.366211 0.0625 0.068359
0 0.822266 0.503906 0.085938 0.113281
0 0.767578 0.250977 0.099609 0.098633
0 0.865234 0.197266 0.05957 0.110352
0 0.972656 0.407227 0.053711 0.084961
0 0.933594 0.453125 0.069336 0.098633
0 0.908203 0.555664 0.06543 0.112305
0 0.943359 0.650391 0.066406 0.103516
0 0.930664 0.87793 0.138672 0.123047
0 0.875 0.969727 0.064453 0.060547
0 0.922852 0.362305 0.074219 0.081055
0 0.602539 0.462891 0.072266 0.061523
0 0.671875 0.90625 0.078125 0.0625
