0 0.098633 0.176758 0.06543 0.095703
0 0.139648 0.938477 0.072266 0.079102
0 0.068359 0.553711 0.092773 0.046875
0 0.862305 0.083008 0.115234 0.048828
0 0.949219 0.115234 0.083984 0.069336
0 0.040039 0.125 0.069336 0.110352
0 0.663086 0.457031 0.09668 0.052734
0 0.27832 0.306641 0.157227 0.05957
0 0.958984 0.631836 0.0625 0.066406
0 0.023438 0.573242 0.047852 0.043945
0 0.959961 0.511719 0.03125 0.095703
0 0.275391 0.608398 0.077148 0.054688
0 0.358398 0.974609 0.103516 0.040039
0 0.291016 0.072266 0.089844 0.070312
0 0.569336 0.586914 0.099609 0.052734
0 0.238281 0.924805 0.092773 0.040039
0 0.892578 0.883789 0.12207 0.046875
0 0.238281 0.660156 0.100586 0.076172
0 0.660156 0.140625 0.083984 0.050781
0 0.583008 0.700195 0.113281 0.077148
0 0.358398 0.374023 0.134766 0.079102
0 0.564453 0.021484 0.109375 0.032227
0 0.474609 0.318359 0.087891 0.037109
0 0.46582 0.220703 0.045898 0.064453
0 0.019531 0.93457 0.039062 0.041016
0 0.521484 0.555664 0.069336 0.072266
0 0.304688 0.665039 0.149512 0.038477
0 0.523438 0.30957 0.088867 0.061523
0 0.422852 0.158203 0.120117 0.085938
0 0.118164 0.384766 0.107422 0.044922
0 0.898438 0.167969 0.129883 0.09082
0 0.765625 0.583008 0.0625 0.047852
0 0.257812 0.887695 0.130859 0.049805
0 0.014648 0.25 0.030273 0.061523
0 0.070312 0.074219 0.109375 0.035156
0 0.026367 0.638672 0.053711 0.03125
0 0.925781 0.335938 0.129883 0.05957
0 0.137695 0.620117 0.098633 0.076172
0 0.969727 0.276367 0.048828 0.070312
0 0.067383 0.724609 0.074219 0.018555
0 0.889648 0.383789 0.054688 0.033203
0 0.980469 0.495117 0.039062 0.132812
0 0.68457 0.645508 0.094727 0.041016
0 0.827148 0.289062 0.05957 0.045898
0 0.18457 0.313477 0.113281 0.045898
0 0.867188 0.330078 0.032227 0.082031
0 0.804688 0.923828 0.071289 0.038086
0 0.975586 0.59668 0.041992 0.037109
0 0.923828 0.955078 0.097656 0.038086
0 0.271484 0.985352 0.074219 0.018555
0 0.758789 0.009766 0.052734 0.020508
0 0.657227 0.700195 0.066406 0.033203
0 0.391602 0.094727 0.066406 0.032227
0 0.238281 0.623047 0.072266 0.041016
0 0.041992 0.014648 0.080078 0.030273
0 0.155273 0.671875 0.117188 0.033203
0 0.27832 0.249023 0.075195 0.045898
0 0.834961 0.610352 0.130859 0.036133
0 0.066406 0.421875 0.133789 0.089844
0 0.676758 0.018555 0.057617 0.036133
0 0.892578 0.724609 0.050781 0.014648
0 0.236328 0.033203 0.071289 0.017578
0 0.043945 0.337891 0.088867 0.041016
0 0.831055 0.376953 0.0625 0.068359
0 0.176758 0.055664 0.076172 0.112305
0 0.149414 0.097656 0.118164 0.041992
0 0.228516 0.078125 0.173828 0.074219
0 0.306641 0.820312 0.121094 0.05957
0 0.351562 0.814453 0.089844 0.049805
