0 0.076172 0.123047 0.054688 0.09082
0 0.102539 0.323242 0.0625 0.083008
0 0.292969 0.22168 0.072266 0.099609
0 0.703125 0.660156 0.072266 0.104492
0 0.203125 0.814453 0.076172 0.067383
0 0.957031 0.744141 0.074219 0.084961
0 0.018555 0.668945 0.038086 0.081055
0 0.057617 0.694336 0.069336 0.082031
0 0.186523 0.669922 0.058594 0.077148
0 0.697266 0.946289 0.052734 0.107422
0 0.550781 0.037109 0.055664 0.075195
0 0.695312 0.867188 0.055664 0.113281
0 0.962891 0.172852 0.074219 0.074219
0 0.189453 0.378906 0.080078 0.108398
0 0.245117 0.265625 0.054688 0.077148
0 0.869141 0.084961 0.06543 0.074219
0 0.035156 0.152344 0.061523 0.067383
0 0.298828 0.750977 0.056641 0.077148
0 0.730469 0.154297 0.066406 0.101562
0 0.649414 0.40332 0.046875 0.087891
0 0.724609 0.03125 0.029297 0.0625
0 0.244141 0.083984 0.05957 0.112305
0 0.882812 0.811523 0.035156 0.088867
0 0.977539 0.458984 0.043945 0.069336
0 0.585938 0.863281 0.083984 0.084961
0 0.829102 0.512695 0.057617 0.056641
0 0.634766 0.973633 0.043945 0.052734
0 0.435547 0.71582 0.06543 0.057617
0 0.058594 0.030273 0.076172 0.041992
0 0.022461 0.350586 0.045898 0.06543
0 0.208008 0.628906 0.048828 0.080078
0 0.357422 0.666992 0.060547 0.0625
0 0.797852 0.584961 0.070312 0.064453
0 0.366211 0.077148 0.05957 0.050781
0 0.669922 0.342773 0.047852 0.083008
0 0.512695 0.257812 0.037109 0.084961
0 0.779297 0.673828 0.052734 0.098633
0 0.197266 0.214844 0.047852 0.079102
0 0.791016 0.348633 0.049805 0.083984
0 0.380859 0.248047 0.060547 0.068359
0 0.302734 0.477539 0.078125 0.060547
0 0.610352 0.295898 0.050781 0.110352
0 0.178711 0.52832 0.06543 0.047852
0 0.373047 0.964844 0.050781 0.02832
0 0.71875 0.541992 0.048828 0.082031
0 0.12002 0.549902 0.088965 0.049707
0 0.977539 0.121094 0.040039 0.081055
0 0.394531 0.867188 0.046875 0.0625
0 0.056641 0.224609 0.054688 0.037109
0 0.979492 0.682617 0.040039 0.041016
0 0.447266 0.776367 0.058594 0.03125
0 0.583984 0.443359 0.0625 0.044922
0 0.584961 0.501953 0.036133 0.066406
0 0.943359 0.084961 0.082031 0.124023
0 0.374023 0.615234 0.050781 0.083984
0 0.911133 0.944336 0.069336 0.041992
0 0.920898 0.322266 0.047852 0.075195
0 0.161133 0.191406 0.050781 0.037109
0 0.87207 0.632812 0.051758 0.072266
0 0.704102 0.245117 0.043945 0.079102
0 0.3125 0.579102 0.054688 0.067383
0 0.143555 0.089844 0.043945 0.040039
0 0.416992 0.249023 0.049805 0.041992
0 0.741211 0.452148 0.029297 0.084961
0 0.970703 0.017578 0.039062 0.033203
0 0.953125 0.985352 0.06543 0.02832
0 0.126953 0.918945 0.038086 0.032227
0 0.760742 0.49707 0.064453 0.066406
0 0.896484 0.679688 0.054688 0.047852
0 0.286133 0.845703 0.042969 0.048828
0 0.780273 0.978516 0.041016 0.042969
0 0.981445 0.87793 0.037109 0.044922
0 0.46582 0.84668 0.051758 0.050781
0 0.761719 0.310547 0.083008 0.030273
0 0.838867 0.026367 0.039062 0.053711
0 0.672852 0.495117 0.03125 0.053711
0 0.670898 0.182617 0.052734 0.048828
0 0.943359 0.630859 0.05957 0.03418
0 0.149414 0.005859 0.039062 0.012695
0 0.563477 0.261719 0.053711 0.051758
0 0.216797 0.719727 0.082031 0.037109
0 0.242188 0.777344 0.072266 0.052734
0 0.353516 0.024414 0.080078 0.042969
0 0.801758 0.020508 0.054688 0.041992
0 0.154297 0.856445 0.082031 0.047852
0 0.09668 0.985352 0.088867 0.029297
0 0.671875 0.958984 0.063477 0.052734
0 0.739258 0.782227 0.074219 0.069336
0 0.769531 0.829102 0.072266 0.044922
