0 0.177734 0.104492 0.075195 0.0625
0 0.049805 0.056641 0.076172 0.0625
0 0.047852 0.256836 0.063477 0.068359
0 0.03125 0.431641 0.0625 0.061523
0 0.172852 0.533203 0.09082 0.09082
0 0.185547 0.59668 0.078125 0.057617
0 0.290039 0.555664 0.069336 0.068359
0 0.422852 0.394531 0.103516 0.076172
0 0.368164 0.275391 0.052734 0.082031
0 0.412109 0.290039 0.058594 0.083984
0 0.24707 0.310547 0.066406 0.061523
0 0.567383 0.128906 0.083984 0.075195
0 0.566406 0.212891 0.047852 0.082031
0 0.523438 0.225586 0.047852 0.081055
0 0.689453 0.310547 0.074219 0.066406
0 0.612305 0.402344 0.064453 0.097656
0 0.839844 0.444336 0.061523 0.074219
0 0.726562 0.475586 0.054688 0.053711
0 0.755859 0.546875 0.075195 0.060547
0 0.979492 0.280273 0.041016 0.06543
0 0.898438 0.305664 0.047852 0.066406
0 0.841797 0.109375 0.066406 0.085938
0 0.915039 0.09375 0.073242 0.086914
0 0.023438 0.694336 0.046875 0.05957
0 0.162109 0.813477 0.068359 0.074219
0 0.301758 0.785156 0.073242 0.075195
0 0.37207 0.686523 0.066406 0.0625
0 0.43457 0.832031 0.076172 0.087891
0 0.387695 0.880859 0.05957 0.060547
0 0.357422 0.826172 0.058594 0.0625
0 0.728516 0.84668 0.086914 0.044922
0 0.703125 0.885742 0.088867 0.045898
0 0.799805 0.780273 0.071289 0.06543
0 0.905273 0.875977 0.050781 0.058594
0 0.96582 0.829102 0.0625 0.070312
0 0.845703 0.945312 0.066406 0.087891
0 0.957031 0.90332 0.055664 0.06543
0 0.332031 0.924805 0.095703 0.056641
0 0.283203 0.855469 0.073242 0.0625
0 0.026367 0.933594 0.051758 0.056641
0 0.253906 0.474609 0.058594 0.054688
0 0.861328 0.381836 0.071289 0.056641
