0 0.858398 0.280273 0.06543 0.106445
0 0.961914 0.639648 0.076172 0.125977
0 0.107422 0.670898 0.095703 0.089844
0 0.878906 0.094727 0.084961 0.070312
0 0.232422 0.888672 0.067383 0.105469
0 0.444336 0.474609 0.061523 0.069336
0 0.071289 0.701172 0.06543 0.073242
0 0.62793 0.681641 0.057617 0.069336
0 0.666992 0.155273 0.071289 0.083008
0 0.272461 0.271484 0.071289 0.094727
0 0.744141 0.951172 0.060547 0.063477
0 0.650391 0.584961 0.067383 0.116211
0 0.838867 0.936523 0.09375 0.083984
0 0.583008 0.081055 0.071289 0.06543
0 0.930664 0.382812 0.089844 0.078125
0 0.355469 0.337891 0.041992 0.104492
0 0.380859 0.126953 0.124023 0.041992
0 0.237305 0.074219 0.057617 0.094727
0 0.480469 0.469727 0.070312 0.088867
0 0.074219 0.541016 0.088867 0.049805
0 0.586914 0.37793 0.077148 0.166016
0 0.025391 0.967773 0.051758 0.057617
0 0.568359 0.762695 0.068359 0.051758
0 0.212891 0.711914 0.067383 0.043945
0 0.186523 0.157227 0.042969 0.082031
0 0.280273 0.677734 0.05957 0.071289
0 0.500977 0.693359 0.088867 0.053711
0 0.737305 0.724609 0.047852 0.124023
0 0.693359 0.6875 0.068359 0.044922
0 0.109375 0.477539 0.109375 0.060547
0 0.945312 0.742188 0.091797 0.038086
0 0.366211 0.567383 0.048828 0.117188
0 0.230469 0.979492 0.05957 0.040039
0 0.786133 0.082031 0.094727 0.033203
0 0.779297 0.094727 0.107422 0.069336
0 0.874023 0.895508 0.057617 0.066406
0 0.129883 0.884766 0.079102 0.091797
0 0.081055 0.375977 0.163086 0.101562
0 0.012695 0.232422 0.025391 0.063477
0 0.979492 0.292969 0.040039 0.067383
0 0.042969 0.311523 0.078125 0.038086
0 0.485352 0.895508 0.099609 0.042969
0 0.029297 0.555664 0.058594 0.082031
0 0.773438 0.572266 0.06543 0.038086
0 0.12793 0.177734 0.05957 0.058594
0 0.886719 0.445312 0.03125 0.051758
0 0.557617 0.80957 0.167969 0.05957
0 0.083984 0.432617 0.117188 0.091797
0 0.568359 0.932617 0.053711 0.125977
0 0.358398 0.811523 0.075195 0.043945
0 0.776367 0.969727 0.083008 0.05957
0 0.432617 0.749023 0.030273 0.055664
0 0.844727 0.979492 0.041992 0.041016
0 0.824219 0.601562 0.038086 0.080078
0 0.051758 0.257812 0.066406 0.0625
0 0.514648 0.84375 0.099609 0.037109
0 0.299805 0.457031 0.111328 0.053711
0 0.3125 0.505859 0.039062 0.063477
0 0.228516 0.582031 0.080078 0.038086
0 0.657227 0.308594 0.210938 0.060547
0 0.9375 0.289062 0.052734 0.06543
0 0.717773 0.49707 0.063477 0.036133
0 0.853516 0.557617 0.036133 0.095703
0 0.804688 0.757812 0.089844 0.042969
0 0.898438 0.771484 0.038086 0.041016
0 0.942383 0.769531 0.040039 0.047852
0 0.863281 0.772461 0.037109 0.050781
0 0.443359 0.726562 0.071289 0.073242
0 0.417969 0.779297 0.051758 0.038086
0 0.413086 0.231445 0.057617 0.040039
0 0.066406 0.860352 0.131836 0.125977
0 0.148438 0.239258 0.079102 0.076172
0 0.089844 0.191406 0.103516 0.163086
0 0.619141 0.920898 0.048828 0.150391
0 0.088867 0.5 0.056641 0.033203
0 0.804688 0.041992 0.084961 0.064453
