0 0.140625 0.09082 0.083984 0.09082
0 0.053711 0.591797 0.0625 0.052734
0 0.058594 0.754883 0.086914 0.083008
0 0.188477 0.741211 0.077148 0.074219
0 0.46875 0.84668 0.078125 0.085938
0 0.453125 0.692383 0.063477 0.061523
0 0.583008 0.75293 0.12793 0.0625
0 0.68457 0.798828 0.057617 0.071289
0 0.789062 0.678711 0.077148 0.069336
0 0.786133 0.743164 0.072266 0.05957
0 0.871094 0.722656 0.094727 0.076172
0 0.967773 0.34375 0.064453 0.064453
0 0.774414 0.336914 0.073242 0.063477
0 0.890625 0.152344 0.06543 0.071289
0 0.841797 0.069336 0.073242 0.067383
0 0.692383 0.094727 0.077148 0.085938
0 0.551758 0.430664 0.100586 0.076172
0 0.451172 0.34082 0.076172 0.084961
0 0.507812 0.28418 0.072266 0.086914
0 0.495117 0.216797 0.054688 0.052734
0 0.316406 0.317383 0.088867 0.071289
0 0.205078 0.217773 0.085938 0.060547
0 0.232422 0.15625 0.083984 0.067383
0 0.048828 0.290039 0.097656 0.064453
0 0.033203 0.380859 0.066406 0.094727
