0 0.200195 0.771484 0.076172 0.066406
0 0.107422 0.485352 0.09082 0.046875
0 0.868164 0.46582 0.063477 0.061523
0 0.608398 0.189453 0.068359 0.077148
0 0.647461 0.451172 0.079102 0.046875
0 0.130859 0.145508 0.112305 0.0625
0 0.120117 0.227539 0.070312 0.064453
0 0.020508 0.517578 0.041016 0.030273
0 0.425781 0.285156 0.074219 0.046875
0 0.595703 0.723633 0.080078 0.045898
0 0.391602 0.449219 0.113281 0.063477
0 0.420898 0.178711 0.072266 0.0625
0 0.087891 0.779297 0.091797 0.053711
0 0.424805 0.923828 0.107422 0.045898
0 0.741211 0.53418 0.078125 0.069336
0 0.341797 0.133789 0.092773 0.053711
0 0.620117 0.137695 0.068359 0.041992
0 0.243164 0.126953 0.081055 0.056641
0 0.367188 0.84668 0.088867 0.041992
0 0.963867 0.383789 0.069336 0.042969
0 0.391602 0.631836 0.078125 0.043945
0 0.306641 0.182617 0.083008 0.066406
0 0.735352 0.825195 0.073242 0.057617
0 0.265625 0.013672 0.082031 0.027344
0 0.577148 0.265625 0.072266 0.037109
0 0.920898 0.59082 0.082031 0.055664
0 0.044922 0.981445 0.09082 0.037109
0 0.204102 0.938477 0.067383 0.042969
0 0.746094 0.574219 0.078125 0.041016
0 0.300781 0.649414 0.081055 0.035156
0 0.866211 0.920898 0.112305 0.046875
0 0.536133 0.56543 0.070312 0.046875
0 0.663086 0.321289 0.067383 0.043945
0 0.791016 0.175781 0.053711 0.049805
0 0.186523 0.598633 0.113281 0.052734
0 0.914062 0.620117 0.082031 0.041992
0 0.918945 0.830078 0.076172 0.043945
0 0.038086 0.543945 0.077148 0.041992
0 0.052734 0.821289 0.106445 0.045898
0 0.357422 0.541016 0.091797 0.050781
0 0.02832 0.932617 0.056641 0.036133
0 0.049805 0.459961 0.047852 0.035156
0 0.394531 0.523438 0.056641 0.026367
0 0.982422 0.933594 0.03418 0.045898
0 0.911133 0.266602 0.055664 0.051758
0 0.075195 0.913086 0.092773 0.042969
0 0.138672 0.896484 0.084961 0.036133
0 0.962891 0.467773 0.073242 0.060547
0 0.414062 0.798828 0.104492 0.055664
0 0.162109 0.214844 0.042969 0.032227
0 0.536133 0.328125 0.09375 0.039062
0 0.855469 0.578125 0.058594 0.03418
0 0.029297 0.467773 0.058594 0.057617
0 0.275391 0.957031 0.080078 0.041016
0 0.592773 0.824219 0.072266 0.046875
0 0.757812 0.870117 0.095703 0.056641
0 0.03418 0.714844 0.054688 0.023438
0 0.023438 0.673828 0.046875 0.075195
0 0.96582 0.990234 0.061523 0.019531
0 0.37793 0.980469 0.083984 0.039062
0 0.893555 0.272461 0.047852 0.03418
0 0.298828 0.536133 0.115234 0.066406
0 0.047852 0.302734 0.09668 0.054688
0 0.926758 0.087891 0.061523 0.064453
0 0.879883 0.637695 0.0625 0.055664
0 0.963867 0.487305 0.067383 0.036133
0 0.918945 0.950195 0.044922 0.032227
