0 0.023438 0.287109 0.047852 0.043945
0 0.057617 0.186523 0.092773 0.042969
0 0.067383 0.227539 0.099609 0.055664
0 0.182617 0.240234 0.149414 0.050781
0 0.298828 0.1875 0.138672 0.052734
0 0.132812 0.118164 0.083984 0.044922
0 0.198242 0.168945 0.070312 0.112305
0 0.030273 0.006836 0.060547 0.013672
0 0.388672 0.021484 0.048828 0.042969
0 0.469727 0.135742 0.067383 0.075195
0 0.442383 0.253906 0.064453 0.05957
0 0.243164 0.321289 0.06543 0.050781
0 0.103516 0.337891 0.046875 0.097656
0 0.09082 0.444336 0.056641 0.051758
0 0.141602 0.4375 0.043945 0.042969
0 0.154297 0.46875 0.085938 0.047852
0 0.03418 0.53125 0.069336 0.06543
0 0.030273 0.581055 0.061523 0.053711
0 0.087891 0.636719 0.09082 0.076172
0 0.023438 0.711914 0.046875 0.083008
0 0.081055 0.750977 0.061523 0.06543
0 0.18457 0.714844 0.087891 0.042969
0 0.241211 0.635742 0.087891 0.049805
0 0.363281 0.607422 0.048828 0.083984
0 0.289062 0.466797 0.098633 0.044922
0 0.382812 0.394531 0.080078 0.050781
0 0.338867 0.365234 0.049805 0.040039
0 0.100586 0.844727 0.073242 0.061523
0 0.022461 0.852539 0.045898 0.069336
0 0.3125 0.893555 0.057617 0.082031
0 0.239258 0.833008 0.049805 0.091797
0 0.166992 0.780273 0.082031 0.060547
0 0.307617 0.773438 0.068359 0.05957
0 0.368164 0.761719 0.064453 0.045898
0 0.427734 0.614258 0.055664 0.063477
0 0.47168 0.477539 0.047852 0.074219
0 0.508789 0.385742 0.048828 0.072266
0 0.554688 0.353516 0.074219 0.057617
0 0.680664 0.27832 0.119141 0.055664
0 0.642578 0.143555 0.112305 0.053711
0 0.655273 0.037109 0.086914 0.075195
0 0.972656 0.131836 0.048828 0.084961
0 0.772461 0.216797 0.094727 0.060547
0 0.774414 0.170898 0.047852 0.052734
0 0.582031 0.44043 0.0625 0.074219
0 0.563477 0.481445 0.119141 0.043945
0 0.650391 0.486328 0.083984 0.077148
0 0.749023 0.326172 0.114258 0.083008
0 0.869141 0.384766 0.061523 0.046875
0 0.77832 0.462891 0.099609 0.085938
0 0.782227 0.397461 0.104492 0.048828
0 0.430664 0.670898 0.106445 0.063477
0 0.432617 0.879883 0.068359 0.113281
0 0.485352 0.893555 0.052734 0.052734
0 0.488281 0.936523 0.058594 0.046875
0 0.544922 0.861328 0.063477 0.077148
0 0.578125 0.694336 0.082031 0.105469
0 0.799805 0.717773 0.061523 0.057617
0 0.756836 0.755859 0.077148 0.066406
0 0.819336 0.600586 0.083984 0.054688
0 0.740234 0.5625 0.100586 0.040039
0 0.827148 0.520508 0.117188 0.086914
0 0.975586 0.606445 0.046875 0.058594
0 0.964844 0.683594 0.070312 0.056641
0 0.712891 0.813477 0.09668 0.072266
0 0.561523 0.767578 0.079102 0.045898
0 0.640625 0.783203 0.048828 0.067383
0 0.65332 0.942383 0.061523 0.05957
0 0.639648 0.884766 0.069336 0.068359
0 0.717773 0.919922 0.063477 0.069336
0 0.856445 0.822266 0.080078 0.060547
0 0.947266 0.860352 0.105469 0.083984
0 0.96582 0.813477 0.067383 0.040039
0 0.285156 0.398438 0.036133 0.033203
0 0.601562 0.80957 0.043945 0.040039
0 0.666016 0.837891 0.042969 0.041992
0 0.556641 0.604492 0.043945 0.049805
0 0.661133 0.314453 0.082031 0.089844
0 0.462891 0.682617 0.129883 0.033203
0 0.208008 0.854492 0.041016 0.060547
0 0.919922 0.927734 0.057617 0.058594
0 0.668945 0.539062 0.083984 0.049805
