0 0.012695 0.199219 0.025391 0.043945
0 0.018555 0.371094 0.038086 0.041016
0 0.066406 0.457031 0.085938 0.081055
0 0.082031 0.541992 0.081055 0.099609
0 0.057617 0.792969 0.057617 0.080078
0 0.105469 0.702148 0.061523 0.101562
0 0.204102 0.973633 0.061523 0.051758
0 0.271484 0.933594 0.071289 0.084961
0 0.289062 0.914062 0.046875 0.050781
0 0.417969 0.869141 0.052734 0.069336
0 0.352539 0.694336 0.073242 0.110352
0 0.404297 0.517578 0.083984 0.069336
0 0.108398 0.100586 0.084961 0.070312
0 0.366211 0.293945 0.084961 0.084961
0 0.375 0.223633 0.054688 0.040039
0 0.333008 0.042969 0.067383 0.056641
0 0.935547 0.017578 0.066406 0.036133
0 0.759766 0.020508 0.061523 0.041016
0 0.59375 0.174805 0.105469 0.066406
0 0.441406 0.303711 0.06543 0.072266
0 0.493164 0.5 0.076172 0.111328
0 0.594727 0.520508 0.037109 0.0625
0 0.711914 0.530273 0.076172 0.097656
0 0.820312 0.413086 0.055664 0.050781
0 0.754883 0.356445 0.050781 0.056641
0 0.660156 0.297852 0.056641 0.044922
0 0.97168 0.21582 0.055664 0.054688
0 0.921875 0.450195 0.101562 0.091797
0 0.980469 0.677734 0.039062 0.061523
0 0.677734 0.71582 0.102539 0.084961
0 0.594727 0.710938 0.056641 0.082031
0 0.594727 0.782227 0.051758 0.060547
0 0.518555 0.674805 0.054688 0.080078
0 0.493164 0.887695 0.078125 0.09375
0 0.489258 0.975586 0.048828 0.047852
0 0.702148 0.978516 0.056641 0.042969
0 0.848633 0.96582 0.067383 0.068359
0 0.958008 0.964844 0.067383 0.070312
0 0.819336 0.728516 0.081055 0.147461
0 0.841797 0.841797 0.103516 0.124023
0 0.945312 0.787109 0.051758 0.058594
