0 0.479492 0.236328 0.068359 0.071289
0 0.298828 0.073242 0.058594 0.077148
0 0.484375 0.083008 0.057617 0.079102
0 0.544922 0.101562 0.054688 0.086914
0 0.616211 0.089844 0.073242 0.081055
0 0.712891 0.06543 0.077148 0.058594
0 0.788086 0.025391 0.057617 0.050781
0 0.864258 0.046875 0.087891 0.067383
0 0.707031 0.209961 0.079102 0.081055
0 0.582031 0.243164 0.107422 0.091797
0 0.52832 0.303711 0.063477 0.054688
0 0.666992 0.299805 0.067383 0.063477
0 0.646484 0.393555 0.0625 0.067383
0 0.668945 0.364258 0.067383 0.057617
0 0.742188 0.355469 0.09082 0.075195
0 0.878906 0.408203 0.09375 0.081055
0 0.865234 0.604492 0.080078 0.067383
0 0.892578 0.670898 0.088867 0.080078
0 0.77832 0.751953 0.084961 0.066406
0 0.698242 0.780273 0.063477 0.06543
0 0.564453 0.772461 0.087891 0.057617
0 0.59082 0.94043 0.056641 0.067383
0 0.810547 0.924805 0.072266 0.063477
0 0.876953 0.979492 0.091797 0.040039
0 0.901367 0.875977 0.063477 0.073242
0 0.224609 0.779297 0.068359 0.091797
0 0.207031 0.639648 0.071289 0.069336
0 0.496094 0.512695 0.051758 0.070312
0 0.452148 0.485352 0.049805 0.069336
0 0.392578 0.530273 0.0625 0.060547
0 0.4375 0.694336 0.060547 0.049805
0 0.492188 0.806641 0.048828 0.043945
0 0.506836 0.887695 0.06543 0.055664
0 0.49707 0.966797 0.063477 0.050781
0 0.373047 0.942383 0.049805 0.075195
0 0.28125 0.924805 0.080078 0.077148
0 0.230469 0.518555 0.067383 0.058594
0 0.084961 0.759766 0.056641 0.055664
0 0.121094 0.884766 0.054688 0.053711
0 0.140625 0.936523 0.05957 0.057617
0 0.053711 0.975586 0.05957 0.048828
0 0.045898 0.426758 0.054688 0.058594
0 0.088867 0.44043 0.048828 0.088867
0 0.130859 0.457031 0.052734 0.061523
0 0.149414 0.354492 0.072266 0.053711
0 0.21875 0.326172 0.052734 0.069336
0 0.361328 0.354492 0.074219 0.054688
0 0.418945 0.407227 0.063477 0.050781
0 0.18457 0.099609 0.058594 0.069336
0 0.066406 0.240234 0.056641 0.054688
0 0.383789 0.791016 0.080078 0.06543
0 0.414062 0.744141 0.082031 0.066406
0 0.358398 0.700195 0.071289 0.051758
0 0.314453 0.751953 0.09668 0.073242
0 0.035156 0.746094 0.046875 0.053711
0 0.96582 0.378906 0.068359 0.084961
0 0.820312 0.036133 0.053711 0.06543
0 0.762695 0.658203 0.049805 0.038086
0 0.831055 0.785156 0.110352 0.053711
0 0.84375 0.788086 0.113281 0.066406
0 0.701172 0.486328 0.035156 0.033203
0 0.172852 0.044922 0.045898 0.071289
0 0.981445 0.828125 0.035156 0.056641
0 0.938477 0.375977 0.056641 0.05957
