0 0.022461 0.866211 0.044922 0.075195
0 0.169922 0.847656 0.083008 0.104492
0 0.02832 0.678711 0.057617 0.06543
0 0.155273 0.670898 0.069336 0.066406
0 0.283203 0.6875 0.073242 0.072266
0 0.025391 0.237305 0.051758 0.099609
0 0.174805 0.34082 0.123047 0.088867
0 0.175781 0.204102 0.102539 0.086914
0 0.386719 0.052734 0.0625 0.056641
0 0.482422 0.105469 0.108398 0.077148
0 0.674805 0.069336 0.092773 0.074219
0 0.6875 0.143555 0.145508 0.087891
0 0.956055 0.025391 0.048828 0.051758
0 0.441406 0.263672 0.103516 0.117188
0 0.537109 0.355469 0.097656 0.076172
0 0.598633 0.418945 0.114258 0.098633
0 0.658203 0.317383 0.103516 0.063477
0 0.802734 0.503906 0.081055 0.078125
0 0.874023 0.55957 0.051758 0.103516
0 0.5 0.62207 0.039062 0.064453
0 0.541992 0.623047 0.061523 0.064453
0 0.753906 0.704102 0.088867 0.080078
0 0.500977 0.772461 0.105469 0.138672
0 0.932617 0.87793 0.089844 0.05957
0 0.981445 0.966797 0.037109 0.057617
0 0.746094 0.96875 0.125 0.061523
0 0.615234 0.924805 0.081055 0.136719
0 0.321289 0.795898 0.056641 0.079102
0 0.291016 0.844727 0.082031 0.077148
0 0.385742 0.820312 0.061523 0.108398
0 0.492188 0.97168 0.121094 0.055664
0 0.857422 0.367188 0.052734 0.072266
0 0.963867 0.079102 0.072266 0.083984
0 0.022461 0.432617 0.044922 0.100586
