0 0.035156 0.378906 0.070312 0.083984
0 0.961914 0.118164 0.075195 0.079102
0 0.226562 0.230469 0.106445 0.071289
0 0.207031 0.441406 0.126953 0.05957
0 0.202148 0.694336 0.09375 0.049805
0 0.688477 0.361328 0.067383 0.076172
0 0.163086 0.716797 0.083984 0.042969
0 0.494141 0.125 0.060547 0.063477
0 0.509766 0.420898 0.084961 0.072266
0 0.02832 0.179688 0.056641 0.040039
0 0.541016 0.488281 0.087891 0.060547
0 0.499023 0.97168 0.087891 0.053711
0 0.415039 0.084961 0.072266 0.114258
0 0.709961 0.729492 0.06543 0.053711
0 0.135742 0.439453 0.088867 0.048828
0 0.049805 0.663086 0.080078 0.053711
0 0.136719 0.165039 0.085938 0.041992
0 0.388672 0.200195 0.058594 0.064453
0 0.083008 0.514648 0.114258 0.049805
0 0.672852 0.623047 0.06543 0.067383
0 0.790039 0.480469 0.075195 0.048828
0 0.291016 0.504883 0.095703 0.048828
0 0.009766 0.545898 0.019531 0.029297
0 0.972656 0.365234 0.054688 0.079102
0 0.558594 0.599609 0.092773 0.051758
0 0.363281 0.114258 0.09375 0.042969
0 0.208008 0.417969 0.105469 0.041992
0 0.296875 0.441406 0.066406 0.032227
0 0.530273 0.339844 0.115234 0.101562
0 0.395508 0.445312 0.078125 0.036133
0 0.193359 0.145508 0.063477 0.03418
0 0.047852 0.225586 0.068359 0.036133
0 0.035156 0.662109 0.0625 0.063477
0 0.414062 0.352539 0.058594 0.055664
0 0.637695 0.545898 0.114258 0.038086
0 0.895508 0.791992 0.058594 0.051758
0 0.499023 0.5625 0.078125 0.02832
0 0.397461 0.40918 0.166016 0.077148
0 0.013672 0.75 0.027344 0.035156
0 0.294922 0.084961 0.063477 0.05957
0 0.606445 0.427734 0.100586 0.079102
0 0.587891 0.805664 0.064453 0.040039
0 0.957031 0.78418 0.066406 0.038086
0 0.338867 0.808594 0.086914 0.039062
0 0.551758 0.753906 0.130859 0.056641
0 0.34668 0.227539 0.0625 0.038086
0 0.052734 0.983398 0.09668 0.032227
0 0.702148 0.979492 0.073242 0.041016
0 0.441406 0.841797 0.060547 0.047852
0 0.581055 0.764648 0.083984 0.043945
0 0.280273 0.836914 0.053711 0.061523
0 0.685547 0.46875 0.057617 0.036133
0 0.665039 0.578125 0.107422 0.037109
0 0.635742 0.525391 0.085938 0.02832
0 0.478516 0.383789 0.073242 0.038086
0 0.424805 0.077148 0.083008 0.084961
0 0.65332 0.491211 0.050781 0.047852
0 0.839844 0.855469 0.043945 0.02832
0 0.880859 0.890625 0.063477 0.033203
0 0.925781 0.886719 0.071289 0.03125
0 0.874023 0.866211 0.051758 0.029297
0 0.21875 0.874023 0.088867 0.030273
0 0.213867 0.837891 0.076172 0.033203
0 0.635742 0.263672 0.053711 0.052734
0 0.009766 0.710938 0.019531 0.033203
0 0.348633 0.989258 0.104492 0.021484
0 0.451172 0.991211 0.09082 0.016602
0 0.071289 0.095703 0.094727 0.056641
0 0.012695 0.083008 0.026367 0.040039
