0 0.675781 0.616211 0.088867 0.055664
0 0.689453 0.549805 0.069336 0.063477
0 0.5625 0.148438 0.072266 0.092773
0 0.169922 0.125 0.104492 0.050781
0 0.360352 0.734375 0.097656 0.045898
0 0.672852 0.683594 0.036133 0.117188
0 0.958008 0.397461 0.036133 0.078125
0 0.045898 0.128906 0.091797 0.060547
0 0.086914 0.181641 0.100586 0.041016
0 0.131836 0.448242 0.15332 0.108398
0 0.422852 0.804688 0.078125 0.042969
0 0.876953 0.146484 0.081055 0.041992
0 0.234375 0.338867 0.067383 0.044922
0 0.635742 0.305664 0.080078 0.054688
0 0.329102 0.260742 0.100586 0.053711
0 0.359375 0.055664 0.082031 0.042969
0 0.813477 0.067383 0.077148 0.037109
0 0.164062 0.353516 0.076172 0.032227
0 0.310547 0.939453 0.121094 0.050781
0 0.490234 0.411133 0.073242 0.040039
0 0.510742 0.136719 0.0625 0.058594
0 0.204102 0.020508 0.060547 0.041992
0 0.042969 0.364258 0.083008 0.03418
0 0.978516 0.080078 0.042969 0.033203
0 0.160156 0.942383 0.053711 0.02832
0 0.569336 0.673828 0.078125 0.032227
0 0.118164 0.666992 0.130859 0.03125
0 0.980469 0.884766 0.039062 0.041016
0 0.142578 0.626953 0.106445 0.048828
0 0.208008 0.852539 0.057617 0.069336
0 0.151367 0.744141 0.12793 0.045898
0 0.166016 0.883789 0.073242 0.038086
0 0.436523 0.113281 0.053711 0.068359
0 0.926758 0.828125 0.102539 0.039062
0 0.610352 0.391602 0.095703 0.058594
0 0.977539 0.015625 0.044922 0.03125
0 0.892578 0.100586 0.061523 0.037109
0 0.136719 0.836914 0.167969 0.061523
0 0.03418 0.014648 0.051758 0.030273
0 0.327148 0.65625 0.101562 0.052734
0 0.864258 0.378906 0.067383 0.039062
0 0.527344 0.783203 0.097656 0.029297
0 0.342773 0.351562 0.086914 0.045898
0 0.47168 0.020508 0.063477 0.040039
0 0.19043 0.118164 0.075195 0.049805
0 0.446289 0.50293 0.073242 0.048828
0 0.717773 0.746094 0.069336 0.036133
0 0.926758 0.654297 0.060547 0.066406
0 0.519531 0.651367 0.087891 0.037109
0 0.879883 0.708984 0.074219 0.039062
0 0.200195 0.990234 0.0625 0.019531
0 0.391602 0.628906 0.050781 0.042969
0 0.332031 0.112305 0.061523 0.045898
0 0.321289 0.543945 0.085938 0.042969
0 0.358398 0.661133 0.144531 0.05957
0 0.865234 0.759766 0.073242 0.041016
0 0.444336 0.488281 0.078125 0.041992
0 0.014648 0.986328 0.030273 0.022461
0 0.026367 0.652344 0.053711 0.050781
0 0.121094 0.400391 0.044922 0.029297
0 0.329102 0.584961 0.084961 0.041992
0 0.218848 0.43877 0.153516 0.038281
0 0.602539 0.378906 0.091797 0.055664
0 0.800781 0.739258 0.055664 0.041016
0 0.768555 0.683594 0.05957 0.051758
0 0.977539 0.769531 0.044922 0.047852
0 0.289062 0.554688 0.099609 0.054688
0 0.074219 0.516602 0.106445 0.055664
0 0.134766 0.022461 0.134766 0.045898
0 0.265625 0.125977 0.043945 0.039062
