0 0.743164 0.646484 0.097656 0.100586
0 0.238281 0.401367 0.115234 0.095703
0 0.621094 0.020508 0.107422 0.041992
0 0.748047 0.770508 0.087891 0.072266
0 0.80957 0.335938 0.115234 0.082031
0 0.65332 0.65332 0.087891 0.082031
0 0.688477 0.225586 0.082031 0.0625
0 0.30957 0.152344 0.089844 0.080078
0 0.850586 0.243164 0.109375 0.110352
0 0.921875 0.899414 0.125 0.089844
0 0.102539 0.244141 0.057617 0.069336
0 0.733398 0.261719 0.087891 0.075195
0 0.914062 0.52832 0.139648 0.107422
0 0.301758 0.311523 0.089844 0.09082
0 0.620117 0.841797 0.077148 0.080078
0 0.879883 0.742188 0.115234 0.089844
0 0.041992 0.120117 0.074219 0.112305
0 0.714844 0.5 0.089844 0.077148
0 0.568359 0.086914 0.097656 0.075195
0 0.332031 0.240234 0.130859 0.067383
0 0.234375 0.956055 0.140625 0.087891
0 0.259766 0.526367 0.134766 0.094727
0 0.188477 0.868164 0.087891 0.057617
0 0.192383 0.803711 0.125 0.075195
0 0.232422 0.680664 0.112305 0.123047
0 0.813477 0.948242 0.123047 0.087891
0 0.179688 0.060547 0.070312 0.087891
0 0.182617 0.19043 0.077148 0.086914
0 0.09668 0.015625 0.06543 0.032227
0 0.182617 0.188477 0.083008 0.082031
0 0.958984 0.31543 0.075195 0.097656
0 0.24707 0.248047 0.054688 0.057617
0 0.24707 0.24707 0.064453 0.060547
0 0.651367 0.402344 0.084961 0.080078
0 0.101562 0.868164 0.075195 0.078125
0 0.068359 0.055664 0.082031 0.067383
0 0.227539 0.129883 0.077148 0.080078
