0 0.061523 0.017578 0.064453 0.036133
0 0.193359 0.077148 0.083008 0.084961
0 0.427734 0.038086 0.098633 0.077148
0 0.585938 0.038086 0.058594 0.077148
0 0.063477 0.125 0.073242 0.057617
0 0.242188 0.277344 0.080078 0.173828
0 0.081055 0.379883 0.125977 0.055664
0 0.03418 0.248047 0.068359 0.068359
0 0.045898 0.475586 0.091797 0.06543
0 0.142578 0.472656 0.104492 0.072266
0 0.370117 0.552734 0.115234 0.069336
0 0.121094 0.670898 0.112305 0.089844
0 0.061523 0.635742 0.05957 0.083984
0 0.055664 0.912109 0.086914 0.130859
0 0.137695 0.966797 0.076172 0.06543
0 0.398438 0.831055 0.095703 0.083984
0 0.495117 0.719727 0.12207 0.124023
0 0.606445 0.615234 0.079102 0.088867
0 0.81543 0.618164 0.118164 0.100586
0 0.775391 0.491211 0.079102 0.09668
0 0.740234 0.388672 0.061523 0.072266
0 0.780273 0.123047 0.082031 0.092773
0 0.90625 0.210938 0.088867 0.194336
0 0.980469 0.380859 0.038086 0.110352
0 0.713867 0.761719 0.094727 0.095703
0 0.526367 0.836914 0.120117 0.09375
0 0.615234 0.936523 0.077148 0.100586
0 0.72168 0.914062 0.104492 0.161133
0 0.816406 0.830078 0.09082 0.15332
0 0.916016 0.77832 0.118164 0.200195
