0 0.966797 0.708984 0.06543 0.094727
0 0.860352 0.827148 0.112305 0.080078
0 0.972656 0.05957 0.052734 0.086914
0 0.104492 0.443359 0.099609 0.117188
0 0.243164 0.551758 0.072266 0.094727
0 0.858398 0.580078 0.091797 0.12793
0 0.100586 0.558594 0.099609 0.09668
0 0.186523 0.230469 0.135742 0.092773
0 0.942383 0.211914 0.115234 0.120117
0 0.753906 0.417969 0.110352 0.143555
0 0.791992 0.660156 0.070312 0.077148
0 0.75 0.907227 0.102539 0.099609
0 0.841797 0.297852 0.105469 0.092773
0 0.051758 0.767578 0.103516 0.110352
0 0.832031 0.776367 0.099609 0.075195
0 0.658203 0.063477 0.107422 0.126953
