0 0.953125 0.973633 0.089844 0.052734
0 0.905273 0.717773 0.102539 0.115234
0 0.472656 0.641602 0.112305 0.12793
0 0.733398 0.880859 0.087891 0.126953
0 0.490234 0.884766 0.120117 0.12793
0 0.509766 0.489258 0.089844 0.080078
0 0.551758 0.969727 0.084961 0.060547
0 0.327148 0.615234 0.081055 0.095703
0 0.381836 0.239258 0.165039 0.149414
0 0.837891 0.885742 0.073242 0.072266
0 0.158203 0.838867 0.115234 0.110352
0 0.711914 0.597656 0.165039 0.147461
0 0.925781 0.490234 0.095703 0.196289
0 0.65918 0.414062 0.139648 0.15918
0 0.375 0.522461 0.084961 0.083008
0 0.963867 0.323242 0.072266 0.175781
0 0.356445 0.923828 0.06543 0.05957
0 0.819336 0.251953 0.070312 0.109375
0 0.077148 0.359375 0.132812 0.177734
0 0.951172 0.038086 0.097656 0.072266
0 0.771484 0.974609 0.06543 0.050781
0 0.616211 0.229492 0.120117 0.061523
0 0.037109 0.071289 0.070312 0.139648
0 0.030273 0.216797 0.056641 0.099609
0 0.055664 0.49707 0.107422 0.119141
0 0.050781 0.700195 0.097656 0.112305
0 0.893555 0.324219 0.072266 0.225586
0 0.337891 0.288086 0.073242 0.103516
0 0.862305 0.517578 0.085938 0.135742
0 0.963867 0.223633 0.069336 0.099609
0 0.835938 0.665039 0.077148 0.074219
0 0.606445 0.107422 0.09375 0.102539
0 0.026367 0.382812 0.053711 0.091797
