0 0.852539 0.148438 0.075195 0.100586
0 0.825195 0.805664 0.076172 0.079102
0 0.949219 0.529297 0.054688 0.083984
0 0.870117 0.416016 0.06543 0.097656
0 0.983398 0.448242 0.032227 0.106445
0 0.901367 0.568359 0.068359 0.076172
0 0.924805 0.155273 0.049805 0.083008
0 0.046875 0.436523 0.070312 0.105469
0 0.168945 0.522461 0.128906 0.085938
0 0.439453 0.371094 0.089844 0.105469
0 0.636719 0.079102 0.051758 0.075195
0 0.624023 0.862305 0.083984 0.075195
0 0.574219 0.108398 0.06543 0.075195
0 0.039062 0.500977 0.078125 0.058594
0 0.697266 0.630859 0.05957 0.097656
0 0.59082 0.378906 0.112305 0.047852
0 0.078125 0.074219 0.118164 0.088867
0 0.608398 0.651367 0.058594 0.074219
0 0.24707 0.868164 0.054688 0.083984
0 0.280273 0.834961 0.089844 0.113281
0 0.955078 0.865234 0.071289 0.091797
0 0.487305 0.165039 0.095703 0.110352
0 0.879883 0.785156 0.086914 0.124023
0 0.791992 0.455078 0.040039 0.099609
0 0.422852 0.779297 0.064453 0.110352
0 0.234375 0.201172 0.131836 0.080078
0 0.688477 0.230469 0.067383 0.073242
0 0.181641 0.206055 0.105469 0.085938
0 0.636719 0.810547 0.058594 0.081055
0 0.75 0.095703 0.077148 0.050781
0 0.408203 0.212891 0.092773 0.082031
0 0.740234 0.458984 0.048828 0.119141
0 0.521484 0.911133 0.058594 0.086914
0 0.376953 0.341797 0.063477 0.067383
0 0.225586 0.029297 0.055664 0.058594
0 0.208984 0.425781 0.085938 0.060547
0 0.446289 0.97168 0.064453 0.052734
0 0.989258 0.579102 0.021484 0.075195
0 0.516602 0.525391 0.074219 0.083984
0 0.573242 0.928711 0.051758 0.072266
0 0.203125 0.355469 0.068359 0.072266
0 0.132812 0.223633 0.064453 0.067383
0 0.126953 0.789062 0.107422 0.072266
0 0.972656 0.251953 0.053711 0.047852
0 0.654297 0.331055 0.079102 0.046875
0 0.509766 0.767578 0.081055 0.050781
0 0.319336 0.584961 0.087891 0.044922
0 0.360352 0.254883 0.03125 0.063477
0 0.205078 0.664062 0.080078 0.06543
0 0.038086 0.808594 0.066406 0.06543
0 0.486328 0.454102 0.041992 0.069336
0 0.024414 0.917969 0.048828 0.040039
0 0.345703 0.041992 0.0625 0.052734
0 0.668945 0.264648 0.067383 0.040039
0 0.385742 0.161133 0.063477 0.051758
0 0.860352 0.672852 0.054688 0.064453
0 0.722656 0.527344 0.088867 0.033203
0 0.130859 0.740234 0.074219 0.099609
0 0.568359 0.984375 0.097656 0.030273
0 0.395508 0.469727 0.111328 0.051758
0 0.833008 0.414062 0.058594 0.066406
0 0.361328 0.805664 0.056641 0.053711
0 0.165039 0.739258 0.145508 0.09668
0 0.9375 0.015625 0.052734 0.032227
0 0.191406 0.879883 0.092773 0.043945
0 0.736328 0.014648 0.027344 0.029297
0 0.910156 0.291992 0.072266 0.040039
0 0.646484 0.541992 0.027344 0.057617
0 0.855469 0.905273 0.056641 0.044922
0 0.272461 0.670898 0.055664 0.044922
