0 0.202148 0.021484 0.089844 0.043945
0 0.03125 0.041016 0.05957 0.063477
0 0.322266 0.024414 0.106445 0.049805
0 0.416016 0.043945 0.080078 0.0625
0 0.233398 0.326172 0.097656 0.049805
0 0.253906 0.395508 0.067383 0.056641
0 0.09668 0.376953 0.102539 0.071289
0 0.138672 0.455078 0.080078 0.088867
0 0.022461 0.378906 0.044922 0.094727
0 0.058594 0.452148 0.118164 0.075195
0 0.039062 0.541992 0.056641 0.089844
0 0.234375 0.49707 0.109375 0.071289
0 0.480469 0.410156 0.132812 0.081055
0 0.550781 0.505859 0.111328 0.087891
0 0.630859 0.416992 0.094727 0.063477
0 0.698242 0.444336 0.106445 0.05957
0 0.788086 0.388672 0.09668 0.078125
0 0.637695 0.564453 0.066406 0.070312
0 0.650391 0.500977 0.085938 0.074219
0 0.698242 0.581055 0.06543 0.085938
0 0.75293 0.558594 0.058594 0.094727
0 0.765625 0.637695 0.09668 0.103516
0 0.192383 0.681641 0.092773 0.09375
0 0.238281 0.666992 0.064453 0.079102
0 0.040039 0.625 0.047852 0.056641
0 0.325195 0.738281 0.081055 0.083008
0 0.274414 0.77832 0.058594 0.081055
0 0.220703 0.771484 0.067383 0.077148
0 0.178711 0.799805 0.046875 0.058594
0 0.131836 0.887695 0.063477 0.074219
0 0.19043 0.942383 0.078125 0.082031
0 0.213867 0.863281 0.080078 0.084961
0 0.303711 0.84668 0.071289 0.074219
0 0.290039 0.902344 0.085938 0.0625
0 0.344727 0.967773 0.072266 0.063477
0 0.505859 0.895508 0.111328 0.074219
0 0.495117 0.977539 0.080078 0.043945
0 0.52832 0.68457 0.05957 0.072266
0 0.499023 0.754883 0.076172 0.078125
0 0.577148 0.708984 0.068359 0.081055
0 0.648438 0.720703 0.100586 0.079102
0 0.566406 0.817383 0.087891 0.121094
0 0.62207 0.873047 0.087891 0.092773
0 0.679688 0.803711 0.067383 0.081055
0 0.733398 0.817383 0.06543 0.083008
0 0.885742 0.888672 0.095703 0.083984
0 0.954102 0.84082 0.084961 0.069336
0 0.918945 0.799805 0.077148 0.098633
0 0.854492 0.750977 0.071289 0.09375
0 0.794922 0.750977 0.064453 0.05957
0 0.908203 0.668945 0.070312 0.070312
0 0.983398 0.462891 0.033203 0.058594
0 0.949219 0.416016 0.080078 0.083984
0 0.807617 0.082031 0.073242 0.076172
0 0.631836 0.05957 0.089844 0.068359
0 0.105469 0.251953 0.068359 0.049805
0 0.723633 0.975586 0.074219 0.047852
0 0.446289 0.863281 0.085938 0.069336
