0 0.878906 0.408203 0.079102 0.056641
0 0.410156 0.587891 0.083984 0.064453
0 0.290039 0.320312 0.079102 0.049805
0 0.751953 0.521484 0.09082 0.104492
0 0.126953 0.386719 0.078125 0.045898
0 0.106445 0.448242 0.120117 0.079102
0 0.910156 0.335938 0.057617 0.073242
0 0.243164 0.955078 0.078125 0.083984
0 0.845703 0.323242 0.086914 0.073242
0 0.178711 0.314453 0.074219 0.094727
0 0.285156 0.360352 0.061523 0.045898
0 0.884766 0.723633 0.067383 0.067383
0 0.975586 0.517578 0.048828 0.071289
0 0.118164 0.164062 0.111328 0.119141
0 0.341797 0.967773 0.089844 0.064453
0 0.435547 0.158203 0.09082 0.087891
0 0.908203 0.501953 0.081055 0.071289
0 0.855469 0.626953 0.075195 0.150391
0 0.745117 0.730469 0.077148 0.114258
0 0.698242 0.847656 0.095703 0.111328
0 0.785156 0.088867 0.078125 0.147461
0 0.922852 0.092773 0.09668 0.140625
0 0.357422 0.212891 0.103516 0.15625
0 0.104492 0.044922 0.146484 0.080078
0 0.31543 0.042969 0.100586 0.086914
0 0.336914 0.483398 0.110352 0.172852
0 0.780273 0.427734 0.087891 0.061523
0 0.250977 0.87207 0.083008 0.084961
0 0.789062 0.848633 0.089844 0.069336
0 0.896484 0.269531 0.080078 0.072266
0 0.259766 0.131836 0.102539 0.118164
0 0.233398 0.232422 0.087891 0.106445
0 0.275391 0.244141 0.040039 0.0625
0 0.654297 0.395508 0.095703 0.054688
0 0.328125 0.129883 0.05957 0.09082
