0 0.499023 0.370117 0.084961 0.086914
0 0.655273 0.467773 0.083008 0.086914
0 0.512695 0.28125 0.092773 0.120117
0 0.386719 0.235352 0.110352 0.112305
0 0.636719 0.821289 0.094727 0.094727
0 0.523438 0.836914 0.072266 0.075195
0 0.59375 0.27832 0.050781 0.073242
0 0.457031 0.650391 0.064453 0.048828
0 0.064453 0.135742 0.089844 0.091797
0 0.572266 0.780273 0.080078 0.073242
0 0.666016 0.024414 0.117188 0.044922
0 0.019531 0.239258 0.040039 0.054688
0 0.394531 0.320312 0.099609 0.09668
0 0.43457 0.212891 0.080078 0.107422
0 0.564453 0.314453 0.053711 0.075195
