0 0.782227 0.210938 0.066406 0.082031
0 0.255859 0.388672 0.081055 0.077148
0 0.390625 0.415039 0.106445 0.077148
0 0.65918 0.713867 0.076172 0.101562
0 0.702148 0.020508 0.066406 0.041992
0 0.651367 0.155273 0.051758 0.084961
0 0.530273 0.03125 0.057617 0.063477
0 0.051758 0.805664 0.100586 0.107422
0 0.021484 0.320312 0.043945 0.083984
0 0.888672 0.979492 0.064453 0.036133
0 0.746094 0.436523 0.09082 0.066406
0 0.611328 0.217773 0.135742 0.067383
0 0.254883 0.259766 0.108398 0.057617
0 0.554688 0.662109 0.114258 0.073242
0 0.561523 0.970703 0.106445 0.047852
0 0.223633 0.458984 0.082031 0.038086
0 0.344727 0.220703 0.091797 0.044922
0 0.638672 0.411133 0.06543 0.046875
0 0.804688 0.210938 0.057617 0.079102
0 0.249023 0.668945 0.104492 0.076172
0 0.485352 0.77832 0.108398 0.052734
0 0.367188 0.704102 0.106445 0.043945
0 0.980469 0.154297 0.039062 0.03418
0 0.790039 0.519531 0.104492 0.058594
0 0.923828 0.222656 0.057617 0.050781
0 0.104492 0.964844 0.077148 0.035156
0 0.591797 0.333008 0.06543 0.043945
0 0.109375 0.880859 0.069336 0.057617
0 0.229492 0.161133 0.075195 0.025391
0 0.577148 0.442383 0.054688 0.12793
0 0.933594 0.019531 0.033203 0.037109
0 0.238281 0.056641 0.09668 0.064453
0 0.036133 0.860352 0.073242 0.019531
0 0.270508 0.104492 0.083984 0.055664
0 0.12207 0.594727 0.110352 0.051758
0 0.637695 0.121094 0.075195 0.038086
0 0.203125 0.285156 0.091797 0.045898
0 0.587891 0.705078 0.076172 0.041016
0 0.961914 0.40625 0.076172 0.044922
0 0.633789 0.501953 0.040039 0.050781
0 0.933594 0.950195 0.083008 0.022461
0 0.862305 0.129883 0.066406 0.053711
0 0.714844 0.228516 0.107422 0.047852
0 0.582031 0.014648 0.061523 0.030273
0 0.020508 0.518555 0.041992 0.02832
0 0.886719 0.672852 0.056641 0.038086
0 0.214844 0.517578 0.079102 0.049805
0 0.110352 0.870117 0.06543 0.042969
0 0.342773 0.089844 0.054688 0.033203
0 0.606445 0.012695 0.051758 0.026367
0 0.088867 0.950195 0.048828 0.03125
0 0.981445 0.4375 0.03418 0.041016
0 0.274414 0.209961 0.102539 0.048828
0 0.169922 0.475586 0.09082 0.0625
0 0.552734 0.367188 0.043945 0.037109
0 0.705078 0.624023 0.066406 0.046875
0 0.989258 0.59082 0.020508 0.023438
0 0.476562 0.689453 0.083984 0.06543
0 0.916992 0.785156 0.045898 0.041992
0 0.59082 0.958984 0.044922 0.017578
0 0.016602 0.341797 0.033203 0.047852
0 0.104492 0.398438 0.083984 0.029297
0 0.039062 0.5625 0.037109 0.043945
0 0.211914 0.884766 0.107422 0.044922
0 0.057617 0.046875 0.108398 0.070312
0 0.182617 0.03125 0.09375 0.045898
0 0.304688 0.1875 0.077148 0.047852
0 0.161133 0.304688 0.070312 0.035156
