0 0.332031 0.456055 0.070312 0.070312
0 0.301758 0.59375 0.089844 0.084961
0 0.193359 0.055664 0.080078 0.104492
0 0.413086 0.608398 0.082031 0.072266
0 0.211914 0.419922 0.095703 0.080078
0 0.74707 0.204102 0.109375 0.075195
0 0.131836 0.291992 0.084961 0.095703
0 0.689453 0.719727 0.084961 0.125
0 0.572266 0.054688 0.099609 0.080078
0 0.446289 0.222656 0.139648 0.12793
0 0.753906 0.612305 0.068359 0.052734
0 0.87793 0.750977 0.085938 0.140625
0 0.735352 0.854492 0.112305 0.095703
0 0.250977 0.760742 0.0625 0.06543
0 0.581055 0.44043 0.057617 0.060547
0 0.188477 0.859375 0.076172 0.072266
0 0.748047 0.37207 0.063477 0.05957
0 0.163086 0.368164 0.0625 0.049805
0 0.166016 0.756836 0.070312 0.075195
0 0.03418 0.485352 0.064453 0.064453
0 0.098633 0.603516 0.089844 0.086914
0 0.077148 0.396484 0.054688 0.075195
0 0.025391 0.411133 0.051758 0.104492
0 0.795898 0.053711 0.087891 0.094727
0 0.851562 0.066406 0.075195 0.107422
0 0.037109 0.663086 0.073242 0.116211
0 0.078125 0.761719 0.0625 0.044922
0 0.356445 0.390625 0.101562 0.055664
