0 0.947266 0.200195 0.105469 0.121094
0 0.380859 0.341797 0.091797 0.120117
0 0.960938 0.426758 0.077148 0.098633
0 0.297852 0.782227 0.112305 0.189453
0 0.97168 0.617188 0.055664 0.205078
0 0.31543 0.473633 0.172852 0.182617
0 0.682617 0.509766 0.071289 0.105469
0 0.47168 0.631836 0.089844 0.129883
0 0.722656 0.620117 0.163086 0.272461
0 0.391602 0.945312 0.080078 0.086914
0 0.432617 0.197266 0.166016 0.09668
0 0.927734 0.073242 0.140625 0.063477
0 0.52832 0.947266 0.0625 0.102539
0 0.542969 0.025391 0.09375 0.051758
0 0.478516 0.862305 0.078125 0.275391
0 0.412109 0.672852 0.105469 0.172852
0 0.106445 0.577148 0.208984 0.115234
0 0.490234 0.12207 0.189453 0.100586
0 0.588867 0.152344 0.200195 0.304688
0 0.901367 0.949219 0.094727 0.100586
0 0.918945 0.117188 0.161133 0.136719
