0 0.376953 0.067383 0.063477 0.069336
0 0.422852 0.09668 0.06543 0.047852
0 0.548828 0.088867 0.060547 0.052734
0 0.483398 0.024414 0.06543 0.049805
0 0.728516 0.104492 0.086914 0.05957
0 0.810547 0.073242 0.072266 0.0625
0 0.866211 0.019531 0.082031 0.039062
0 0.211914 0.148438 0.080078 0.071289
0 0.141602 0.09668 0.057617 0.083984
0 0.070312 0.097656 0.083984 0.063477
0 0.057617 0.043945 0.067383 0.073242
0 0.033203 0.178711 0.063477 0.080078
0 0.175781 0.321289 0.0625 0.066406
0 0.120117 0.320312 0.064453 0.049805
0 0.075195 0.34668 0.072266 0.082031
0 0.03125 0.321289 0.0625 0.085938
0 0.604492 0.37793 0.088867 0.12793
0 0.706055 0.387695 0.069336 0.079102
0 0.768555 0.336914 0.073242 0.078125
0 0.922852 0.373047 0.073242 0.063477
0 0.980469 0.364258 0.038086 0.067383
0 0.977539 0.100586 0.043945 0.070312
0 0.955078 0.728516 0.072266 0.076172
0 0.915039 0.665039 0.05957 0.053711
0 0.896484 0.488281 0.050781 0.100586
0 0.760742 0.522461 0.056641 0.068359
0 0.49707 0.452148 0.055664 0.049805
0 0.383789 0.592773 0.080078 0.105469
0 0.582031 0.605469 0.136719 0.066406
0 0.742188 0.775391 0.083008 0.098633
0 0.381836 0.663086 0.09668 0.064453
0 0.412109 0.787109 0.109375 0.116211
0 0.506836 0.895508 0.074219 0.052734
0 0.491211 0.964844 0.076172 0.070312
0 0.607422 0.922852 0.068359 0.073242
0 0.203125 0.975586 0.073242 0.048828
0 0.739258 0.931641 0.071289 0.058594
0 0.076172 0.930664 0.057617 0.047852
0 0.042969 0.905273 0.086914 0.048828
0 0.081055 0.542969 0.120117 0.056641
0 0.195312 0.523438 0.081055 0.061523
0 0.711914 0.142578 0.0625 0.047852
0 0.668945 0.179688 0.055664 0.042969
