0 0.035156 0.136719 0.067383 0.124023
0 0.960938 0.795898 0.078125 0.066406
0 0.542969 0.030273 0.100586 0.061523
0 0.191406 0.108398 0.120117 0.09668
0 0.326172 0.141602 0.106445 0.108398
0 0.669922 0.116211 0.06543 0.131836
0 0.822266 0.088867 0.053711 0.089844
0 0.891602 0.15625 0.063477 0.066406
0 0.90625 0.233398 0.115234 0.064453
0 0.742188 0.228516 0.085938 0.116211
0 0.513672 0.283203 0.125977 0.070312
0 0.351562 0.273438 0.091797 0.125
0 0.832031 0.298828 0.098633 0.048828
0 0.90332 0.026367 0.083984 0.053711
0 0.019531 0.291016 0.040039 0.060547
0 0.103516 0.537109 0.115234 0.109375
0 0.152344 0.500977 0.143555 0.120117
0 0.360352 0.577148 0.045898 0.106445
0 0.483398 0.498047 0.052734 0.116211
0 0.626953 0.494141 0.183594 0.103516
0 0.918945 0.636719 0.152344 0.228516
0 0.954102 0.547852 0.09082 0.130859
0 0.751953 0.670898 0.141602 0.167969
0 0.732422 0.769531 0.155273 0.094727
0 0.732422 0.838867 0.151367 0.06543
0 0.831055 0.941406 0.155273 0.117188
0 0.888672 0.887695 0.113281 0.070312
0 0.532227 0.938477 0.087891 0.071289
0 0.429688 0.614258 0.073242 0.155273
0 0.454102 0.791992 0.09082 0.083984
0 0.288086 0.666016 0.092773 0.074219
0 0.21582 0.696289 0.098633 0.050781
0 0.232422 0.74707 0.088867 0.063477
0 0.064453 0.851562 0.092773 0.0625
0 0.035156 0.796875 0.071289 0.069336
0 0.114258 0.938477 0.112305 0.12207
0 0.318359 0.819336 0.077148 0.049805
0 0.541016 0.633789 0.049805 0.060547
0 0.405273 0.389648 0.085938 0.036133
0 0.373047 0.448242 0.057617 0.051758
0 0.298828 0.295898 0.087891 0.047852
0 0.495117 0.117188 0.050781 0.044922
0 0.376953 0.079102 0.097656 0.041016
0 0.087891 0.234375 0.058594 0.116211
0 0.772461 0.125977 0.0625 0.045898
0 0.491211 0.586914 0.086914 0.071289
0 0.486328 0.041016 0.078125 0.082031
0 0.594727 0.649414 0.094727 0.081055
0 0.666016 0.723633 0.054688 0.080078
0 0.484375 0.885742 0.091797 0.06543
0 0.686523 0.904297 0.098633 0.057617
