0 0.673828 0.963867 0.113281 0.072266
0 0.541992 0.223633 0.080078 0.072266
0 0.073242 0.683594 0.124023 0.09375
0 0.680664 0.473633 0.082031 0.09668
0 0.744141 0.705078 0.075195 0.077148
0 0.036133 0.408203 0.072266 0.097656
0 0.02832 0.116211 0.056641 0.075195
0 0.807617 0.027344 0.172852 0.054688
0 0.773438 0.499023 0.05957 0.080078
0 0.649414 0.046875 0.075195 0.064453
0 0.633789 0.324219 0.075195 0.05957
0 0.780273 0.19043 0.112305 0.072266
0 0.530273 0.944336 0.092773 0.064453
0 0.501953 0.080078 0.089844 0.057617
0 0.702148 0.101562 0.054688 0.055664
0 0.799805 0.074219 0.099609 0.080078
0 0.070312 0.398438 0.092773 0.107422
0 0.546875 0.538086 0.052734 0.087891
0 0.765625 0.142578 0.117188 0.067383
0 0.957031 0.217773 0.085938 0.108398
0 0.967773 0.291992 0.063477 0.068359
0 0.908203 0.978516 0.137695 0.041992
