0 0.025391 0.085938 0.051758 0.100586
0 0.048828 0.147461 0.076172 0.047852
0 0.133789 0.061523 0.085938 0.12207
0 0.317383 0.045898 0.085938 0.089844
0 0.335938 0.141602 0.06543 0.063477
0 0.21582 0.201172 0.054688 0.049805
0 0.125977 0.268555 0.070312 0.044922
0 0.209961 0.300781 0.089844 0.058594
0 0.260742 0.347656 0.06543 0.060547
0 0.087891 0.395508 0.072266 0.068359
0 0.080078 0.632812 0.091797 0.06543
0 0.052734 0.683594 0.080078 0.050781
0 0.292969 0.745117 0.074219 0.095703
0 0.237305 0.84375 0.107422 0.076172
0 0.295898 0.932617 0.074219 0.0625
0 0.233398 0.948242 0.047852 0.048828
0 0.112305 0.963867 0.0625 0.071289
0 0.199219 0.972656 0.055664 0.054688
0 0.362305 0.973633 0.105469 0.051758
0 0.679688 0.963867 0.077148 0.071289
0 0.578125 0.910156 0.066406 0.098633
0 0.480469 0.857422 0.047852 0.045898
0 0.389648 0.804688 0.056641 0.06543
0 0.446289 0.803711 0.055664 0.057617
0 0.393555 0.72168 0.051758 0.051758
0 0.552734 0.763672 0.064453 0.06543
0 0.702148 0.737305 0.070312 0.074219
0 0.780273 0.833008 0.064453 0.067383
0 0.861328 0.805664 0.097656 0.057617
0 0.870117 0.879883 0.081055 0.05957
0 0.960938 0.833984 0.078125 0.072266
0 0.980469 0.694336 0.038086 0.089844
0 0.611328 0.634766 0.078125 0.085938
0 0.777344 0.632812 0.050781 0.06543
0 0.84668 0.55957 0.06543 0.089844
0 0.737305 0.467773 0.069336 0.076172
0 0.494141 0.423828 0.103516 0.068359
0 0.392578 0.494141 0.074219 0.133789
0 0.745117 0.365234 0.085938 0.066406
0 0.59668 0.291016 0.101562 0.082031
0 0.750977 0.279297 0.060547 0.051758
0 0.886719 0.301758 0.109375 0.069336
0 0.705078 0.166016 0.063477 0.066406
0 0.945312 0.129883 0.0625 0.066406
0 0.470703 0.25293 0.088867 0.041016
0 0.512695 0.31543 0.068359 0.06543
0 0.945312 0.018555 0.095703 0.036133
0 0.887695 0.498047 0.06543 0.061523
0 0.931641 0.547852 0.097656 0.047852
0 0.982422 0.574219 0.03418 0.126953
0 0.021484 0.361328 0.039062 0.083008
0 0.904297 0.625977 0.064453 0.041992
0 0.819336 0.712891 0.056641 0.054688
0 0.549805 0.570312 0.046875 0.056641
0 0.019531 0.261719 0.040039 0.06543
0 0.142578 0.525391 0.041992 0.041992
0 0.638672 0.599609 0.045898 0.050781
0 0.021484 0.874023 0.042969 0.055664
0 0.555664 0.624023 0.044922 0.058594
0 0.508789 0.646484 0.047852 0.050781
0 0.836914 0.013672 0.057617 0.026367
0 0.036133 0.987305 0.048828 0.021484
