0 0.288086 0.306641 0.068359 0.09082
0 0.680664 0.603516 0.072266 0.087891
0 0.351562 0.625977 0.060547 0.080078
0 0.327148 0.207031 0.076172 0.083984
0 0.695312 0.75293 0.050781 0.073242
0 0.451172 0.351562 0.0625 0.095703
0 0.454102 0.40332 0.069336 0.06543
0 0.178711 0.101562 0.087891 0.115234
0 0.797852 0.373047 0.046875 0.079102
0 0.010742 0.207031 0.021484 0.073242
0 0.268555 0.703125 0.100586 0.084961
0 0.507812 0.583984 0.050781 0.072266
0 0.227539 0.402344 0.058594 0.072266
0 0.561523 0.380859 0.082031 0.09082
0 0.618164 0.649414 0.045898 0.06543
0 0.545898 0.072266 0.056641 0.104492
0 0.262695 0.78125 0.06543 0.068359
0 0.387695 0.557617 0.064453 0.083984
0 0.157227 0.389648 0.083008 0.058594
0 0.798828 0.650391 0.083984 0.078125
0 0.114258 0.042969 0.074219 0.077148
0 0.299805 0.493164 0.081055 0.079102
0 0.201172 0.045898 0.081055 0.084961
0 0.408203 0.266602 0.075195 0.061523
0 0.147461 0.296875 0.049805 0.064453
0 0.370117 0.081055 0.131836 0.113281
0 0.420898 0.029297 0.035156 0.05957
0 0.512695 0.708984 0.051758 0.050781
0 0.933594 0.976562 0.047852 0.045898
0 0.013672 0.714844 0.02832 0.045898
0 0.975586 0.089844 0.047852 0.089844
0 0.036133 0.335938 0.073242 0.078125
0 0.355469 0.375977 0.056641 0.077148
0 0.943359 0.124023 0.051758 0.088867
0 0.835938 0.619141 0.102539 0.064453
0 0.671875 0.40332 0.050781 0.057617
0 0.963867 0.604492 0.049805 0.063477
0 0.875 0.053711 0.054688 0.097656
0 0.234375 0.634766 0.069336 0.058594
0 0.805664 0.160156 0.076172 0.098633
0 0.554688 0.311523 0.066406 0.061523
0 0.091797 0.796875 0.05957 0.073242
0 0.393555 0.0625 0.048828 0.055664
0 0.666992 0.259766 0.058594 0.055664
0 0.016602 0.367188 0.03418 0.048828
0 0.594727 0.446289 0.069336 0.045898
0 0.896484 0.431641 0.06543 0.057617
0 0.500977 0.646484 0.058594 0.075195
0 0.274414 0.037109 0.074219 0.074219
0 0.686523 0.182617 0.047852 0.086914
0 0.230469 0.779297 0.042969 0.035156
0 0.160156 0.699219 0.080078 0.051758
0 0.757812 0.152344 0.066406 0.137695
0 0.339844 0.374023 0.051758 0.081055
0 0.375977 0.020508 0.045898 0.041992
0 0.796875 0.03125 0.060547 0.063477
0 0.81543 0.212891 0.024414 0.039062
0 0.638672 0.40918 0.041992 0.045898
0 0.121094 0.586914 0.069336 0.100586
0 0.138672 0.539062 0.079102 0.070312
0 0.022461 0.514648 0.045898 0.074219
