0 0.088867 0.206055 0.12207 0.108398
0 0.076172 0.114258 0.100586 0.09082
0 0.279297 0.592773 0.12793 0.095703
0 0.826172 0.78125 0.264648 0.193359
0 0.44043 0.826172 0.131836 0.107422
0 0.720703 0.517578 0.142578 0.077148
0 0.498047 0.183594 0.089844 0.067383
0 0.282227 0.162109 0.170898 0.140625
0 0.822266 0.323242 0.139648 0.075195
0 0.255859 0.488281 0.207031 0.118164
0 0.895508 0.526367 0.208008 0.110352
0 0.334961 0.40332 0.169922 0.149414
0 0.18457 0.838867 0.107422 0.126953
0 0.398438 0.15625 0.125 0.097656
0 0.948242 0.381836 0.101562 0.116211
0 0.631836 0.040039 0.21582 0.080078
0 0.445312 0.729492 0.176758 0.105469
0 0.689453 0.400391 0.189453 0.086914
0 0.568359 0.438477 0.158203 0.107422
0 0.592773 0.663086 0.205078 0.172852
0 0.625 0.800781 0.182617 0.107422
0 0.095703 0.958008 0.115234 0.080078
0 0.791016 0.432617 0.087891 0.067383
0 0.46875 0.600586 0.120117 0.072266
0 0.560547 0.364258 0.107422 0.05957
0 0.839844 0.268555 0.149414 0.085938
