0 0.541016 0.350586 0.132812 0.102539
0 0.52832 0.838867 0.081055 0.085938
0 0.730469 0.743164 0.092773 0.087891
0 0.650391 0.896484 0.097656 0.09082
0 0.416992 0.458984 0.095703 0.084961
0 0.438477 0.242188 0.072266 0.130859
0 0.794922 0.280273 0.102539 0.073242
0 0.432617 0.905273 0.072266 0.074219
0 0.529297 0.712891 0.084961 0.086914
0 0.841797 0.560547 0.115234 0.107422
0 0.822266 0.186523 0.179688 0.129883
0 0.974609 0.654297 0.050781 0.075195
0 0.825195 0.428711 0.083008 0.075195
0 0.935547 0.753906 0.102539 0.084961
0 0.732422 0.969727 0.079102 0.05957
0 0.975586 0.811523 0.047852 0.079102
0 0.536133 0.269531 0.075195 0.052734
0 0.623047 0.555664 0.056641 0.06543
0 0.87207 0.801758 0.144531 0.075195
0 0.445312 0.787109 0.071289 0.069336
0 0.786133 0.93457 0.099609 0.083008
0 0.716797 0.321289 0.080078 0.094727
0 0.943359 0.229492 0.113281 0.202148
0 0.960938 0.114258 0.076172 0.12207
0 0.929688 0.394531 0.118164 0.074219
0 0.850586 0.875977 0.137695 0.067383
0 0.386719 0.923828 0.085938 0.103516
