0 0.710938 0.405273 0.123047 0.112305
0 0.543945 0.180664 0.114258 0.147461
0 0.274414 0.299805 0.099609 0.099609
0 0.530273 0.617188 0.09668 0.105469
0 0.605469 0.960938 0.112305 0.078125
0 0.944336 0.551758 0.110352 0.129883
0 0.234375 0.4375 0.084961 0.112305
0 0.882812 0.351562 0.108398 0.100586
0 0.113281 0.301758 0.171875 0.099609
0 0.854492 0.859375 0.179688 0.115234
0 0.359375 0.914062 0.105469 0.069336
0 0.970703 0.40625 0.057617 0.054688
0 0.754883 0.104492 0.134766 0.179688
0 0.515625 0.685547 0.092773 0.057617
0 0.677734 0.779297 0.083008 0.06543
0 0.208984 0.726562 0.070312 0.056641
0 0.427734 0.472656 0.099609 0.115234
0 0.490234 0.920898 0.12207 0.152344
0 0.853516 0.661133 0.087891 0.072266
0 0.242188 0.860352 0.064453 0.057617
0 0.066406 0.923828 0.100586 0.075195
0 0.657227 0.496094 0.048828 0.046875
0 0.845703 0.44043 0.057617 0.052734
0 0.610352 0.870117 0.107422 0.092773
0 0.474609 0.110352 0.050781 0.09668
0 0.698242 0.040039 0.082031 0.077148
0 0.304688 0.954102 0.064453 0.075195
0 0.798828 0.818359 0.06543 0.0625
0 0.514648 0.874023 0.089844 0.06543
0 0.90918 0.306641 0.055664 0.05957
0 0.394531 0.202148 0.064453 0.121094
0 0.442383 0.40332 0.070312 0.057617
0 0.163086 0.34375 0.071289 0.056641
0 0.625 0.439453 0.050781 0.054688
0 0.743164 0.199219 0.052734 0.094727
0 0.015625 0.819336 0.027344 0.054688
0 0.601562 0.919922 0.070312 0.160156
0 0.581055 0.411133 0.055664 0.09375
