0 0.0625 0.28125 0.067383 0.091797
0 0.224609 0.229492 0.069336 0.09375
0 0.874023 0.75293 0.058594 0.088867
0 0.554688 0.269531 0.0625 0.09082
0 0.033203 0.477539 0.0625 0.097656
0 0.838867 0.292969 0.075195 0.080078
0 0.673828 0.415039 0.072266 0.089844
0 0.538086 0.171875 0.069336 0.105469
0 0.124023 0.261719 0.076172 0.092773
0 0.421875 0.912109 0.061523 0.091797
0 0.03418 0.104492 0.066406 0.09082
0 0.107422 0.165039 0.082031 0.083984
0 0.126953 0.349609 0.068359 0.091797
0 0.574219 0.595703 0.067383 0.100586
0 0.628906 0.032227 0.058594 0.064453
0 0.776367 0.767578 0.072266 0.072266
0 0.599609 0.388672 0.058594 0.09082
0 0.242188 0.363281 0.064453 0.098633
0 0.702148 0.632812 0.078125 0.103516
0 0.179688 0.485352 0.085938 0.089844
0 0.973633 0.634766 0.046875 0.119141
0 0.447266 0.674805 0.064453 0.069336
0 0.762695 0.527344 0.071289 0.082031
0 0.729492 0.969727 0.061523 0.054688
0 0.367188 0.731445 0.0625 0.081055
0 0.954102 0.713867 0.052734 0.104492
0 0.089844 0.683594 0.076172 0.107422
0 0.152344 0.529297 0.09082 0.094727
0 0.426758 0.173828 0.089844 0.126953
0 0.0625 0.081055 0.072266 0.087891
0 0.527344 0.068359 0.051758 0.118164
0 0.426758 0.295898 0.06543 0.098633
0 0.871094 0.045898 0.039062 0.083984
0 0.611328 0.898438 0.061523 0.064453
0 0.294922 0.389648 0.071289 0.100586
0 0.186523 0.938477 0.067383 0.057617
0 0.279297 0.970703 0.09082 0.053711
0 0.354492 0.576172 0.066406 0.076172
0 0.181641 0.973633 0.069336 0.048828
0 0.606445 0.512695 0.048828 0.086914
0 0.592773 0.775391 0.052734 0.06543
0 0.826172 0.364258 0.044922 0.091797
0 0.445312 0.264648 0.109375 0.080078
0 0.972656 0.566406 0.053711 0.109375
0 0.115234 0.921875 0.084961 0.058594
0 0.920898 0.976562 0.049805 0.046875
0 0.771484 0.02832 0.048828 0.056641
0 0.199219 0.331055 0.063477 0.099609
0 0.487305 0.688477 0.050781 0.071289
0 0.21582 0.665039 0.071289 0.063477
0 0.989258 0.022461 0.021484 0.044922
0 0.65625 0.116211 0.055664 0.089844
0 0.966797 0.975586 0.040039 0.048828
0 0.893555 0.740234 0.041992 0.068359
0 0.169922 0.668945 0.042969 0.05957
0 0.662109 0.024414 0.040039 0.048828
0 0.462891 0.029297 0.039062 0.058594
0 0.55957 0.368164 0.050781 0.111328
0 0.193359 0.771484 0.046875 0.060547
0 0.952148 0.667969 0.053711 0.06543
0 0.111328 0.435547 0.047852 0.06543
0 0.148438 0.727539 0.074219 0.033203
0 0.163086 0.026367 0.054688 0.052734
0 0.748047 0.532227 0.051758 0.063477
0 0.204102 0.561523 0.064453 0.046875
