0 0.147461 0.073242 0.087891 0.054688
0 0.103516 0.189453 0.071289 0.076172
0 0.461914 0.677734 0.113281 0.047852
0 0.232422 0.430664 0.068359 0.076172
0 0.068359 0.486328 0.120117 0.113281
0 0.705078 0.53418 0.115234 0.058594
0 0.959961 0.404297 0.073242 0.061523
0 0.208008 0.206055 0.121094 0.086914
0 0.349609 0.708008 0.070312 0.086914
0 0.980469 0.154297 0.038086 0.095703
0 0.354492 0.243164 0.125977 0.066406
0 0.298828 0.898438 0.083008 0.091797
0 0.273438 0.162109 0.073242 0.085938
0 0.119141 0.859375 0.09668 0.052734
0 0.060547 0.890625 0.097656 0.072266
0 0.664062 0.267578 0.070312 0.036133
0 0.544922 0.665039 0.124023 0.048828
0 0.723633 0.426758 0.063477 0.053711
0 0.978516 0.274414 0.038086 0.063477
0 0.416992 0.856445 0.085938 0.055664
0 0.418945 0.296875 0.069336 0.037109
0 0.695312 0.71875 0.047852 0.070312
0 0.867188 0.197266 0.0625 0.06543
0 0.598633 0.97168 0.069336 0.03418
0 0.050781 0.794922 0.089844 0.052734
0 0.15918 0.523438 0.068359 0.063477
0 0.290039 0.976562 0.080078 0.038086
0 0.6875 0.756836 0.078125 0.043945
0 0.015625 0.782227 0.03125 0.05957
0 0.758789 0.889648 0.09375 0.038086
0 0.448242 0.594727 0.111328 0.041992
0 0.71582 0.316406 0.043945 0.053711
0 0.328125 0.282227 0.097656 0.043945
0 0.713867 0.789062 0.105469 0.045898
0 0.021484 0.669922 0.042969 0.03418
0 0.277344 0.731445 0.073242 0.039062
0 0.083984 0.271484 0.09375 0.052734
0 0.009766 0.975586 0.019531 0.036133
0 0.688477 0.248047 0.046875 0.039062
0 0.87207 0.935547 0.073242 0.052734
0 0.027344 0.902344 0.055664 0.023438
0 0.230469 0.329102 0.051758 0.051758
0 0.978516 0.316406 0.041992 0.03418
0 0.104492 0.768555 0.061523 0.055664
0 0.026367 0.928711 0.052734 0.032227
0 0.933594 0.635742 0.068359 0.038086
0 0.927734 0.986328 0.042969 0.023438
0 0.374023 0.610352 0.09668 0.042969
0 0.982422 0.5 0.035156 0.036133
0 0.59082 0.213867 0.054688 0.029297
0 0.879883 0.855469 0.038086 0.043945
0 0.033203 0.738281 0.066406 0.041992
0 0.757812 0.94043 0.069336 0.041992
0 0.172852 0.332031 0.050781 0.030273
0 0.161133 0.163086 0.09668 0.041016
0 0.577148 0.458984 0.091797 0.047852
0 0.515625 0.947266 0.09668 0.052734
0 0.171875 0.015625 0.174805 0.03125
0 0.442383 0.835938 0.125 0.050781
0 0.480469 0.649414 0.09668 0.074219
0 0.560547 0.384766 0.050781 0.120117
0 0.586914 0.354492 0.071289 0.042969
0 0.982422 0.681641 0.03418 0.044922
0 0.365234 0.306641 0.048828 0.038086
