0 0.067383 0.942383 0.114258 0.101562
0 0.163086 0.96875 0.06543 0.0625
0 0.223633 0.921875 0.080078 0.072266
0 0.362305 0.958984 0.085938 0.081055
0 0.038086 0.364258 0.058594 0.152344
0 0.069336 0.067383 0.115234 0.071289
0 0.15918 0.080078 0.073242 0.076172
0 0.208984 0.044922 0.140625 0.089844
0 0.291016 0.061523 0.072266 0.075195
0 0.375 0.152344 0.087891 0.103516
0 0.427734 0.069336 0.136719 0.068359
0 0.37793 0.363281 0.0625 0.119141
0 0.458984 0.383789 0.129883 0.082031
0 0.207031 0.5 0.105469 0.182617
0 0.275391 0.59668 0.076172 0.115234
0 0.137695 0.638672 0.09082 0.083008
0 0.545898 0.583984 0.116211 0.105469
0 0.584961 0.679688 0.063477 0.074219
0 0.527344 0.717773 0.077148 0.09375
0 0.368164 0.695312 0.12207 0.111328
0 0.125 0.792969 0.25 0.089844
0 0.697266 0.929688 0.132812 0.068359
0 0.835938 0.797852 0.068359 0.107422
0 0.930664 0.822266 0.138672 0.078125
0 0.975586 0.753906 0.048828 0.075195
0 0.873047 0.944336 0.061523 0.055664
0 0.897461 0.691406 0.075195 0.069336
0 0.867188 0.649414 0.079102 0.070312
0 0.799805 0.62207 0.068359 0.175781
0 0.893555 0.55957 0.118164 0.087891
0 0.921875 0.374023 0.091797 0.077148
0 0.787109 0.368164 0.077148 0.080078
0 0.736328 0.329102 0.081055 0.070312
0 0.799805 0.195312 0.071289 0.067383
0 0.919922 0.106445 0.088867 0.147461
0 0.054688 0.463867 0.045898 0.056641
0 0.642578 0.013672 0.081055 0.023438
0 0.777344 0.541992 0.067383 0.053711
0 0.666992 0.882812 0.057617 0.050781
