0 0.59375 0.057617 0.092773 0.089844
0 0.086914 0.461914 0.104492 0.076172
0 0.256836 0.962891 0.141602 0.074219
0 0.885742 0.22168 0.119141 0.083984
0 0.226562 0.40625 0.098633 0.080078
0 0.108398 0.526367 0.092773 0.042969
0 0.583984 0.148438 0.09082 0.071289
0 0.77832 0.386719 0.110352 0.054688
0 0.931641 0.385742 0.136719 0.089844
0 0.760742 0.649414 0.098633 0.041016
0 0.304492 0.557324 0.146777 0.048926
0 0.233398 0.15625 0.106445 0.063477
0 0.632812 0.663086 0.09375 0.046875
0 0.223633 0.616211 0.152344 0.077148
0 0.27832 0.246094 0.168945 0.089844
0 0.786133 0.791016 0.125 0.048828
0 0.993164 0.133789 0.013672 0.083008
0 0.595703 0.544922 0.139648 0.06543
0 0.920898 0.115234 0.080078 0.055664
0 0.578125 0.679688 0.109375 0.084961
0 0.920898 0.52832 0.082031 0.039062
0 0.039062 0.899414 0.077148 0.044922
0 0.704102 0.883789 0.076172 0.038086
0 0.436523 0.834961 0.087891 0.052734
0 0.636719 0.485352 0.134766 0.052734
0 0.339844 0.52832 0.142578 0.0625
0 0.142578 0.62207 0.104492 0.099609
0 0.524414 0.605469 0.088867 0.056641
0 0.660156 0.219727 0.055664 0.035156
0 0.59668 0.894531 0.099609 0.041992
0 0.426758 0.364258 0.126953 0.083984
0 0.042969 0.545898 0.078125 0.040039
0 0.476562 0.97168 0.157227 0.056641
0 0.037109 0.8125 0.074219 0.041992
0 0.772461 0.419922 0.070312 0.02832
0 0.975586 0.65332 0.048828 0.060547
0 0.946289 0.276367 0.086914 0.041992
0 0.432617 0.641602 0.112305 0.03418
0 0.817383 0.771484 0.076172 0.042969
0 0.140625 0.77832 0.149414 0.105469
0 0.481445 0.119141 0.083008 0.046875
0 0.947266 0.011719 0.055664 0.024414
0 0.970703 0.956055 0.057617 0.051758
0 0.829102 0.944336 0.080078 0.03418
0 0.585938 0.404297 0.09082 0.037109
0 0.832031 0.009766 0.068359 0.020508
0 0.112305 0.295898 0.118164 0.060547
0 0.888672 0.929688 0.072266 0.039062
0 0.536133 0.678711 0.086914 0.069336
0 0.366211 0.886719 0.109375 0.040039
0 0.246094 0.02832 0.072266 0.054688
0 0.962891 0.87207 0.074219 0.09082
0 0.308594 0.901367 0.185547 0.047852
0 0.65625 0.0625 0.105469 0.125977
0 0.015625 0.983398 0.029297 0.029297
0 0.551758 0.464844 0.06543 0.03125
0 0.71582 0.833984 0.161133 0.043945
0 0.71875 0.139648 0.119141 0.045898
0 0.78125 0.237305 0.105469 0.030273
0 0.330078 0.164062 0.133789 0.166992
0 0.480469 0.43457 0.041016 0.0625
0 0.21582 0.357422 0.100586 0.02832
0 0.09082 0.983398 0.040039 0.032227
0 0.963867 0.696289 0.071289 0.035156
0 0.036133 0.727539 0.072266 0.064453
0 0.136719 0.736328 0.155273 0.075195
0 0.322266 0.860352 0.124023 0.033203
0 0.770508 0.316406 0.138672 0.050781
0 0.714844 0.78125 0.158203 0.110352
0 0.822266 0.055664 0.042969 0.063477
0 0.392578 0.791992 0.069336 0.046875
0 0.053711 0.984375 0.039062 0.030273
0 0.390625 0.046875 0.070312 0.027344
0 0.844727 0.086914 0.136719 0.049805
0 0.489258 0.472656 0.049805 0.064453
0 0.358398 0.716797 0.186523 0.063477
0 0.418945 0.713867 0.09082 0.029297
0 0.066406 0.095703 0.079102 0.037109
0 0.383789 0.96582 0.041992 0.050781
0 0.484375 0.447266 0.047852 0.072266
0 0.978516 0.939453 0.042969 0.035156
0 0.180664 0.118164 0.089844 0.027344
0 0.291016 0.072266 0.06543 0.044922
0 0.035156 0.263672 0.071289 0.030273
0 0.061523 0.477539 0.069336 0.040039
