0 0.810547 0.556641 0.092773 0.135742
0 0.9375 0.357422 0.125 0.067383
0 0.5625 0.500977 0.112305 0.117188
0 0.217773 0.291992 0.137695 0.070312
0 0.180664 0.938477 0.107422 0.123047
0 0.313477 0.37207 0.082031 0.125
0 0.919922 0.695312 0.160156 0.102539
0 0.662109 0.75293 0.160156 0.102539
0 0.170898 0.84375 0.167969 0.084961
0 0.19043 0.569336 0.072266 0.075195
0 0.135742 0.500977 0.078125 0.087891
0 0.057617 0.294922 0.077148 0.137695
0 0.313477 0.779297 0.0625 0.094727
0 0.685547 0.90918 0.162109 0.180664
0 0.306641 0.873047 0.055664 0.077148
0 0.208984 0.091797 0.135742 0.179688
0 0.394531 0.503906 0.205078 0.100586
0 0.84668 0.257812 0.120117 0.086914
0 0.754883 0.699219 0.080078 0.169922
0 0.961914 0.176758 0.075195 0.115234
0 0.486328 0.394531 0.139648 0.105469
0 0.686523 0.399414 0.084961 0.125
0 0.461914 0.604492 0.089844 0.144531
0 0.547852 0.27832 0.323242 0.091797
0 0.923828 0.032227 0.120117 0.060547
0 0.238281 0.645508 0.126953 0.077148
0 0.637695 0.345703 0.137695 0.287109
0 0.283203 0.483398 0.091797 0.158203
0 0.292969 0.035156 0.172852 0.067383
0 0.81543 0.904297 0.163086 0.19043
0 0.981445 0.071289 0.037109 0.067383
0 0.745117 0.270508 0.067383 0.262695
0 0.78125 0.788086 0.110352 0.297852
0 0.545898 0.261719 0.078125 0.134766
0 0.922852 0.234375 0.092773 0.134766
0 0.87793 0.962891 0.092773 0.073242
0 0.788086 0.258789 0.052734 0.084961
0 0.34082 0.094727 0.052734 0.144531
0 0.110352 0.026367 0.047852 0.049805
0 0.199219 0.200195 0.089844 0.163086
0 0.34082 0.369141 0.0625 0.139648
0 0.496094 0.401367 0.084961 0.18457
0 0.021484 0.496094 0.040039 0.0625
0 0.798828 0.917969 0.110352 0.132812
0 0.029297 0.904297 0.054688 0.06543
0 0.972656 0.816406 0.054688 0.069336
