0 0.052734 0.959961 0.106445 0.080078
0 0.054688 0.665039 0.110352 0.069336
0 0.094727 0.358398 0.05957 0.103516
0 0.150391 0.222656 0.082031 0.078125
0 0.186523 0.089844 0.09082 0.083008
0 0.386719 0.25 0.107422 0.084961
0 0.40332 0.337891 0.099609 0.068359
0 0.571289 0.144531 0.084961 0.110352
0 0.572266 0.371094 0.112305 0.073242
0 0.65332 0.313477 0.080078 0.071289
0 0.28418 0.614258 0.068359 0.094727
0 0.157227 0.719727 0.079102 0.071289
0 0.274414 0.696289 0.068359 0.0625
0 0.195312 0.791992 0.074219 0.098633
0 0.383789 0.822266 0.070312 0.113281
0 0.492188 0.757812 0.071289 0.054688
0 0.443359 0.759766 0.081055 0.09082
0 0.540039 0.847656 0.09668 0.06543
0 0.59375 0.639648 0.080078 0.102539
0 0.704102 0.869141 0.070312 0.068359
0 0.572266 0.966797 0.077148 0.066406
0 0.663086 0.478516 0.083984 0.121094
0 0.884766 0.517578 0.123047 0.079102
0 0.941406 0.610352 0.068359 0.087891
0 0.979492 0.633789 0.040039 0.083008
0 0.964844 0.876953 0.069336 0.092773
0 0.925781 0.349609 0.081055 0.075195
0 0.773438 0.310547 0.076172 0.068359
0 0.936523 0.191406 0.091797 0.081055
0 0.806641 0.055664 0.12793 0.087891
0 0.223633 0.699219 0.069336 0.069336
0 0.449219 0.6875 0.069336 0.056641
0 0.014648 0.734375 0.024414 0.055664
