0 0.84375 0.030273 0.150391 0.060547
0 0.608398 0.888672 0.143555 0.09668
0 0.695312 0.538086 0.157227 0.092773
0 0.44043 0.578125 0.12207 0.087891
0 0.849609 0.251953 0.105469 0.064453
0 0.427734 0.735352 0.12793 0.09668
0 0.84082 0.498047 0.107422 0.082031
0 0.668945 0.152344 0.084961 0.089844
0 0.823242 0.665039 0.097656 0.092773
0 0.942383 0.663086 0.115234 0.082031
0 0.610352 0.779297 0.137695 0.125
0 0.881836 0.838867 0.115234 0.094727
0 0.675781 0.328125 0.142578 0.087891
0 0.855469 0.904297 0.117188 0.099609
0 0.4375 0.445312 0.102539 0.067383
0 0.797852 0.324219 0.163086 0.110352
0 0.832031 0.739258 0.095703 0.084961
0 0.9375 0.591797 0.125 0.075195
0 0.518555 0.052734 0.102539 0.077148
0 0.681641 0.695312 0.110352 0.077148
0 0.676758 0.602539 0.160156 0.092773
0 0.930664 0.513672 0.112305 0.0625
0 0.624023 0.707031 0.129883 0.080078
0 0.576172 0.921875 0.135742 0.109375
0 0.463867 0.969727 0.104492 0.05957
