0 0.586914 0.733398 0.089844 0.107422
0 0.97168 0.774414 0.055664 0.064453
0 0.895508 0.586914 0.083008 0.095703
0 0.766602 0.788086 0.094727 0.126953
0 0.642578 0.140625 0.077148 0.072266
0 0.723633 0.036133 0.074219 0.064453
0 0.688477 0.189453 0.087891 0.074219
0 0.970703 0.69043 0.057617 0.085938
0 0.631836 0.229492 0.084961 0.084961
0 0.942383 0.369141 0.080078 0.080078
0 0.96582 0.260742 0.068359 0.068359
0 0.890625 0.464844 0.078125 0.070312
0 0.932617 0.107422 0.078125 0.073242
0 0.65918 0.396484 0.080078 0.084961
0 0.670898 0.707031 0.082031 0.099609
0 0.71582 0.492188 0.082031 0.099609
0 0.770508 0.591797 0.072266 0.080078
0 0.957031 0.185547 0.080078 0.072266
0 0.558594 0.823242 0.072266 0.068359
0 0.048828 0.024414 0.057617 0.048828
0 0.59082 0.959961 0.056641 0.079102
0 0.980469 0.075195 0.039062 0.044922
0 0.808594 0.589844 0.0625 0.070312
0 0.595703 0.904297 0.072266 0.070312
0 0.886719 0.954102 0.054688 0.09082
0 0.71582 0.256836 0.077148 0.078125
