0 0.271484 0.572266 0.084961 0.115234
0 0.472656 0.568359 0.172852 0.097656
0 0.276367 0.124023 0.139648 0.06543
0 0.05957 0.555664 0.070312 0.102539
0 0.78418 0.503906 0.104492 0.129883
0 0.62207 0.870117 0.099609 0.12207
0 0.216797 0.859375 0.075195 0.099609
0 0.90332 0.891602 0.113281 0.139648
0 0.0625 0.109375 0.077148 0.070312
0 0.630859 0.227539 0.078125 0.092773
0 0.369141 0.46582 0.100586 0.082031
0 0.516602 0.214844 0.084961 0.070312
0 0.039062 0.234375 0.05957 0.064453
0 0.708984 0.105469 0.069336 0.052734
0 0.570312 0.079102 0.077148 0.15918
0 0.827148 0.146484 0.080078 0.094727
0 0.376953 0.181641 0.095703 0.05957
0 0.140625 0.426758 0.089844 0.134766
0 0.939453 0.761719 0.098633 0.081055
0 0.505859 0.836914 0.082031 0.134766
0 0.935547 0.171875 0.072266 0.069336
0 0.814453 0.02832 0.074219 0.056641
0 0.305664 0.422852 0.097656 0.073242
0 0.564453 0.654297 0.134766 0.150391
0 0.020508 0.032227 0.041016 0.0625
0 0.202148 0.521484 0.080078 0.180664
0 0.691406 0.750977 0.165039 0.142578
0 0.880859 0.323242 0.113281 0.222656
0 0.875977 0.614258 0.072266 0.145508
0 0.382812 0.729492 0.163086 0.230469
0 0.427734 0.373047 0.12793 0.12207
0 0.949219 0.027344 0.080078 0.054688
0 0.323242 0.899414 0.072266 0.169922
0 0.405273 0.089844 0.083008 0.124023
0 0.525391 0.280273 0.086914 0.112305
0 0.779297 0.795898 0.094727 0.177734
0 0.693359 0.97168 0.079102 0.055664
0 0.131836 0.263672 0.064453 0.084961
0 0.941406 0.53418 0.110352 0.069336
0 0.37207 0.613281 0.074219 0.072266
0 0.427734 0.036133 0.073242 0.0625
0 0.913086 0.427734 0.077148 0.083008
0 0.310547 0.079102 0.077148 0.05957
0 0.509766 0.956055 0.160156 0.087891
0 0.197266 0.587891 0.070312 0.131836
0 0.134766 0.955078 0.078125 0.088867
0 0.966797 0.613281 0.06543 0.072266
0 0.083008 0.96875 0.077148 0.061523
0 0.02832 0.726562 0.056641 0.120117
0 0.44043 0.956055 0.102539 0.087891
0 0.583984 0.876953 0.084961 0.134766
0 0.320312 0.193359 0.057617 0.0625
0 0.976562 0.345703 0.040039 0.132812
0 0.46582 0.524414 0.087891 0.080078
0 0.054688 0.915039 0.073242 0.119141
