0 0.105469 0.118164 0.211914 0.216797
0 0.094727 0.506836 0.150391 0.165039
0 0.599609 0.787109 0.144531 0.304688
0 0.741211 0.911133 0.128906 0.177734
0 0.737305 0.59375 0.144531 0.443359
0 0.943359 0.555664 0.107422 0.402344
0 0.326172 0.126953 0.142578 0.230469
0 0.65332 0.075195 0.152344 0.147461
0 0.105469 0.828125 0.210938 0.333984
0 0.083984 0.691406 0.100586 0.100586
0 0.179688 0.139648 0.19043 0.280273
0 0.811523 0.90625 0.094727 0.186523
0 0.183594 0.880859 0.089844 0.104492
0 0.695312 0.214844 0.123047 0.125
0 0.539062 0.505859 0.108398 0.09375
