0 0.012695 0.27832 0.026367 0.076172
0 0.266602 0.047852 0.044922 0.048828
0 0.411133 0.041016 0.052734 0.083008
0 0.362305 0.107422 0.119141 0.078125
0 0.34082 0.207031 0.0625 0.064453
0 0.387695 0.222656 0.05957 0.053711
0 0.450195 0.174805 0.048828 0.06543
0 0.114258 0.148438 0.085938 0.074219
0 0.178711 0.251953 0.080078 0.073242
0 0.1875 0.335938 0.089844 0.113281
0 0.254883 0.298828 0.079102 0.087891
0 0.261719 0.223633 0.074219 0.060547
0 0.244141 0.389648 0.057617 0.057617
0 0.292969 0.463867 0.105469 0.084961
0 0.503906 0.357422 0.113281 0.073242
0 0.553711 0.301758 0.114258 0.079102
0 0.650391 0.364258 0.075195 0.086914
0 0.634766 0.182617 0.05957 0.063477
0 0.658203 0.119141 0.074219 0.067383
0 0.891602 0.178711 0.0625 0.058594
0 0.96875 0.228516 0.0625 0.080078
0 0.974609 0.386719 0.050781 0.060547
0 0.567383 0.552734 0.06543 0.097656
0 0.733398 0.536133 0.088867 0.110352
0 0.941406 0.765625 0.071289 0.072266
0 0.851562 0.8125 0.0625 0.054688
0 0.777344 0.795898 0.06543 0.054688
0 0.739258 0.84082 0.06543 0.0625
0 0.938477 0.911133 0.12207 0.087891
0 0.811523 0.900391 0.126953 0.080078
0 0.708984 0.905273 0.083984 0.054688
0 0.548828 0.816406 0.099609 0.102539
0 0.498047 0.673828 0.091797 0.073242
0 0.46582 0.958008 0.087891 0.083984
0 0.125 0.865234 0.070312 0.075195
0 0.057617 0.862305 0.052734 0.071289
0 0.223633 0.956055 0.076172 0.086914
0 0.328125 0.949219 0.080078 0.091797
0 0.029297 0.873047 0.058594 0.060547
0 0.589844 0.904297 0.066406 0.051758
0 0.582031 0.392578 0.042969 0.03418
0 0.086914 0.382812 0.027344 0.037109
0 0.040039 0.058594 0.03125 0.042969
0 0.775391 0.936523 0.042969 0.0625
