0 0.827148 0.762695 0.09082 0.103516
0 0.480469 0.573242 0.072266 0.097656
0 0.521484 0.776367 0.076172 0.058594
0 0.930664 0.12793 0.106445 0.124023
0 0.757812 0.984375 0.101562 0.03125
0 0.707031 0.832031 0.080078 0.084961
0 0.638672 0.106445 0.072266 0.094727
0 0.608398 0.478516 0.077148 0.113281
0 0.831055 0.436523 0.076172 0.067383
0 0.745117 0.736328 0.076172 0.069336
0 0.785156 0.110352 0.071289 0.067383
0 0.758789 0.359375 0.078125 0.073242
0 0.578125 0.604492 0.071289 0.076172
0 0.802734 0.234375 0.088867 0.06543
0 0.753906 0.569336 0.104492 0.089844
0 0.535156 0.905273 0.071289 0.064453
0 0.708008 0.611328 0.102539 0.084961
0 0.725586 0.09375 0.064453 0.057617
0 0.650391 0.194336 0.067383 0.049805
0 0.626953 0.418945 0.084961 0.094727
0 0.568359 0.455078 0.055664 0.108398
0 0.568359 0.537109 0.068359 0.069336
0 0.49707 0.72168 0.05957 0.042969
0 0.749023 0.681641 0.079102 0.06543
0 0.838867 0.624023 0.064453 0.040039
0 0.757812 0.609375 0.057617 0.070312
0 0.785156 0.299805 0.082031 0.048828
0 0.672852 0.888672 0.069336 0.064453
