0 0.364258 0.77832 0.104492 0.107422
0 0.044922 0.888672 0.089844 0.152344
0 0.540039 0.297852 0.12793 0.102539
0 0.631836 0.59082 0.155273 0.097656
0 0.655273 0.154297 0.166992 0.125
0 0.391602 0.533203 0.104492 0.082031
0 0.509766 0.154297 0.089844 0.070312
0 0.503906 0.821289 0.110352 0.129883
0 0.612305 0.762695 0.145508 0.091797
0 0.302734 0.901367 0.163086 0.174805
0 0.549805 0.40332 0.115234 0.056641
0 0.344727 0.167969 0.104492 0.088867
0 0.46875 0.583008 0.120117 0.107422
0 0.96875 0.71582 0.0625 0.086914
