0 0.558594 0.15625 0.079102 0.0625
0 0.275391 0.241211 0.146484 0.073242
0 0.201172 0.368164 0.073242 0.118164
0 0.515625 0.336914 0.121094 0.067383
0 0.339844 0.506836 0.112305 0.086914
0 0.639648 0.503906 0.076172 0.045898
0 0.753906 0.386719 0.09375 0.071289
0 0.889648 0.348633 0.103516 0.063477
0 0.853516 0.210938 0.0625 0.064453
0 0.979492 0.199219 0.041016 0.043945
0 0.985352 0.371094 0.029297 0.041016
0 0.870117 0.427734 0.083008 0.054688
0 0.902344 0.525391 0.05957 0.054688
0 0.941406 0.702148 0.068359 0.05957
0 0.757812 0.667969 0.105469 0.068359
0 0.705078 0.626953 0.0625 0.048828
0 0.549805 0.643555 0.09082 0.115234
0 0.241211 0.679688 0.126953 0.087891
0 0.208008 0.530273 0.098633 0.058594
0 0.061523 0.546875 0.118164 0.06543
0 0.063477 0.416016 0.12793 0.057617
0 0.091797 0.259766 0.091797 0.055664
0 0.115234 0.761719 0.057617 0.054688
0 0.813477 0.898438 0.060547 0.088867
0 0.729492 0.835938 0.103516 0.064453
0 0.658203 0.951172 0.075195 0.063477
0 0.547852 0.879883 0.045898 0.092773
0 0.495117 0.930664 0.066406 0.129883
0 0.339844 0.896484 0.112305 0.12207
0 0.561523 0.974609 0.058594 0.043945
0 0.214844 0.963867 0.091797 0.067383
0 0.108398 0.891602 0.076172 0.100586
0 0.044922 0.964844 0.089844 0.055664
0 0.040039 0.898438 0.081055 0.071289
0 0.861328 0.97168 0.068359 0.056641
0 0.755859 0.904297 0.050781 0.039062
