0 0.099609 0.954102 0.06543 0.055664
0 0.022461 0.855469 0.044922 0.088867
0 0.033203 0.767578 0.066406 0.085938
0 0.010742 0.391602 0.021484 0.129883
0 0.116211 0.446289 0.067383 0.075195
0 0.030273 0.295898 0.061523 0.0625
0 0.076172 0.250977 0.074219 0.071289
0 0.110352 0.203125 0.047852 0.056641
0 0.916992 0.070312 0.108398 0.074219
0 0.84375 0.058594 0.083984 0.077148
0 0.84082 0.165039 0.084961 0.069336
0 0.701172 0.162109 0.072266 0.074219
0 0.977539 0.209961 0.043945 0.070312
0 0.977539 0.344727 0.044922 0.06543
0 0.970703 0.433594 0.057617 0.079102
0 0.96582 0.895508 0.067383 0.092773
0 0.858398 0.939453 0.081055 0.058594
0 0.924805 0.910156 0.077148 0.083008
0 0.853516 0.881836 0.098633 0.063477
0 0.880859 0.81543 0.080078 0.075195
0 0.407227 0.049805 0.162109 0.100586
0 0.736328 0.90332 0.067383 0.068359
0 0.765625 0.973633 0.094727 0.052734
0 0.702148 0.802734 0.108398 0.101562
0 0.635742 0.772461 0.080078 0.081055
0 0.578125 0.666992 0.074219 0.100586
0 0.797852 0.605469 0.068359 0.064453
0 0.867188 0.613281 0.066406 0.077148
0 0.762695 0.543945 0.097656 0.056641
0 0.839844 0.476562 0.070312 0.091797
0 0.804688 0.417969 0.123047 0.087891
0 0.802734 0.355469 0.060547 0.058594
0 0.745117 0.288086 0.083008 0.068359
0 0.651367 0.275391 0.09668 0.067383
0 0.648438 0.338867 0.058594 0.077148
0 0.588867 0.389648 0.129883 0.124023
0 0.488281 0.290039 0.064453 0.077148
0 0.526367 0.323242 0.076172 0.054688
0 0.4375 0.356445 0.123047 0.121094
0 0.380859 0.441406 0.053711 0.068359
0 0.446289 0.492188 0.09082 0.074219
0 0.521484 0.501953 0.083984 0.0625
0 0.572266 0.572266 0.138672 0.078125
0 0.419922 0.588867 0.091797 0.077148
0 0.421875 0.918945 0.135742 0.112305
0 0.691406 0.771484 0.049805 0.05957
0 0.503906 0.923828 0.080078 0.081055
0 0.614258 0.899414 0.072266 0.081055
0 0.469727 0.869141 0.110352 0.069336
0 0.443359 0.915039 0.077148 0.082031
0 0.322266 0.820312 0.100586 0.104492
0 0.401367 0.977539 0.139648 0.043945
0 0.255859 0.963867 0.115234 0.071289
0 0.716797 0.015625 0.12793 0.032227
0 0.505859 0.05957 0.083008 0.083008
0 0.30957 0.018555 0.099609 0.037109
0 0.611328 0.202148 0.069336 0.099609
0 0.828125 0.113281 0.112305 0.066406
0 0.052734 0.988281 0.038086 0.023438
0 0.027344 0.981445 0.055664 0.037109
0 0.570312 0.945312 0.095703 0.108398
0 0.557617 0.863281 0.106445 0.146484
0 0.74707 0.794922 0.057617 0.073242
0 0.795898 0.807617 0.060547 0.075195
0 0.647461 0.929688 0.054688 0.048828
0 0.648438 0.015625 0.048828 0.03125
