0 0.300781 0.083008 0.113281 0.083008
0 0.834961 0.03125 0.102539 0.0625
0 0.817383 0.22168 0.097656 0.094727
0 0.490234 0.335938 0.081055 0.073242
0 0.276367 0.37207 0.110352 0.105469
0 0.405273 0.038086 0.09668 0.077148
0 0.680664 0.577148 0.082031 0.125
0 0.462891 0.654297 0.152344 0.095703
0 0.638672 0.421875 0.084961 0.120117
0 0.741211 0.045898 0.075195 0.091797
0 0.293945 0.516602 0.128906 0.083008
0 0.539062 0.092773 0.06543 0.067383
0 0.693359 0.224609 0.078125 0.099609
0 0.506836 0.180664 0.080078 0.078125
0 0.557617 0.261719 0.067383 0.06543
0 0.577148 0.178711 0.140625 0.075195
0 0.53125 0.022461 0.075195 0.044922
0 0.974609 0.416992 0.050781 0.095703
0 0.120117 0.12793 0.0625 0.105469
0 0.391602 0.359375 0.109375 0.109375
0 0.166992 0.258789 0.175781 0.139648
0 0.671875 0.723633 0.101562 0.097656
0 0.439453 0.087891 0.070312 0.077148
0 0.505859 0.046875 0.078125 0.089844
0 0.049805 0.209961 0.099609 0.105469
0 0.769531 0.524414 0.064453 0.089844
