0 0.646484 0.708008 0.100586 0.095703
0 0.046875 0.861328 0.09375 0.066406
0 0.470703 0.289062 0.172852 0.072266
0 0.795898 0.695312 0.101562 0.071289
0 0.692383 0.891602 0.162109 0.071289
0 0.165039 0.354492 0.086914 0.125977
0 0.491211 0.230469 0.129883 0.107422
0 0.759766 0.602539 0.099609 0.120117
0 0.555664 0.148438 0.109375 0.113281
0 0.636719 0.552734 0.104492 0.120117
0 0.890625 0.208984 0.125 0.116211
0 0.677734 0.336914 0.133789 0.182617
0 0.833984 0.331055 0.117188 0.083984
0 0.605469 0.905273 0.166992 0.09375
0 0.830078 0.470703 0.172852 0.124023
0 0.140625 0.233398 0.139648 0.091797
0 0.15332 0.295898 0.135742 0.068359
0 0.450195 0.771484 0.189453 0.136719
0 0.513672 0.672852 0.140625 0.09668
0 0.452148 0.381836 0.121094 0.080078
0 0.041016 0.915039 0.082031 0.045898
0 0.124023 0.660156 0.085938 0.091797
0 0.789062 0.854492 0.097656 0.109375
0 0.856445 0.855469 0.074219 0.056641
0 0.694336 0.462891 0.091797 0.061523
0 0.032227 0.654297 0.048828 0.038086
0 0.023438 0.699219 0.046875 0.027344
0 0.751953 0.271484 0.036133 0.044922
