0 0.006836 0.552734 0.014648 0.081055
0 0.097656 0.53418 0.077148 0.09375
0 0.022461 0.423828 0.045898 0.132812
0 0.267578 0.332031 0.05957 0.061523
0 0.18457 0.650391 0.079102 0.152344
0 0.230469 0.567383 0.063477 0.094727
0 0.301758 0.673828 0.079102 0.160156
0 0.472656 0.674805 0.087891 0.126953
0 0.390625 0.4375 0.085938 0.100586
0 0.353516 0.508789 0.071289 0.077148
0 0.470703 0.495117 0.079102 0.073242
0 0.174805 0.90918 0.114258 0.123047
0 0.029297 0.956055 0.058594 0.086914
0 0.359375 0.908203 0.126953 0.105469
0 0.563477 0.958984 0.089844 0.081055
0 0.673828 0.761719 0.069336 0.19043
0 0.729492 0.740234 0.073242 0.146484
0 0.768555 0.697266 0.115234 0.145508
0 0.582031 0.546875 0.107422 0.140625
0 0.935547 0.853516 0.12793 0.086914
0 0.878906 0.630859 0.083008 0.09082
0 0.609375 0.360352 0.083008 0.100586
0 0.618164 0.176758 0.088867 0.09082
0 0.959961 0.40625 0.079102 0.097656
0 0.947266 0.036133 0.104492 0.072266
0 0.163086 0.020508 0.098633 0.041992
0 0.335938 0.030273 0.081055 0.060547
0 0.461914 0.022461 0.09375 0.045898
0 0.280273 0.074219 0.078125 0.057617
0 0.393555 0.078125 0.097656 0.112305
0 0.976562 0.645508 0.045898 0.161133
