0 0.469727 0.319336 0.058594 0.117188
0 0.123047 0.081055 0.091797 0.071289
0 0.810547 0.561523 0.076172 0.064453
0 0.574219 0.526367 0.107422 0.043945
0 0.263672 0.318359 0.09375 0.079102
0 0.117188 0.396484 0.081055 0.069336
0 0.626953 0.478516 0.063477 0.088867
0 0.547852 0.685547 0.106445 0.071289
0 0.455078 0.426758 0.099609 0.06543
0 0.136719 0.048828 0.143555 0.097656
0 0.527344 0.763672 0.06543 0.057617
0 0.96582 0.430664 0.068359 0.110352
0 0.257812 0.545898 0.125 0.066406
0 0.407227 0.542969 0.095703 0.03418
0 0.668945 0.911133 0.135742 0.063477
0 0.352539 0.220703 0.081055 0.057617
0 0.695312 0.276367 0.12793 0.089844
0 0.066406 0.978516 0.066406 0.042969
0 0.746094 0.40625 0.101562 0.049805
0 0.723633 0.34375 0.085938 0.083984
0 0.664062 0.750977 0.053711 0.056641
0 0.882812 0.829102 0.079102 0.053711
0 0.568359 0.363281 0.135742 0.056641
0 0.756836 0.755859 0.131836 0.073242
0 0.352539 0.785156 0.114258 0.094727
0 0.954102 0.736328 0.09082 0.089844
0 0.265625 0.162109 0.148438 0.041992
0 0.235352 0.018555 0.063477 0.038086
0 0.796875 0.473633 0.124023 0.09082
0 0.207031 0.671875 0.121094 0.12207
0 0.939453 0.017578 0.041016 0.035156
0 0.441406 0.912109 0.132812 0.040039
0 0.203125 0.984375 0.139648 0.02832
0 0.044922 0.058594 0.088867 0.069336
0 0.568359 0.447266 0.069336 0.047852
0 0.892578 0.506836 0.06543 0.047852
0 0.032227 0.831055 0.06543 0.038086
0 0.701172 0.985352 0.064453 0.027344
0 0.043945 0.519531 0.086914 0.023438
0 0.142578 0.542969 0.101562 0.032227
0 0.045898 0.49707 0.092773 0.042969
0 0.858398 0.447266 0.134766 0.039062
0 0.939453 0.560547 0.103516 0.051758
0 0.632812 0.797852 0.048828 0.044922
0 0.15918 0.583008 0.112305 0.049805
0 0.571289 0.491211 0.066406 0.024414
0 0.241211 0.757812 0.116211 0.055664
0 0.646484 0.949219 0.168945 0.040039
0 0.212891 0.69043 0.166992 0.061523
0 0.052734 0.620117 0.106445 0.043945
0 0.164062 0.496094 0.109375 0.051758
0 0.890625 0.776367 0.119141 0.037109
0 0.883789 0.464844 0.036133 0.033203
