0 0.34082 0.181641 0.174805 0.074219
0 0.303711 0.270508 0.102539 0.071289
0 0.201172 0.307617 0.058594 0.072266
0 0.255859 0.320312 0.045898 0.076172
0 0.327148 0.332031 0.09082 0.057617
0 0.492188 0.410156 0.061523 0.053711
0 0.52832 0.458008 0.125977 0.138672
0 0.454102 0.501953 0.057617 0.061523
0 0.603516 0.374023 0.117188 0.080078
0 0.760742 0.228516 0.095703 0.070312
0 0.858398 0.282227 0.146484 0.119141
0 0.741211 0.123047 0.086914 0.103516
0 0.973633 0.117188 0.051758 0.070312
0 0.991211 0.212891 0.016602 0.069336
0 0.978516 0.382812 0.042969 0.083008
0 0.347656 0.526367 0.120117 0.068359
0 0.323242 0.640625 0.126953 0.105469
0 0.121094 0.583984 0.154297 0.087891
0 0.172852 0.516602 0.075195 0.069336
0 0.057617 0.467773 0.108398 0.048828
0 0.038086 0.249023 0.077148 0.079102
0 0.512695 0.898438 0.067383 0.060547
0 0.220703 0.760742 0.057617 0.055664
0 0.169922 0.844727 0.074219 0.063477
0 0.041992 0.922852 0.083008 0.0625
0 0.19043 0.954102 0.077148 0.0625
0 0.080078 0.984375 0.149414 0.030273
0 0.270508 0.958984 0.123047 0.081055
0 0.722656 0.922852 0.143555 0.134766
0 0.830078 0.895508 0.126953 0.070312
0 0.963867 0.825195 0.072266 0.070312
0 0.607422 0.543945 0.046875 0.044922
0 0.405273 0.988281 0.06543 0.023438
0 0.345703 0.628906 0.074219 0.104492
