0 0.5625 0.825195 0.141602 0.104492
0 0.084961 0.660156 0.170898 0.125
0 0.696289 0.162109 0.139648 0.170898
0 0.851562 0.251953 0.145508 0.108398
0 0.429688 0.366211 0.084961 0.108398
0 0.507812 0.261719 0.104492 0.082031
0 0.40918 0.098633 0.089844 0.131836
0 0.054688 0.192383 0.110352 0.110352
0 0.296875 0.982422 0.101562 0.035156
0 0.419922 0.907227 0.105469 0.106445
0 0.880859 0.957031 0.116211 0.084961
0 0.032227 0.066406 0.06543 0.133789
0 0.229492 0.069336 0.079102 0.106445
0 0.15918 0.264648 0.09082 0.061523
0 0.15625 0.332031 0.083008 0.061523
0 0.321289 0.297852 0.079102 0.0625
0 0.316406 0.188477 0.058594 0.091797
0 0.475586 0.086914 0.087891 0.129883
0 0.526367 0.084961 0.080078 0.111328
0 0.061523 0.910156 0.091797 0.101562
0 0.579102 0.391602 0.09668 0.05957
0 0.604492 0.451172 0.112305 0.05957
0 0.208984 0.569336 0.111328 0.080078
0 0.542969 0.957031 0.063477 0.085938
0 0.646484 0.946289 0.0625 0.056641
0 0.713867 0.990234 0.073242 0.018555
0 0.737305 0.974609 0.061523 0.050781
0 0.974609 0.974609 0.050781 0.050781
0 0.881836 0.06543 0.074219 0.099609
0 0.914062 0.135742 0.095703 0.09668
0 0.96582 0.362305 0.067383 0.09082
0 0.929688 0.473633 0.079102 0.097656
0 0.914062 0.583984 0.115234 0.100586
0 0.899414 0.71582 0.083008 0.091797
0 0.219727 0.324219 0.073242 0.05957
0 0.745117 0.400391 0.072266 0.075195
