0 0.805664 0.165039 0.088867 0.087891
0 0.830078 0.459961 0.057617 0.073242
0 0.517578 0.164062 0.067383 0.068359
0 0.161133 0.500977 0.087891 0.074219
0 0.841797 0.416992 0.066406 0.085938
0 0.089844 0.422852 0.087891 0.060547
0 0.24707 0.432617 0.105469 0.114258
0 0.946289 0.464844 0.098633 0.053711
0 0.19043 0.253906 0.074219 0.047852
0 0.361328 0.444336 0.055664 0.051758
0 0.178711 0.556641 0.121094 0.073242
0 0.469727 0.414062 0.078125 0.095703
0 0.34375 0.170898 0.111328 0.051758
0 0.240234 0.77832 0.079102 0.057617
0 0.787109 0.671875 0.09082 0.069336
0 0.041016 0.873047 0.082031 0.070312
0 0.740234 0.875 0.12207 0.054688
0 0.860352 0.165039 0.048828 0.057617
0 0.307617 0.540039 0.086914 0.049805
0 0.131836 0.930664 0.115234 0.040039
0 0.299805 0.587891 0.0625 0.042969
0 0.855469 0.285156 0.063477 0.15625
0 0.75 0.828125 0.068359 0.044922
0 0.6875 0.146484 0.038086 0.047852
0 0.423828 0.915039 0.094727 0.042969
0 0.208008 0.208008 0.099609 0.064453
0 0.6875 0.294922 0.134766 0.126953
0 0.620117 0.601562 0.054688 0.032227
0 0.897461 0.790039 0.044922 0.061523
0 0.451172 0.290039 0.078125 0.048828
0 0.347656 0.292969 0.100586 0.043945
0 0.988281 0.910156 0.022461 0.029297
0 0.313477 0.916016 0.054688 0.03418
0 0.076172 0.862305 0.070312 0.051758
0 0.020508 0.40918 0.041992 0.057617
0 0.235352 0.887695 0.134766 0.042969
0 0.399414 0.662109 0.087891 0.048828
0 0.15918 0.863281 0.073242 0.041992
0 0.853516 0.927734 0.057617 0.035156
0 0.050781 0.525391 0.087891 0.050781
0 0.97168 0.414062 0.055664 0.081055
0 0.040039 0.625 0.073242 0.046875
0 0.079102 0.797852 0.071289 0.051758
0 0.987305 0.15332 0.025391 0.036133
0 0.609375 0.573242 0.039062 0.043945
0 0.445312 0.305664 0.078125 0.045898
0 0.191406 0.922852 0.108398 0.044922
0 0.073242 0.494141 0.057617 0.037109
0 0.936523 0.628906 0.102539 0.055664
0 0.430664 0.524414 0.046875 0.040039
0 0.435547 0.953125 0.099609 0.060547
0 0.672852 0.806641 0.072266 0.042969
0 0.165039 0.758789 0.061523 0.051758
0 0.12207 0.71875 0.095703 0.076172
0 0.017578 0.759766 0.035156 0.050781
0 0.52832 0.584961 0.055664 0.046875
0 0.682617 0.111328 0.044922 0.032227
