0 0.061523 0.847656 0.077148 0.056641
0 0.042969 0.919922 0.069336 0.054688
0 0.058594 0.973633 0.074219 0.052734
0 0.274414 0.984375 0.078125 0.030273
0 0.328125 0.942383 0.060547 0.097656
0 0.411133 0.981445 0.079102 0.037109
0 0.477539 0.96875 0.071289 0.0625
0 0.49707 0.834961 0.06543 0.055664
0 0.584961 0.823242 0.092773 0.094727
0 0.071289 0.476562 0.075195 0.073242
0 0.160156 0.489258 0.072266 0.09668
0 0.21875 0.540039 0.066406 0.053711
0 0.271484 0.514648 0.070312 0.075195
0 0.291016 0.462891 0.063477 0.061523
0 0.051758 0.398438 0.063477 0.064453
0 0.553711 0.344727 0.075195 0.072266
0 0.473633 0.429688 0.072266 0.086914
0 0.365234 0.477539 0.070312 0.091797
0 0.420898 0.482422 0.088867 0.066406
0 0.426758 0.569336 0.075195 0.064453
0 0.47168 0.62207 0.084961 0.084961
0 0.545898 0.604492 0.083008 0.103516
0 0.539062 0.503906 0.061523 0.063477
0 0.589844 0.548828 0.067383 0.083984
0 0.84375 0.52832 0.087891 0.087891
0 0.700195 0.679688 0.070312 0.069336
0 0.679688 0.837891 0.073242 0.072266
0 0.969727 0.825195 0.05957 0.09668
0 0.65918 0.945312 0.058594 0.064453
0 0.730469 0.953125 0.09082 0.088867
0 0.907227 0.608398 0.044922 0.054688
0 0.152344 0.444336 0.082031 0.049805
0 0.508789 0.52832 0.047852 0.053711
0 0.701172 0.605469 0.041992 0.042969
0 0.708008 0.893555 0.052734 0.049805
0 0.655273 0.992188 0.067383 0.014648
0 0.540039 0.987305 0.050781 0.024414
