0 0.427734 0.610352 0.118164 0.083008
0 0.374023 0.066406 0.194336 0.084961
0 0.635742 0.192383 0.082031 0.134766
0 0.420898 0.50293 0.123047 0.137695
0 0.503906 0.24707 0.139648 0.080078
0 0.368164 0.385742 0.112305 0.078125
0 0.180664 0.891602 0.147461 0.125
0 0.208984 0.453125 0.149414 0.082031
0 0.875 0.573242 0.112305 0.056641
0 0.529297 0.708008 0.084961 0.067383
0 0.841797 0.375977 0.06543 0.097656
0 0.05957 0.426758 0.119141 0.125
0 0.476562 0.810547 0.239258 0.087891
0 0.845703 0.757812 0.126953 0.086914
0 0.75 0.761719 0.102539 0.174805
0 0.730469 0.826172 0.077148 0.0625
0 0.619141 0.927734 0.167969 0.143555
0 0.90332 0.158203 0.193359 0.0625
0 0.449219 0.94043 0.137695 0.118164
0 0.931641 0.125977 0.114258 0.072266
0 0.895508 0.472656 0.208008 0.083008
0 0.748047 0.561523 0.057617 0.069336
0 0.913086 0.274414 0.132812 0.060547
0 0.193359 0.56543 0.123047 0.142578
0 0.888672 0.670898 0.222656 0.097656
0 0.87793 0.84668 0.21875 0.074219
0 0.948242 0.806641 0.102539 0.094727
0 0.024414 0.956055 0.049805 0.087891
0 0.865234 0.958984 0.067383 0.069336
0 0.767578 0.624023 0.083008 0.040039
0 0.943359 0.881836 0.113281 0.049805
0 0.801758 0.976562 0.089844 0.045898
0 0.958008 0.40332 0.083008 0.078125
0 0.930664 0.295898 0.126953 0.082031
0 0.962891 0.223633 0.073242 0.0625
0 0.939453 0.304688 0.120117 0.064453
0 0.075195 0.983398 0.12793 0.033203
0 0.847656 0.393555 0.067383 0.037109
0 0.891602 0.72168 0.129883 0.044922
0 0.823242 0.677734 0.197266 0.073242
0 0.550781 0.956055 0.052734 0.087891
