0 0.383789 0.164062 0.094727 0.121094
0 0.318359 0.199219 0.064453 0.073242
0 0.368164 0.253906 0.109375 0.0625
0 0.195312 0.083984 0.089844 0.068359
0 0.120117 0.25 0.078125 0.091797
0 0.223633 0.302734 0.094727 0.084961
0 0.163086 0.368164 0.084961 0.076172
0 0.584961 0.178711 0.073242 0.078125
0 0.726562 0.084961 0.198242 0.104492
0 0.817383 0.170898 0.098633 0.061523
0 0.875977 0.216797 0.095703 0.043945
0 0.78418 0.451172 0.089844 0.069336
0 0.636719 0.240234 0.053711 0.057617
0 0.029297 0.05957 0.05957 0.084961
0 0.036133 0.165039 0.072266 0.083984
0 0.178711 0.03125 0.072266 0.060547
0 0.439453 0.352539 0.110352 0.061523
0 0.414062 0.307617 0.060547 0.0625
0 0.492188 0.436523 0.095703 0.083008
0 0.380859 0.510742 0.079102 0.12207
0 0.445312 0.530273 0.074219 0.134766
0 0.083984 0.494141 0.061523 0.089844
0 0.029297 0.477539 0.056641 0.083984
0 0.060547 0.621094 0.099609 0.086914
0 0.058594 0.552734 0.091797 0.083008
0 0.214844 0.729492 0.124023 0.135742
0 0.205078 0.837891 0.072266 0.066406
0 0.125977 0.793945 0.073242 0.078125
0 0.449219 0.727539 0.064453 0.06543
0 0.421875 0.621094 0.111328 0.072266
0 0.518555 0.734375 0.121094 0.088867
0 0.711914 0.683594 0.097656 0.100586
0 0.686523 0.761719 0.066406 0.074219
0 0.602539 0.693359 0.060547 0.106445
0 0.630859 0.618164 0.067383 0.070312
0 0.948242 0.067383 0.081055 0.09082
0 0.875 0.282227 0.086914 0.078125
0 0.910156 0.666016 0.06543 0.0625
0 0.832031 0.672852 0.068359 0.060547
0 0.886719 0.748047 0.071289 0.074219
0 0.957031 0.78418 0.079102 0.074219
0 0.891602 0.832031 0.0625 0.073242
0 0.796875 0.808594 0.083008 0.066406
0 0.800781 0.888672 0.086914 0.088867
0 0.704102 0.330078 0.052734 0.049805
0 0.072266 0.775391 0.074219 0.06543
0 0.568359 0.646484 0.074219 0.079102
0 0.161133 0.217773 0.057617 0.051758
0 0.612305 0.022461 0.051758 0.045898
0 0.386719 0.018555 0.040039 0.038086
0 0.658203 0.69043 0.05957 0.060547
0 0.134766 0.606445 0.048828 0.053711
0 0.148438 0.686523 0.051758 0.049805
0 0.807617 0.405273 0.076172 0.064453
0 0.719727 0.416016 0.055664 0.052734
0 0.640625 0.726562 0.041992 0.049805
0 0.286133 0.228516 0.081055 0.070312
