0 0.530273 0.366211 0.079102 0.09668
0 0.678711 0.077148 0.076172 0.067383
0 0.493164 0.487305 0.12207 0.094727
0 0.552734 0.160156 0.134766 0.075195
0 0.19043 0.166992 0.071289 0.098633
0 0.911133 0.104492 0.069336 0.058594
0 0.59082 0.976562 0.097656 0.046875
0 0.077148 0.09668 0.106445 0.073242
0 0.176758 0.404297 0.108887 0.045898
0 0.085938 0.541992 0.138672 0.081055
0 0.289062 0.78418 0.101562 0.046875
0 0.547852 0.923828 0.0625 0.087891
0 0.394531 0.791992 0.081055 0.040039
0 0.114258 0.302734 0.09082 0.041992
0 0.077148 0.849609 0.063477 0.045898
0 0.268555 0.139648 0.123047 0.063477
0 0.652344 0.605469 0.085938 0.051758
0 0.694336 0.493164 0.078125 0.076172
0 0.163086 0.299805 0.088867 0.064453
0 0.916016 0.610352 0.046875 0.029297
0 0.020508 0.792969 0.041992 0.052734
0 0.948242 0.181641 0.077148 0.0625
0 0.701172 0.59668 0.061523 0.042969
0 0.222656 0.876953 0.09668 0.048828
0 0.591797 0.262695 0.046875 0.032227
0 0.691406 0.145508 0.082031 0.063477
0 0.486328 0.618164 0.072266 0.036133
0 0.947266 0.235352 0.054688 0.064453
0 0.631836 0.566406 0.106445 0.048828
0 0.088867 0.510742 0.106445 0.057617
0 0.356445 0.076172 0.12207 0.083984
0 0.229492 0.232422 0.041016 0.068359
0 0.928711 0.834961 0.061523 0.03125
0 0.224609 0.457031 0.174805 0.053711
0 0.019531 0.416992 0.039062 0.042969
0 0.290039 0.109375 0.108398 0.09082
0 0.379883 0.307617 0.083984 0.050781
0 0.638672 0.810547 0.070312 0.053711
0 0.375 0.479492 0.067383 0.044922
0 0.988281 0.104492 0.023438 0.046875
0 0.212891 0.236328 0.041992 0.067383
0 0.21875 0.503906 0.071289 0.049805
0 0.140625 0.186523 0.06543 0.051758
0 0.834961 0.138672 0.086914 0.045898
0 0.029297 0.770508 0.054688 0.02832
0 0.320312 0.884766 0.078125 0.039062
0 0.106445 0.476562 0.094727 0.054688
0 0.953125 0.521484 0.054688 0.033203
0 0.712891 0.285156 0.085938 0.052734
0 0.207031 0.917969 0.075195 0.041992
0 0.301758 0.59375 0.041016 0.053711
0 0.801758 0.78125 0.053711 0.036133
0 0.28418 0.043945 0.070312 0.086914
0 0.666016 0.525391 0.082031 0.041016
0 0.251953 0.816406 0.086914 0.030273
0 0.539062 0.875977 0.120117 0.066406
0 0.09375 0.6875 0.060547 0.081055
0 0.891602 0.861328 0.152344 0.057617
0 0.801758 0.792969 0.053711 0.023438
0 0.792969 0.893555 0.088867 0.045898
0 0.496094 0.450195 0.109375 0.037109
0 0.418945 0.875977 0.124023 0.066406
0 0.337891 0.859375 0.080078 0.041992
