0 0.239258 0.75 0.104492 0.092773
0 0.056641 0.931641 0.084961 0.104492
0 0.095703 0.663086 0.087891 0.107422
0 0.243164 0.376953 0.102539 0.084961
0 0.726562 0.253906 0.084961 0.084961
0 0.610352 0.782227 0.147461 0.070312
0 0.204102 0.269531 0.075195 0.060547
0 0.514648 0.521484 0.095703 0.075195
0 0.398438 0.242188 0.072266 0.080078
0 0.314453 0.833008 0.084961 0.083008
0 0.123047 0.208984 0.087891 0.09082
0 0.265625 0.46875 0.067383 0.0625
0 0.876953 0.410156 0.160156 0.102539
0 0.760742 0.698242 0.082031 0.068359
0 0.617188 0.462891 0.099609 0.112305
0 0.637695 0.96875 0.092773 0.0625
0 0.942383 0.832031 0.080078 0.074219
0 0.388672 0.411133 0.075195 0.0625
0 0.936523 0.711914 0.084961 0.080078
0 0.751953 0.879883 0.074219 0.080078
0 0.095703 0.433594 0.078125 0.132812
0 0.725586 0.376953 0.052734 0.060547
0 0.03125 0.107422 0.063477 0.066406
0 0.703125 0.171875 0.082031 0.070312
0 0.146484 0.387695 0.05957 0.051758
0 0.766602 0.578125 0.09082 0.087891
0 0.573242 0.839844 0.12207 0.084961
0 0.973633 0.509766 0.052734 0.054688
0 0.333984 0.754883 0.055664 0.057617
0 0.720703 0.628906 0.117188 0.069336
0 0.905273 0.636719 0.09668 0.080078
0 0.297852 0.200195 0.083008 0.12207
0 0.485352 0.024414 0.057617 0.049805
0 0.837891 0.779297 0.073242 0.070312
0 0.032227 0.796875 0.06543 0.082031
0 0.203125 0.977539 0.083008 0.044922
