0 0.144531 0.786133 0.105469 0.139648
0 0.397461 0.663086 0.147461 0.112305
0 0.595703 0.753906 0.097656 0.086914
0 0.799805 0.691406 0.115234 0.120117
0 0.041016 0.808594 0.082031 0.094727
0 0.40918 0.798828 0.126953 0.099609
0 0.547852 0.635742 0.118164 0.126953
0 0.711914 0.587891 0.089844 0.083008
0 0.290039 0.114258 0.091797 0.119141
0 0.774414 0.394531 0.099609 0.095703
0 0.189453 0.063477 0.099609 0.123047
0 0.634766 0.40918 0.091797 0.083008
0 0.192383 0.625977 0.064453 0.092773
0 0.033203 0.546875 0.067383 0.072266
0 0.676758 0.503906 0.125 0.084961
0 0.671875 0.058594 0.106445 0.113281
0 0.942383 0.492188 0.115234 0.115234
0 0.822266 0.902344 0.094727 0.087891
0 0.944336 0.103516 0.110352 0.142578
0 0.751953 0.202148 0.125 0.150391
0 0.738281 0.277344 0.097656 0.089844
0 0.020508 0.045898 0.041992 0.087891
0 0.636719 0.493164 0.054688 0.057617
0 0.77832 0.605469 0.085938 0.095703
0 0.436523 0.388672 0.086914 0.09375
0 0.888672 0.358398 0.077148 0.083984
