0 0.966797 0.163086 0.066406 0.084961
0 0.985352 0.43457 0.029297 0.075195
0 0.96875 0.510742 0.0625 0.074219
0 0.850586 0.443359 0.106445 0.078125
0 0.635742 0.495117 0.107422 0.081055
0 0.787109 0.639648 0.071289 0.119141
0 0.984375 0.708984 0.030273 0.0625
0 0.886719 0.893555 0.104492 0.092773
0 0.807617 0.891602 0.06543 0.103516
0 0.624023 0.841797 0.135742 0.075195
0 0.787109 0.772461 0.115234 0.057617
0 0.551758 0.757812 0.089844 0.047852
0 0.46875 0.777344 0.111328 0.083008
0 0.223633 0.771484 0.102539 0.050781
0 0.234375 0.981445 0.098633 0.037109
0 0.308594 0.53125 0.09375 0.109375
0 0.112305 0.517578 0.120117 0.075195
0 0.19043 0.313477 0.066406 0.097656
0 0.051758 0.376953 0.104492 0.089844
0 0.029297 0.250977 0.058594 0.063477
0 0.24707 0.074219 0.102539 0.09668
0 0.366211 0.123047 0.068359 0.088867
0 0.414062 0.233398 0.108398 0.078125
0 0.734375 0.25 0.06543 0.09082
0 0.833008 0.302734 0.076172 0.078125
0 0.834961 0.199219 0.123047 0.114258
0 0.626953 0.110352 0.116211 0.082031
0 0.675781 0.202148 0.045898 0.071289
0 0.996094 0.988281 0.006836 0.023438
0 0.959961 0.9375 0.079102 0.124023
0 0.013672 0.929688 0.027344 0.064453
0 0.650391 0.916016 0.101562 0.058594
