0 0.990234 0.180664 0.019531 0.085938
0 0.717773 0.170898 0.063477 0.107422
0 0.469727 0.204102 0.071289 0.082031
0 0.938477 0.97168 0.118164 0.055664
0 0.885742 0.390625 0.0625 0.069336
0 0.414062 0.382812 0.057617 0.094727
0 0.636719 0.886719 0.085938 0.0625
0 0.320312 0.708984 0.061523 0.071289
0 0.532227 0.191406 0.069336 0.081055
0 0.1875 0.603516 0.102539 0.056641
0 0.126953 0.22168 0.104492 0.142578
0 0.59375 0.210938 0.100586 0.092773
0 0.645508 0.787109 0.089844 0.041016
0 0.904297 0.210938 0.061523 0.068359
0 0.438477 0.043945 0.072266 0.051758
0 0.62207 0.950195 0.09375 0.089844
0 0.49707 0.966797 0.058594 0.061523
0 0.038086 0.792969 0.072266 0.06543
0 0.643555 0.49707 0.094727 0.044922
0 0.52832 0.25293 0.046875 0.081055
0 0.831055 0.96875 0.075195 0.0625
0 0.549805 0.063477 0.080078 0.050781
0 0.509766 0.571289 0.070312 0.058594
0 0.753906 0.739258 0.095703 0.044922
0 0.891602 0.861328 0.081055 0.046875
0 0.966797 0.667969 0.06543 0.033203
0 0.458008 0.486328 0.044922 0.064453
0 0.775391 0.569336 0.116211 0.061523
0 0.592773 0.051758 0.074219 0.050781
0 0.380859 0.585938 0.072266 0.06543
0 0.030273 0.015625 0.058594 0.03125
0 0.286133 0.954102 0.078125 0.050781
0 0.991211 0.882812 0.016602 0.060547
0 0.78125 0.357422 0.06543 0.052734
0 0.524414 0.328125 0.0625 0.053711
0 0.026367 0.916992 0.053711 0.036133
0 0.030273 0.073242 0.058594 0.041016
0 0.146484 0.27832 0.099609 0.039062
0 0.862305 0.077148 0.049805 0.076172
0 0.418945 0.641602 0.071289 0.053711
0 0.852539 0.910156 0.076172 0.044922
0 0.713867 0.621094 0.063477 0.071289
0 0.419922 0.539062 0.094727 0.075195
0 0.759766 0.05957 0.051758 0.067383
0 0.739258 0.912109 0.087891 0.039062
0 0.749023 0.018555 0.041992 0.038086
0 0.703125 0.258789 0.068359 0.069336
0 0.478516 0.351562 0.05957 0.02832
0 0.143555 0.837891 0.085938 0.03418
0 0.15332 0.742188 0.076172 0.048828
0 0.038086 0.986328 0.073242 0.022461
0 0.188477 0.931641 0.075195 0.02832
0 0.115234 0.647461 0.084961 0.029297
0 0.34668 0.841797 0.073242 0.054688
0 0.674805 0.013672 0.043945 0.027344
0 0.494141 0.696289 0.064453 0.039062
0 0.75 0.874023 0.052734 0.047852
0 0.399414 0.546875 0.081055 0.078125
0 0.331055 0.254883 0.071289 0.056641
0 0.279297 0.925781 0.069336 0.033203
0 0.90332 0.746094 0.09082 0.03125
0 0.625977 0.845703 0.069336 0.046875
0 0.124023 0.859375 0.131836 0.118164
0 0.910156 0.011719 0.058594 0.024414
0 0.261719 0.021484 0.053711 0.043945
0 0.951172 0.829102 0.045898 0.054688
0 0.665039 0.65918 0.066406 0.053711
0 0.249023 0.863281 0.125 0.055664
0 0.875 0.263672 0.068359 0.045898
0 0.117188 0.697266 0.109375 0.051758
0 0.40625 0.869141 0.072266 0.049805
0 0.446289 0.931641 0.064453 0.081055
0 0.269531 0.634766 0.070312 0.053711
0 0.086914 0.896484 0.09668 0.016602
0 0.445312 0.014648 0.040039 0.029297
0 0.556641 0.015625 0.047852 0.03125
0 0.420898 0.655273 0.073242 0.050781
0 0.078125 0.648438 0.051758 0.050781
0 0.016602 0.679688 0.032227 0.044922
0 0.919922 0.576172 0.058594 0.016602
0 0.878906 0.65918 0.053711 0.047852
0 0.702148 0.848633 0.050781 0.042969
0 0.787109 0.989258 0.045898 0.017578
0 0.847656 0.251953 0.078125 0.075195
0 0.813477 0.852539 0.071289 0.048828
