0 0.383789 0.832031 0.173828 0.105469
0 0.135742 0.97168 0.102539 0.055664
0 0.875977 0.856445 0.079102 0.101562
0 0.366211 0.09082 0.113281 0.168945
0 0.811523 0.418945 0.165039 0.155273
0 0.197266 0.663086 0.115234 0.167969
0 0.06543 0.285156 0.131836 0.118164
0 0.03125 0.077148 0.0625 0.150391
0 0.283203 0.459961 0.167969 0.169922
0 0.432617 0.310547 0.217773 0.177734
0 0.696289 0.462891 0.130859 0.143555
0 0.443359 0.75293 0.155273 0.077148
0 0.082031 0.119141 0.119141 0.139648
0 0.283203 0.939453 0.12793 0.112305
0 0.022461 0.861328 0.045898 0.083984
