0 0.526367 0.166992 0.110352 0.084961
0 0.101562 0.361328 0.120117 0.094727
0 0.076172 0.50293 0.152344 0.072266
0 0.56543 0.650391 0.12793 0.083008
0 0.061523 0.608398 0.100586 0.064453
0 0.703125 0.585938 0.197266 0.087891
0 0.179688 0.18457 0.109375 0.070312
0 0.097656 0.805664 0.161133 0.09375
0 0.53125 0.394531 0.137695 0.112305
0 0.868164 0.452148 0.160156 0.072266
0 0.599609 0.225586 0.105469 0.072266
0 0.691406 0.376953 0.104492 0.070312
0 0.529297 0.894531 0.110352 0.064453
0 0.740234 0.444336 0.131836 0.064453
0 0.573242 0.824219 0.147461 0.080078
0 0.058594 0.094727 0.072266 0.064453
0 0.796875 0.301758 0.195312 0.075195
0 0.081055 0.27832 0.070312 0.05957
0 0.675781 0.179688 0.142578 0.080078
0 0.762695 0.958984 0.137695 0.075195
0 0.097656 0.146484 0.102539 0.114258
0 0.769531 0.094727 0.246094 0.077148
0 0.488281 0.322266 0.087891 0.05957
0 0.640625 0.93457 0.171875 0.080078
0 0.610352 0.731445 0.157227 0.084961
0 0.87207 0.150391 0.205078 0.073242
0 0.697266 0.882812 0.150391 0.077148
0 0.733398 0.731445 0.158203 0.06543
0 0.757812 0.225586 0.198242 0.087891
0 0.02832 0.325195 0.056641 0.057617
0 0.770508 0.350586 0.152344 0.047852
0 0.126953 0.026367 0.095703 0.049805
0 0.649414 0.75293 0.120117 0.077148
0 0.59668 0.035156 0.169922 0.067383
0 0.854492 0.030273 0.144531 0.057617
