0 0.069336 0.287109 0.128906 0.077148
0 0.375 0.554688 0.118164 0.057617
0 0.708984 0.205078 0.088867 0.066406
0 0.21582 0.614258 0.139648 0.060547
0 0.444336 0.236328 0.125977 0.070312
0 0.4375 0.504883 0.145508 0.048828
0 0.359375 0.299805 0.120117 0.0625
0 0.142578 0.914062 0.154297 0.052734
0 0.103516 0.133789 0.107422 0.039062
0 0.302734 0.027344 0.094727 0.042969
0 0.881836 0.703125 0.105469 0.068359
0 0.530273 0.588867 0.116211 0.056641
0 0.827148 0.119141 0.114258 0.080078
0 0.347656 0.157227 0.066406 0.076172
0 0.345703 0.892578 0.124023 0.039062
0 0.597656 0.4375 0.100586 0.044922
0 0.762695 0.393555 0.049805 0.097656
0 0.474609 0.882812 0.137695 0.048828
0 0.730469 0.728516 0.144531 0.077148
0 0.067383 0.94043 0.124023 0.054688
0 0.345703 0.93457 0.105469 0.073242
0 0.706055 0.833984 0.166016 0.050781
0 0.976562 0.458984 0.045898 0.046875
0 0.638672 0.897461 0.089844 0.048828
0 0.712891 0.255859 0.080078 0.041016
0 0.270508 0.148438 0.12793 0.045898
0 0.098633 0.765625 0.142578 0.0625
0 0.291992 0.332031 0.107422 0.041992
0 0.939453 0.782227 0.120117 0.05957
0 0.696289 0.37793 0.071289 0.037109
0 0.242188 0.802734 0.147461 0.060547
0 0.957031 0.675781 0.085938 0.045898
0 0.638672 0.255859 0.083984 0.073242
0 0.171875 0.876953 0.124023 0.042969
0 0.175781 0.696289 0.114258 0.080078
0 0.56543 0.236328 0.115234 0.063477
0 0.388672 0.195312 0.143555 0.039062
0 0.037109 0.978516 0.075195 0.042969
0 0.954102 0.978516 0.09082 0.041992
0 0.799805 0.896484 0.094727 0.037109
0 0.891602 0.342773 0.06543 0.068359
0 0.571289 0.910156 0.120117 0.086914
0 0.103516 0.80957 0.111328 0.036621
0 0.982422 0.902344 0.03418 0.023438
0 0.285156 0.713867 0.129883 0.045898
0 0.401367 0.981445 0.119141 0.036133
0 0.510742 0.332031 0.09082 0.036133
0 0.295898 0.09082 0.119141 0.09668
0 0.03125 0.708008 0.0625 0.068359
0 0.035156 0.599609 0.071289 0.041992
0 0.989258 0.928711 0.020508 0.032227
0 0.262695 0.337891 0.0625 0.055664
0 0.788086 0.935547 0.124023 0.048828
0 0.431641 0.466797 0.100586 0.035156
0 0.512695 0.643555 0.057617 0.035156
0 0.833984 0.322266 0.070312 0.025391
0 0.34375 0.631836 0.060547 0.037109
0 0.591797 0.637695 0.088867 0.060547
0 0.845703 0.297852 0.066406 0.041992
0 0.212891 0.75 0.071289 0.032227
0 0.029297 0.834961 0.058594 0.047852
0 0.097656 0.652344 0.082031 0.071289
