0 0.181641 0.610352 0.087891 0.077148
0 0.1875 0.374023 0.171875 0.079102
0 0.354492 0.374023 0.146484 0.084961
0 0.390625 0.469727 0.166992 0.089844
0 0.462891 0.582031 0.131836 0.075195
0 0.09082 0.029297 0.048828 0.05957
0 0.128906 0.107422 0.117188 0.176758
0 0.25 0.101562 0.078125 0.166016
0 0.266602 0.045898 0.053711 0.077148
0 0.341797 0.088867 0.081055 0.123047
0 0.510742 0.053711 0.126953 0.091797
0 0.689453 0.12793 0.070312 0.0625
0 0.543945 0.303711 0.053711 0.101562
0 0.036133 0.949219 0.072266 0.075195
0 0.109375 0.896484 0.06543 0.129883
0 0.063477 0.719727 0.047852 0.05957
0 0.180664 0.962891 0.073242 0.073242
0 0.349609 0.948242 0.086914 0.103516
0 0.457031 0.875 0.076172 0.089844
0 0.605469 0.923828 0.076172 0.047852
0 0.549805 0.957031 0.138672 0.084961
0 0.418945 0.756836 0.125 0.099609
0 0.629883 0.55957 0.0625 0.143555
0 0.702148 0.506836 0.069336 0.196289
0 0.773438 0.419922 0.110352 0.185547
0 0.848633 0.329102 0.068359 0.073242
0 0.830078 0.241211 0.056641 0.048828
0 0.84375 0.18457 0.061523 0.054688
0 0.979492 0.389648 0.041016 0.078125
0 0.90625 0.458984 0.080078 0.099609
0 0.761719 0.079102 0.076172 0.049805
0 0.691406 0.029297 0.075195 0.05957
0 0.77832 0.616211 0.064453 0.147461
0 0.873047 0.604492 0.060547 0.05957
0 0.958008 0.710938 0.083008 0.069336
0 0.943359 0.791992 0.112305 0.125
0 0.873047 0.858398 0.083984 0.104492
0 0.844727 0.724609 0.085938 0.136719
0 0.788086 0.775391 0.054688 0.089844
