0 0.767578 0.541992 0.067383 0.140625
0 0.885742 0.386719 0.087891 0.075195
0 0.844727 0.248047 0.064453 0.077148
0 0.979492 0.422852 0.040039 0.102539
0 0.810547 0.426758 0.067383 0.160156
0 0.957031 0.073242 0.085938 0.068359
0 0.837891 0.551758 0.067383 0.125
0 0.958008 0.208984 0.083008 0.060547
0 0.945312 0.022461 0.108398 0.044922
0 0.998047 0.03418 0.00293 0.05957
0 0.794922 0.269531 0.080078 0.080078
0 0.87207 0.279297 0.060547 0.084961
0 0.945312 0.463867 0.108398 0.084961
0 0.949219 0.524414 0.100586 0.084961
0 0.96582 0.569336 0.068359 0.099609
0 0.717773 0.761719 0.077148 0.120117
0 0.055664 0.123047 0.078125 0.067383
