0 0.011719 0.692383 0.024414 0.09668
0 0.166992 0.49707 0.054688 0.118164
0 0.936523 0.105469 0.069336 0.068359
0 0.961914 0.302734 0.056641 0.088867
0 0.907227 0.283203 0.077148 0.095703
0 0.695312 0.123047 0.102539 0.053711
0 0.824219 0.070312 0.083008 0.051758
0 0.452148 0.612305 0.105469 0.044922
0 0.399414 0.157227 0.086914 0.041016
0 0.060547 0.639648 0.092773 0.081055
0 0.983398 0.648438 0.027344 0.083984
0 0.569336 0.266602 0.102539 0.040039
0 0.283203 0.807617 0.069336 0.088867
0 0.632812 0.333984 0.160156 0.054688
0 0.46582 0.771484 0.087891 0.056641
0 0.645508 0.708984 0.097656 0.043945
0 0.245117 0.504883 0.09375 0.03125
0 0.466797 0.360352 0.084961 0.048828
0 0.442383 0.381836 0.067383 0.050781
0 0.703125 0.185547 0.033203 0.082031
0 0.166016 0.68457 0.042969 0.080078
0 0.076172 0.158203 0.098633 0.041992
0 0.75293 0.222656 0.027344 0.148438
0 0.446289 0.073242 0.083984 0.045898
0 0.942383 0.665039 0.024414 0.067383
0 0.100586 0.375 0.09375 0.054688
0 0.851562 0.496094 0.136719 0.048828
0 0.754883 0.453125 0.061523 0.037109
0 0.868164 0.728516 0.076172 0.042969
0 0.058594 0.807617 0.117188 0.052734
0 0.655273 0.03125 0.042969 0.063477
0 0.146484 0.140625 0.071289 0.061523
0 0.551758 0.09375 0.067383 0.026367
0 0.704102 0.833984 0.0625 0.073242
0 0.62207 0.870117 0.082031 0.069336
0 0.739258 0.914062 0.054688 0.02832
0 0.766602 0.862305 0.073242 0.029297
0 0.244141 0.109375 0.092773 0.063477
0 0.261719 0.749023 0.101562 0.051758
0 0.170898 0.026367 0.067383 0.044922
0 0.626953 0.160156 0.069336 0.045898
0 0.318359 0.990234 0.044922 0.019531
0 0.149414 0.890625 0.078125 0.018555
0 0.085938 0.769531 0.152344 0.041016
0 0.473633 0.597656 0.064453 0.042969
0 0.716797 0.768555 0.058594 0.054688
0 0.210938 0.632812 0.047852 0.057617
0 0.263672 0.537109 0.066406 0.042969
0 0.979492 0.026367 0.036133 0.052734
0 0.443359 0.835938 0.068359 0.029297
0 0.635742 0.984375 0.104492 0.024414
0 0.267578 0.166992 0.073242 0.019531
0 0.0625 0.115234 0.125 0.073242
0 0.470703 0.726562 0.094727 0.020508
0 0.845703 0.365234 0.05957 0.045898
0 0.890625 0.864258 0.041016 0.054688
0 0.038086 0.007812 0.042969 0.016602
0 0.979492 0.858398 0.036133 0.036133
0 0.225586 0.015625 0.069336 0.027344
0 0.642578 0.05957 0.046875 0.036133
0 0.90625 0.428711 0.092773 0.046875
0 0.827148 0.759766 0.055664 0.053711
0 0.614258 0.763672 0.066406 0.043945
0 0.762695 0.839844 0.049805 0.013672
0 0.987305 0.202148 0.024414 0.051758
0 0.975586 0.25 0.048828 0.042969
0 0.066406 0.087891 0.083008 0.049805
0 0.244141 0.128906 0.103516 0.024414
0 0.962891 0.429688 0.074219 0.064453
0 0.908203 0.374023 0.082031 0.079102
0 0.619141 0.925781 0.105469 0.055664
0 0.697266 0.93457 0.058594 0.06543
0 0.444336 0.563477 0.095703 0.060547
0 0.881836 0.991211 0.06543 0.016602
0 0.768555 0.987305 0.064453 0.024414
