0 0.521484 0.954102 0.076172 0.082031
0 0.507812 0.074219 0.080078 0.072266
0 0.143555 0.331055 0.09375 0.048828
0 0.771484 0.053711 0.074219 0.069336
0 0.011719 0.352539 0.024414 0.050781
0 0.583984 0.62793 0.120117 0.086914
0 0.265625 0.077148 0.09082 0.050781
0 0.043945 0.878906 0.088867 0.053711
0 0.327148 0.026367 0.083008 0.051758
0 0.800781 0.624023 0.103516 0.043945
0 0.876953 0.038086 0.081055 0.050781
0 0.678711 0.431641 0.083984 0.045898
0 0.486328 0.240234 0.101562 0.046875
0 0.960938 0.552734 0.067383 0.050781
0 0.858398 0.429688 0.06543 0.049805
0 0.371094 0.583008 0.09668 0.045898
0 0.324219 0.420898 0.091797 0.038086
0 0.291016 0.266602 0.09668 0.049805
0 0.393555 0.179688 0.106445 0.049805
0 0.951172 0.02832 0.076172 0.046875
0 0.876953 0.3125 0.074219 0.045898
0 0.760742 0.263672 0.069336 0.056641
0 0.655273 0.607422 0.087891 0.040039
0 0.128906 0.779297 0.117188 0.036133
0 0.053711 0.701172 0.068359 0.071289
0 0.643555 0.18457 0.079102 0.044922
0 0.164062 0.981445 0.091797 0.032227
0 0.800781 0.913086 0.098633 0.037109
0 0.283203 0.734375 0.120117 0.037109
0 0.212891 0.573242 0.166016 0.071289
0 0.786133 0.337891 0.060547 0.053711
0 0.151367 0.735352 0.106445 0.032227
0 0.395508 0.364258 0.110352 0.0625
0 0.03125 0.263672 0.063477 0.037109
0 0.958008 0.579102 0.051758 0.041992
0 0.212891 0.942383 0.066406 0.036133
0 0.583984 0.948242 0.078125 0.041016
0 0.101562 0.574219 0.105469 0.03125
0 0.352539 0.263672 0.104492 0.038086
0 0.568359 0.3125 0.071289 0.033203
0 0.086914 0.011719 0.048828 0.023438
0 0.612305 0.381836 0.061523 0.047852
0 0.291992 0.820312 0.160156 0.050781
0 0.411133 0.012695 0.058594 0.026367
0 0.876953 0.267578 0.073242 0.030273
0 0.196289 0.654297 0.083008 0.041992
0 0.402344 0.432617 0.075195 0.037109
0 0.056641 0.733398 0.074219 0.036133
0 0.711914 0.495801 0.07041 0.050879
0 0.688477 0.326172 0.071289 0.03125
0 0.975586 0.256836 0.048828 0.029297
0 0.083984 0.980469 0.086914 0.026367
0 0.197266 0.112305 0.043945 0.027344
0 0.604492 0.010742 0.047852 0.022461
0 0.933594 0.984375 0.060547 0.020508
0 0.853516 0.94043 0.056641 0.029297
0 0.586914 0.180664 0.098633 0.080078
0 0.908203 0.499023 0.045898 0.038086
0 0.71582 0.912109 0.0625 0.024414
0 0.633789 0.93457 0.077148 0.02832
0 0.708008 0.021484 0.060547 0.040039
0 0.496094 0.569336 0.097656 0.040039
0 0.688477 0.737305 0.077148 0.029297
0 0.280273 0.69043 0.154297 0.045898
0 0.957031 0.295898 0.050781 0.025391
0 0.026367 0.957031 0.052734 0.03418
0 0.689453 0.704102 0.060547 0.040039
0 0.051758 0.839844 0.081055 0.025391
0 0.857422 0.733398 0.06543 0.014648
0 0.956055 0.727539 0.048828 0.023438
0 0.268555 0.317383 0.077148 0.03125
0 0.464844 0.533203 0.098633 0.041016
0 0.364258 0.734375 0.077148 0.040039
0 0.935547 0.130859 0.071289 0.016602
0 0.970703 0.007812 0.057617 0.015625
0 0.138672 0.647461 0.091797 0.044922
0 0.488281 0.775391 0.101562 0.033203
0 0.307617 0.164062 0.086914 0.019531
0 0.749023 0.709961 0.081055 0.030273
0 0.239258 0.820312 0.125 0.035156
0 0.755859 0.010742 0.069336 0.022461
