0 0.185547 0.213867 0.067383 0.108398
0 0.053711 0.181641 0.067383 0.049805
0 0.056641 0.130859 0.094727 0.06543
0 0.03125 0.03418 0.058594 0.068359
0 0.094727 0.03418 0.066406 0.069336
0 0.351562 0.024414 0.077148 0.048828
0 0.236328 0.118164 0.050781 0.056641
0 0.405273 0.116211 0.061523 0.051758
0 0.478516 0.109375 0.075195 0.066406
0 0.386719 0.202148 0.044922 0.048828
0 0.305664 0.207031 0.063477 0.053711
0 0.286133 0.236328 0.064453 0.051758
0 0.308594 0.291016 0.058594 0.042969
0 0.25293 0.269531 0.063477 0.050781
0 0.25 0.327148 0.047852 0.041992
0 0.3125 0.338867 0.043945 0.057617
0 0.115234 0.40625 0.050781 0.063477
0 0.063477 0.4375 0.060547 0.078125
0 0.166016 0.450195 0.06543 0.068359
0 0.024414 0.49707 0.049805 0.054688
0 0.075195 0.53418 0.076172 0.085938
0 0.37793 0.50293 0.049805 0.056641
0 0.381836 0.44043 0.051758 0.057617
0 0.450195 0.454102 0.061523 0.069336
0 0.358398 0.582031 0.070312 0.069336
0 0.435547 0.580078 0.061523 0.043945
0 0.166992 0.630859 0.051758 0.050781
0 0.105469 0.630859 0.072266 0.048828
0 0.182617 0.517578 0.061523 0.051758
0 0.026367 0.612305 0.053711 0.052734
0 0.044922 0.710938 0.061523 0.079102
0 0.310547 0.688477 0.075195 0.049805
0 0.553711 0.639648 0.071289 0.088867
0 0.601562 0.464844 0.049805 0.064453
0 0.522461 0.367188 0.076172 0.049805
0 0.616211 0.380859 0.078125 0.053711
0 0.506836 0.754883 0.050781 0.080078
0 0.545898 0.807617 0.080078 0.09082
0 0.332031 0.789062 0.057617 0.061523
0 0.275391 0.774414 0.056641 0.061523
0 0.267578 0.845703 0.055664 0.088867
0 0.097656 0.952148 0.086914 0.095703
0 0.299805 0.944336 0.063477 0.101562
0 0.243164 0.942383 0.043945 0.05957
0 0.421875 0.916016 0.06543 0.052734
0 0.401367 0.970703 0.058594 0.057617
0 0.501953 0.879883 0.073242 0.134766
0 0.583008 0.974609 0.09375 0.050781
0 0.655273 0.977539 0.057617 0.044922
0 0.729492 0.97168 0.06543 0.055664
0 0.735352 0.873047 0.068359 0.068359
0 0.660156 0.8125 0.079102 0.054688
0 0.773438 0.771484 0.087891 0.09082
0 0.019531 0.958984 0.039062 0.066406
0 0.669922 0.466797 0.054688 0.043945
0 0.704102 0.524414 0.057617 0.058594
0 0.787109 0.550781 0.066406 0.060547
0 0.791992 0.488281 0.058594 0.058594
0 0.682617 0.657227 0.061523 0.055664
0 0.650391 0.693359 0.048828 0.050781
0 0.77832 0.667969 0.067383 0.040039
0 0.839844 0.675781 0.053711 0.046875
0 0.854492 0.594727 0.054688 0.080078
0 0.894531 0.623047 0.053711 0.044922
0 0.93457 0.626953 0.050781 0.063477
0 0.973633 0.552734 0.052734 0.061523
0 0.975586 0.446289 0.047852 0.053711
0 0.917969 0.430664 0.039062 0.050781
0 0.845703 0.4375 0.074219 0.039062
0 0.858398 0.404297 0.071289 0.049805
0 0.75293 0.294922 0.063477 0.058594
0 0.959961 0.928711 0.074219 0.056641
0 0.876953 0.935547 0.069336 0.060547
0 0.946289 0.791016 0.052734 0.050781
0 0.977539 0.817383 0.043945 0.064453
0 0.958008 0.30957 0.061523 0.044922
0 0.882812 0.15332 0.058594 0.095703
0 0.748047 0.164062 0.064453 0.06543
0 0.786133 0.15918 0.048828 0.050781
0 0.827148 0.087891 0.042969 0.047852
0 0.762695 0.042969 0.082031 0.067383
0 0.614258 0.055664 0.056641 0.049805
0 0.65918 0.045898 0.049805 0.043945
0 0.629883 0.123047 0.105469 0.131836
0 0.680664 0.118164 0.06543 0.060547
0 0.964844 0.107422 0.069336 0.054688
0 0.892578 0.077148 0.086914 0.068359
0 0.983398 0.157227 0.033203 0.045898
0 0.904297 0.876953 0.044922 0.052734
0 0.958008 0.870117 0.060547 0.052734
0 0.905273 0.351562 0.053711 0.046875
0 0.438477 0.212891 0.037109 0.047852
0 0.473633 0.198242 0.049805 0.046875
0 0.620117 0.516602 0.051758 0.050781
0 0.323242 0.741211 0.047852 0.036133
