0 0.523438 0.235352 0.097656 0.067383
0 0.389648 0.022461 0.070312 0.044922
0 0.835938 0.379883 0.248047 0.102539
0 0.766602 0.905273 0.174805 0.12207
0 0.479492 0.085938 0.070312 0.078125
0 0.46582 0.78418 0.113281 0.094727
0 0.484375 0.887695 0.109375 0.073242
0 0.126953 0.591797 0.074219 0.115234
0 0.081055 0.261719 0.072266 0.086914
0 0.663086 0.889648 0.082031 0.109375
0 0.621094 0.734375 0.084961 0.189453
0 0.576172 0.339844 0.0625 0.070312
0 0.720703 0.568359 0.102539 0.113281
0 0.068359 0.663086 0.117188 0.087891
0 0.125 0.837891 0.172852 0.137695
0 0.499023 0.400391 0.079102 0.227539
0 0.086914 0.417969 0.174805 0.108398
0 0.775391 0.210938 0.112305 0.107422
0 0.976562 0.098633 0.045898 0.107422
0 0.884766 0.053711 0.230469 0.107422
0 0.657227 0.613281 0.195312 0.277344
0 0.530273 0.158203 0.163086 0.072266
0 0.443359 0.270508 0.142578 0.157227
0 0.071289 0.015625 0.139648 0.032227
0 0.443359 0.158203 0.097656 0.082031
0 0.697266 0.740234 0.080078 0.102539
0 0.768555 0.163086 0.142578 0.092773
0 0.548828 0.082031 0.06543 0.134766
0 0.419922 0.694336 0.089844 0.089844
0 0.917969 0.523438 0.063477 0.063477
0 0.764648 0.100586 0.304688 0.087891
0 0.969727 0.742188 0.060547 0.099609
0 0.921875 0.285156 0.054688 0.077148
0 0.295898 0.741211 0.222656 0.084961
0 0.257812 0.782227 0.162109 0.123047
0 0.376953 0.708008 0.105469 0.083008
0 0.569336 0.15625 0.070312 0.0625
0 0.032227 0.582031 0.060547 0.074219
0 0.19043 0.824219 0.177734 0.214844
0 0.470703 0.976562 0.100586 0.046875
0 0.511719 0.930664 0.064453 0.137695
0 0.646484 0.583008 0.110352 0.072266
0 0.466797 0.46582 0.06543 0.197266
0 0.507812 0.47168 0.166992 0.18457
0 0.810547 0.137695 0.072266 0.057617
