0 0.167969 0.03125 0.263672 0.0625
0 0.276367 0.195312 0.115234 0.115234
0 0.435547 0.228516 0.155273 0.073242
0 0.685547 0.088867 0.140625 0.089844
0 0.594727 0.023438 0.140625 0.047852
0 0.402344 0.037109 0.055664 0.063477
0 0.487305 0.103516 0.144531 0.084961
0 0.552734 0.15918 0.208008 0.072266
0 0.820312 0.165039 0.070312 0.061523
0 0.875977 0.238281 0.077148 0.092773
0 0.898438 0.129883 0.082031 0.070312
0 0.930664 0.049805 0.0625 0.083984
0 0.78125 0.298828 0.060547 0.060547
0 0.555664 0.225586 0.069336 0.049805
0 0.526367 0.74707 0.092773 0.092773
0 0.704102 0.732422 0.086914 0.081055
0 0.733398 0.632812 0.083008 0.112305
0 0.865234 0.712891 0.105469 0.075195
0 0.820312 0.629883 0.069336 0.070312
0 0.950195 0.584961 0.098633 0.104492
0 0.974609 0.774414 0.050781 0.069336
0 0.90625 0.830078 0.09082 0.082031
0 0.887695 0.90332 0.085938 0.083008
0 0.598633 0.305664 0.063477 0.075195
0 0.515625 0.367188 0.076172 0.092773
0 0.555664 0.443359 0.075195 0.165039
0 0.40918 0.483398 0.068359 0.081055
0 0.302734 0.447266 0.102539 0.098633
0 0.161133 0.694336 0.100586 0.115234
0 0.035156 0.77832 0.070312 0.077148
0 0.070312 0.845703 0.121094 0.100586
0 0.426758 0.883789 0.151367 0.232422
0 0.333008 0.943359 0.095703 0.112305
0 0.029297 0.676758 0.058594 0.085938
0 0.068359 0.451172 0.091797 0.064453
0 0.330078 0.510742 0.103516 0.076172
0 0.795898 0.143555 0.105469 0.072266
0 0.705078 0.194336 0.115234 0.083008
0 0.820312 0.277344 0.072266 0.064453
