0 0.767578 0.176758 0.071289 0.057617
0 0.961914 0.052734 0.075195 0.075195
0 0.691406 0.138672 0.070312 0.077148
0 0.772461 0.322266 0.095703 0.048828
0 0.579102 0.179688 0.063477 0.044922
0 0.21582 0.008789 0.064453 0.018555
0 0.201172 0.134766 0.084961 0.091797
0 0.273438 0.256836 0.092773 0.068359
0 0.418945 0.34082 0.144531 0.069336
0 0.551758 0.410156 0.09668 0.0625
0 0.349609 0.424805 0.064453 0.056641
0 0.126953 0.395508 0.055664 0.049805
0 0.047852 0.374023 0.095703 0.053711
0 0.149414 0.875 0.080078 0.083008
0 0.260742 0.650391 0.075195 0.055664
0 0.634766 0.795898 0.147461 0.110352
0 0.705078 0.80957 0.073242 0.050781
0 0.77832 0.854492 0.060547 0.114258
0 0.844727 0.876953 0.078125 0.050781
0 0.395508 0.867188 0.064453 0.0625
0 0.326172 0.832031 0.0625 0.073242
0 0.391602 0.765625 0.057617 0.066406
0 0.451172 0.717773 0.072266 0.067383
0 0.84082 0.731445 0.086914 0.058594
0 0.758789 0.509766 0.06543 0.052734
0 0.981445 0.579102 0.036133 0.047852
0 0.288086 0.789062 0.106445 0.085938
0 0.526367 0.831055 0.064453 0.067383
0 0.255859 0.708984 0.056641 0.05957
0 0.859375 0.81543 0.111328 0.064453
0 0.945312 0.801758 0.109375 0.052734
0 0.5 0.801758 0.0625 0.051758
0 0.036133 0.041992 0.072266 0.084961
0 0.291016 0.037109 0.051758 0.058594
0 0.333008 0.024414 0.083984 0.048828
0 0.420898 0.047852 0.050781 0.048828
0 0.458008 0.089844 0.079102 0.060547
0 0.527344 0.047852 0.110352 0.055664
0 0.567383 0.100586 0.09375 0.038086
0 0.641602 0.017578 0.074219 0.03418
0 0.707031 0.029297 0.058594 0.045898
0 0.648438 0.085938 0.09082 0.029297
0 0.861328 0.069336 0.088867 0.039062
0 0.057617 0.21582 0.083008 0.048828
0 0.15332 0.246094 0.099609 0.052734
0 0.606445 0.208984 0.085938 0.061523
0 0.630859 0.288086 0.125 0.064453
0 0.874023 0.283203 0.147461 0.084961
0 0.757812 0.376953 0.126953 0.071289
0 0.125 0.285156 0.069336 0.055664
0 0.289062 0.449219 0.056641 0.058594
0 0.34668 0.485352 0.114258 0.076172
0 0.165039 0.445312 0.077148 0.060547
0 0.65332 0.464844 0.130859 0.063477
0 0.149414 0.489258 0.057617 0.045898
0 0.217773 0.535156 0.079102 0.098633
0 0.241211 0.569336 0.049805 0.052734
0 0.636719 0.541992 0.055664 0.077148
0 0.823242 0.538086 0.070312 0.063477
0 0.90332 0.546875 0.086914 0.057617
0 0.989258 0.447266 0.020508 0.040039
0 0.96875 0.639648 0.0625 0.074219
0 0.821289 0.599609 0.095703 0.051758
0 0.399414 0.647461 0.056641 0.066406
0 0.472656 0.588867 0.110352 0.076172
0 0.916992 0.1875 0.136719 0.0625
0 0.986328 0.147461 0.026367 0.071289
0 0.96875 0.256836 0.061523 0.048828
0 0.632812 0.635742 0.048828 0.040039
0 0.704102 0.633789 0.082031 0.057617
0 0.900391 0.665039 0.091797 0.067383
0 0.797852 0.69043 0.075195 0.049805
0 0.766602 0.735352 0.079102 0.046875
0 0.654297 0.700195 0.0625 0.058594
0 0.643555 0.768555 0.092773 0.03418
0 0.660156 0.876953 0.101562 0.083008
0 0.30957 0.924805 0.087891 0.044922
0 0.443359 0.948242 0.158203 0.083984
0 0.331055 0.977539 0.060547 0.043945
0 0.529297 0.899414 0.082031 0.051758
0 0.609375 0.893555 0.100586 0.049805
0 0.599609 0.973633 0.051758 0.051758
0 0.642578 0.983398 0.043945 0.032227
0 0.724609 0.90332 0.035156 0.040039
0 0.71582 0.948242 0.047852 0.071289
0 0.783203 0.97168 0.083008 0.056641
0 0.957031 0.764648 0.043945 0.033203
