0 0.867188 0.320312 0.138672 0.085938
0 0.847656 0.355469 0.050781 0.041016
0 0.743164 0.322266 0.055664 0.050781
0 0.685547 0.253906 0.085938 0.054688
0 0.662109 0.212891 0.046875 0.035156
0 0.625977 0.194336 0.054688 0.05957
0 0.583008 0.202148 0.057617 0.069336
0 0.626953 0.274414 0.071289 0.068359
0 0.738281 0.115234 0.037109 0.072266
0 0.875 0.177734 0.079102 0.095703
0 0.891602 0.139648 0.084961 0.091797
0 0.952148 0.085938 0.069336 0.099609
0 0.964844 0.222656 0.043945 0.050781
0 0.444336 0.224609 0.073242 0.098633
0 0.404297 0.269531 0.050781 0.081055
0 0.361328 0.228516 0.061523 0.0625
0 0.326172 0.139648 0.063477 0.098633
0 0.268555 0.107422 0.079102 0.054688
0 0.245117 0.041992 0.050781 0.060547
0 0.383789 0.016602 0.054688 0.033203
0 0.134766 0.072266 0.123047 0.132812
0 0.204102 0.183594 0.137695 0.063477
0 0.131836 0.191406 0.149414 0.112305
0 0.287109 0.271484 0.105469 0.070312
0 0.387695 0.390625 0.087891 0.056641
0 0.080078 0.287109 0.160156 0.073242
0 0.212891 0.484375 0.052734 0.081055
0 0.06543 0.453125 0.102539 0.083008
0 0.067383 0.522461 0.111328 0.091797
0 0.224609 0.623047 0.091797 0.05957
0 0.303711 0.59668 0.121094 0.060547
0 0.334961 0.547852 0.067383 0.076172
0 0.400391 0.561523 0.078125 0.049805
0 0.396484 0.517578 0.0625 0.042969
0 0.521484 0.566406 0.118164 0.071289
0 0.566406 0.503906 0.05957 0.053711
0 0.484375 0.520508 0.075195 0.049805
0 0.712891 0.5625 0.054688 0.069336
0 0.759766 0.550781 0.061523 0.080078
0 0.858398 0.583008 0.0625 0.087891
0 0.771484 0.607422 0.082031 0.060547
0 0.732422 0.62207 0.054688 0.056641
0 0.210938 0.744141 0.100586 0.057617
0 0.109375 0.712891 0.081055 0.046875
0 0.057617 0.759766 0.037109 0.041016
0 0.029297 0.654297 0.058594 0.052734
0 0.060547 0.646484 0.070312 0.047852
0 0.042969 0.589844 0.085938 0.046875
0 0.142578 0.925781 0.053711 0.094727
0 0.478516 0.816406 0.083008 0.038086
0 0.523438 0.834961 0.053711 0.056641
0 0.367188 0.8125 0.083008 0.047852
0 0.379883 0.71875 0.040039 0.037109
0 0.283203 0.692383 0.121094 0.06543
0 0.322266 0.665039 0.0625 0.033203
0 0.374023 0.678711 0.060547 0.043945
0 0.423828 0.65332 0.084961 0.06543
0 0.53125 0.666992 0.046875 0.043945
0 0.603516 0.671875 0.048828 0.045898
0 0.628906 0.75293 0.076172 0.051758
0 0.5 0.71582 0.055664 0.046875
0 0.811523 0.695312 0.0625 0.055664
0 0.889648 0.71582 0.074219 0.055664
0 0.865234 0.74707 0.084961 0.045898
0 0.891602 0.782227 0.112305 0.040039
0 0.75293 0.819336 0.077148 0.057617
0 0.731445 0.925781 0.052734 0.05957
0 0.661133 0.982422 0.0625 0.03418
0 0.84375 0.860352 0.047852 0.058594
0 0.792969 0.878906 0.061523 0.080078
0 0.866211 0.961914 0.047852 0.057617
0 0.902344 0.969727 0.039062 0.058594
0 0.851562 0.912109 0.053711 0.049805
0 0.910156 0.876953 0.054688 0.0625
0 0.977539 0.932617 0.043945 0.047852
0 0.977539 0.807617 0.044922 0.0625
0 0.112305 0.392578 0.069336 0.051758
0 0.452148 0.733398 0.03418 0.027344
0 0.649414 0.779297 0.036133 0.03418
0 0.573242 0.703125 0.052734 0.03418
0 0.445312 0.416016 0.041016 0.025391
0 0.947266 0.571289 0.041992 0.076172
0 0.973633 0.598633 0.052734 0.053711
0 0.807617 0.986328 0.078125 0.026367
0 0.3125 0.5625 0.044922 0.058594
0 0.423828 0.703125 0.046875 0.030273
0 0.90625 0.814453 0.045898 0.051758
0 0.901367 0.691406 0.042969 0.039062
0 0.578125 0.261719 0.076172 0.09375
0 0.449219 0.317383 0.026367 0.027344
0 0.708008 0.298828 0.051758 0.058594
0 0.444336 0.521484 0.043945 0.053711
0 0.661133 0.260742 0.045898 0.039062
0 0.121094 0.702148 0.067383 0.030273
0 0.8125 0.887695 0.058594 0.037109
