0 0.013672 0.036133 0.02832 0.072266
0 0.254883 0.075195 0.073242 0.046875
0 0.302734 0.170898 0.083984 0.075195
0 0.335938 0.369141 0.081055 0.095703
0 0.364258 0.224609 0.070312 0.080078
0 0.470703 0.142578 0.085938 0.12207
0 0.212891 0.423828 0.058594 0.055664
0 0.037109 0.582031 0.074219 0.073242
0 0.208984 0.5 0.049805 0.075195
0 0.229492 0.544922 0.075195 0.074219
0 0.325195 0.663086 0.067383 0.110352
0 0.390625 0.794922 0.071289 0.169922
0 0.280273 0.618164 0.045898 0.056641
0 0.301758 0.474609 0.045898 0.079102
0 0.267578 0.891602 0.054688 0.083984
0 0.120117 0.81543 0.072266 0.068359
0 0.511719 0.924805 0.104492 0.092773
0 0.644531 0.958008 0.079102 0.083008
0 0.329102 0.018555 0.066406 0.037109
0 0.749023 0.092773 0.050781 0.099609
0 0.785156 0.069336 0.055664 0.064453
0 0.94043 0.177734 0.083008 0.055664
0 0.967773 0.071289 0.063477 0.091797
0 0.990234 0.242188 0.019531 0.082031
0 0.854492 0.337891 0.066406 0.087891
0 0.768555 0.307617 0.068359 0.084961
0 0.693359 0.318359 0.094727 0.097656
0 0.694336 0.445312 0.095703 0.064453
0 0.879883 0.469727 0.075195 0.073242
0 0.734375 0.536133 0.110352 0.069336
0 0.581055 0.729492 0.061523 0.0625
0 0.676758 0.734375 0.101562 0.121094
0 0.862305 0.692383 0.074219 0.162109
0 0.979492 0.84668 0.041016 0.073242
0 0.796875 0.9375 0.080078 0.102539
0 0.911133 0.96875 0.06543 0.061523
0 0.861328 0.52832 0.051758 0.046875
0 0.600586 0.424805 0.084961 0.080078
