0 0.24707 0.291016 0.186523 0.088867
0 0.708008 0.24707 0.083984 0.12793
0 0.925781 0.043945 0.038086 0.079102
0 0.924805 0.417969 0.074219 0.064453
0 0.900391 0.701172 0.109375 0.087891
0 0.017578 0.617188 0.035156 0.05957
0 0.810547 0.080078 0.079102 0.056641
0 0.381836 0.679688 0.066406 0.057617
0 0.09375 0.695312 0.075195 0.043945
0 0.011719 0.232422 0.024414 0.076172
0 0.247656 0.888867 0.122559 0.051367
0 0.223633 0.196289 0.080078 0.055664
0 0.521484 0.707031 0.061523 0.054688
0 0.391602 0.02832 0.078125 0.041016
0 0.304688 0.3125 0.095703 0.083984
0 0.352539 0.135742 0.063477 0.063477
0 0.094727 0.859375 0.072266 0.058594
0 0.007812 0.405273 0.016602 0.051758
0 0.962891 0.376953 0.061523 0.05957
0 0.519531 0.74707 0.132812 0.063477
0 0.405273 0.770508 0.086914 0.072266
0 0.634766 0.74707 0.06543 0.053711
0 0.068359 0.146484 0.133789 0.075195
0 0.244141 0.073242 0.053711 0.049805
0 0.792969 0.143555 0.083008 0.057617
0 0.604492 0.474609 0.115234 0.038086
0 0.347656 0.40625 0.072266 0.041992
0 0.089844 0.527344 0.077148 0.021484
0 0.982422 0.02832 0.030273 0.056641
0 0.862305 0.452148 0.05957 0.077148
0 0.244141 0.28418 0.068359 0.069336
0 0.643555 0.514648 0.09082 0.043945
0 0.536133 0.850586 0.088867 0.048828
0 0.758789 0.503906 0.069336 0.025391
0 0.867188 0.578125 0.060547 0.03418
0 0.243164 0.148438 0.069336 0.046875
0 0.019531 0.483398 0.039062 0.035156
0 0.271484 0.787109 0.086914 0.035156
0 0.123047 0.395508 0.104492 0.051758
0 0.480469 0.226562 0.09668 0.046875
0 0.095703 0.899414 0.094727 0.043945
0 0.743164 0.858398 0.108398 0.039062
0 0.374023 0.482422 0.083008 0.040039
0 0.822266 0.75 0.074219 0.060547
0 0.630859 0.982422 0.054688 0.03125
0 0.307617 0.164062 0.066406 0.040039
0 0.358398 0.820312 0.077148 0.055664
0 0.821289 0.879883 0.075195 0.049805
0 0.30957 0.829102 0.084961 0.061523
0 0.061523 0.087891 0.124023 0.045898
0 0.686523 0.706055 0.05957 0.050781
0 0.610352 0.450195 0.102539 0.049805
0 0.011719 0.152344 0.023438 0.068359
0 0.500977 0.915039 0.035156 0.046875
0 0.898438 0.978516 0.030273 0.041992
0 0.973633 0.913086 0.052734 0.041992
0 0.336914 0.513672 0.092773 0.047852
0 0.099609 0.633789 0.051758 0.070312
0 0.664062 0.807617 0.070312 0.048828
0 0.459961 0.862305 0.092773 0.061523
0 0.963867 0.548828 0.058594 0.040039
0 0.907227 0.483398 0.0625 0.040039
0 0.467773 0.989258 0.030273 0.020508
0 0.805664 0.016602 0.055664 0.033203
0 0.74668 0.140527 0.101953 0.074316
0 0.022461 0.926758 0.045898 0.030273
0 0.026367 0.859375 0.052734 0.044922
0 0.021484 0.733398 0.038086 0.045898
0 0.961914 0.836914 0.076172 0.045898
0 0.791992 0.71875 0.073242 0.045898
0 0.826172 0.467773 0.047852 0.05957
0 0.193359 0.1875 0.091797 0.048828
