0 0.736328 0.129883 0.084961 0.102539
0 0.87207 0.943359 0.080078 0.091797
0 0.825195 0.400391 0.073242 0.118164
0 0.72168 0.865234 0.075195 0.073242
0 0.875977 0.255859 0.097656 0.091797
0 0.658203 0.160156 0.078125 0.086914
0 0.932617 0.351562 0.077148 0.100586
0 0.966797 0.604492 0.06543 0.084961
0 0.844727 0.501953 0.064453 0.064453
0 0.96875 0.116211 0.0625 0.110352
0 0.797852 0.595703 0.083008 0.097656
0 0.893555 0.775391 0.058594 0.05957
0 0.581055 0.169922 0.055664 0.116211
0 0.833008 0.662109 0.087891 0.109375
0 0.96875 0.265625 0.0625 0.078125
0 0.97168 0.796875 0.051758 0.049805
0 0.947266 0.845703 0.047852 0.0625
0 0.900391 0.109375 0.064453 0.080078
0 0.654297 0.100586 0.049805 0.057617
0 0.725586 0.770508 0.077148 0.067383
0 0.544922 0.113281 0.070312 0.126953
