0 0.405273 0.478516 0.056641 0.077148
0 0.65332 0.021484 0.047852 0.043945
0 0.323242 0.538086 0.076172 0.115234
0 0.039062 0.963867 0.078125 0.071289
0 0.599609 0.035156 0.064453 0.070312
0 0.106445 0.49707 0.120117 0.05957
0 0.722656 0.066406 0.103516 0.107422
0 0.783203 0.760742 0.069336 0.098633
0 0.070312 0.824219 0.080078 0.125977
0 0.651367 0.25293 0.080078 0.082031
0 0.169922 0.431641 0.095703 0.051758
0 0.712891 0.402344 0.09668 0.0625
0 0.702148 0.738281 0.09375 0.097656
0 0.408203 0.057617 0.133789 0.110352
0 0.984375 0.50293 0.030273 0.12793
0 0.725586 0.150391 0.09082 0.083984
0 0.733398 0.387695 0.054688 0.084961
0 0.212891 0.71875 0.092773 0.074219
0 0.138672 0.735352 0.080078 0.06543
0 0.12207 0.801758 0.074219 0.05957
0 0.115234 0.96875 0.05957 0.0625
0 0.347656 0.824219 0.041992 0.047852
0 0.769531 0.854492 0.084961 0.068359
0 0.162109 0.459961 0.100586 0.042969
0 0.118164 0.399414 0.097656 0.074219
0 0.124023 0.289062 0.117188 0.087891
0 0.192383 0.217773 0.082031 0.098633
0 0.154297 0.085938 0.064453 0.077148
0 0.030273 0.433594 0.060547 0.072266
0 0.040039 0.296875 0.081055 0.070312
0 0.886719 0.321289 0.075195 0.116211
0 0.435547 0.977539 0.112305 0.043945
0 0.633789 0.882812 0.043945 0.03418
0 0.039062 0.104492 0.056641 0.055664
0 0.113281 0.154297 0.0625 0.048828
