0 0.37207 0.023438 0.09082 0.046875
0 0.032227 0.024414 0.064453 0.049805
0 0.042969 0.193359 0.085938 0.069336
0 0.163086 0.266602 0.067383 0.074219
0 0.097656 0.263672 0.082031 0.076172
0 0.250977 0.301758 0.092773 0.067383
0 0.34082 0.291992 0.083008 0.077148
0 0.380859 0.208984 0.075195 0.060547
0 0.507812 0.282227 0.109375 0.141602
0 0.603516 0.181641 0.074219 0.056641
0 0.521484 0.148438 0.066406 0.058594
0 0.62207 0.249023 0.068359 0.05957
0 0.839844 0.472656 0.087891 0.119141
0 0.919922 0.325195 0.098633 0.061523
0 0.927734 0.389648 0.109375 0.058594
0 0.959961 0.147461 0.064453 0.09082
0 0.553711 0.535156 0.129883 0.058594
0 0.772461 0.546875 0.116211 0.073242
0 0.186523 0.514648 0.113281 0.083008
0 0.289062 0.566406 0.063477 0.0625
0 0.382812 0.680664 0.078125 0.060547
0 0.120117 0.626953 0.094727 0.115234
0 0.182617 0.727539 0.066406 0.069336
0 0.233398 0.912109 0.085938 0.056641
0 0.380859 0.979492 0.075195 0.040039
0 0.453125 0.970703 0.067383 0.057617
0 0.65332 0.876953 0.054688 0.052734
0 0.630859 0.795898 0.044922 0.066406
0 0.782227 0.785156 0.063477 0.084961
0 0.879883 0.813477 0.053711 0.066406
0 0.873047 0.735352 0.069336 0.069336
0 0.731445 0.952148 0.099609 0.094727
0 0.860352 0.944336 0.085938 0.110352
0 0.499023 0.603516 0.074219 0.070312
0 0.446289 0.52832 0.082031 0.071289
0 0.645508 0.601562 0.069336 0.058594
0 0.725586 0.336914 0.071289 0.052734
0 0.722656 0.418945 0.06543 0.080078
0 0.030273 0.288086 0.061523 0.082031
0 0.078125 0.875 0.091797 0.108398
0 0.148438 0.189453 0.066406 0.050781
0 0.710938 0.058594 0.071289 0.058594
0 0.088867 0.300781 0.053711 0.056641
0 0.09375 0.905273 0.080078 0.055664
