0 0.240234 0.34082 0.055664 0.079102
0 0.040039 0.607422 0.081055 0.066406
0 0.03125 0.117188 0.0625 0.054688
0 0.348633 0.736328 0.109375 0.047852
0 0.975586 0.383789 0.037109 0.081055
0 0.397461 0.936523 0.085938 0.072266
0 0.116211 0.126953 0.106445 0.092773
0 0.956055 0.713867 0.055664 0.109375
0 0.209961 0.748047 0.124023 0.05957
0 0.072266 0.577148 0.099609 0.066406
0 0.157227 0.039062 0.080078 0.061523
0 0.027344 0.753906 0.055664 0.03418
0 0.708008 0.886719 0.083984 0.085938
0 0.427734 0.680664 0.09668 0.069336
0 0.866211 0.332031 0.057617 0.170898
0 0.894531 0.442383 0.054688 0.057617
0 0.433594 0.27832 0.048828 0.085938
0 0.830078 0.770508 0.061523 0.058594
0 0.651367 0.505859 0.074219 0.026367
0 0.213867 0.161133 0.054688 0.049805
0 0.338867 0.477539 0.077148 0.055664
0 0.379883 0.591797 0.040039 0.097656
0 0.84375 0.97168 0.079102 0.044922
0 0.254883 0.693359 0.068359 0.073242
0 0.095703 0.675781 0.132812 0.029297
0 0.555664 0.975586 0.067383 0.041992
0 0.037109 0.283203 0.074219 0.045898
0 0.022461 0.047852 0.044922 0.051758
0 0.875977 0.769531 0.039062 0.075195
0 0.115234 0.421875 0.133789 0.09082
0 0.770508 0.820312 0.076172 0.054688
0 0.500977 0.418945 0.056641 0.048828
0 0.030273 0.791992 0.060547 0.057617
0 0.336914 0.513672 0.074219 0.039062
0 0.041992 0.455078 0.083984 0.038086
0 0.358398 0.598633 0.173828 0.051758
0 0.416016 0.417969 0.076172 0.050781
0 0.015625 0.382812 0.03125 0.033203
0 0.291016 0.076172 0.073242 0.048828
0 0.441406 0.457031 0.069336 0.045898
0 0.402344 0.331055 0.135742 0.055664
0 0.648438 0.585938 0.086914 0.066406
0 0.060547 0.922852 0.121094 0.027344
0 0.935547 0.563477 0.052734 0.073242
0 0.761719 0.151367 0.038086 0.058594
0 0.316406 0.241211 0.084961 0.036133
0 0.217773 0.889648 0.063477 0.060547
0 0.533203 0.803711 0.049805 0.057617
0 0.773438 0.595703 0.082031 0.035156
0 0.55957 0.764648 0.080078 0.03125
0 0.040039 0.015625 0.068359 0.030273
0 0.245117 0.978516 0.042969 0.038086
0 0.762695 0.322266 0.041016 0.115234
0 0.464844 0.873047 0.161133 0.054688
0 0.120117 0.571289 0.046875 0.021484
0 0.554688 0.547852 0.041016 0.067383
0 0.424805 0.09082 0.070312 0.033203
0 0.415039 0.981445 0.09082 0.032227
0 0.363281 0.170898 0.066406 0.045898
0 0.272461 0.857422 0.071289 0.040039
0 0.242188 0.435547 0.111328 0.054688
0 0.949219 0.010742 0.043945 0.019531
0 0.8375 0.582422 0.097754 0.055371
0 0.06543 0.850586 0.073242 0.033203
0 0.984375 0.828125 0.030273 0.048828
0 0.373047 0.844727 0.12207 0.070312
0 0.327148 0.96582 0.107422 0.067383
0 0.708984 0.833008 0.069336 0.039062
0 0.489258 0.661133 0.084961 0.037109
0 0.053711 0.981445 0.108398 0.037109
0 0.910156 0.058594 0.071289 0.046875
0 0.977539 0.27832 0.043945 0.074219
