0 0.571289 0.282227 0.051758 0.083984
0 0.375 0.385742 0.073242 0.080078
0 0.271484 0.305664 0.071289 0.110352
0 0.017578 0.702148 0.035156 0.111328
0 0.65332 0.378906 0.068359 0.081055
0 0.378906 0.753906 0.05957 0.078125
0 0.027344 0.579199 0.055859 0.082031
0 0.974609 0.245117 0.049805 0.123047
0 0.012695 0.334961 0.025391 0.078125
0 0.698242 0.770508 0.061523 0.09668
0 0.262695 0.766602 0.079102 0.076172
0 0.860352 0.241211 0.047852 0.079102
0 0.490234 0.303711 0.097656 0.075195
0 0.423828 0.209961 0.084961 0.164062
0 0.829102 0.848633 0.05957 0.046875
0 0.47168 0.62207 0.049805 0.091797
0 0.957031 0.325195 0.048828 0.077148
0 0.8125 0.120117 0.032227 0.09082
0 0.75293 0.338867 0.051758 0.077148
0 0.640625 0.651367 0.051758 0.080078
0 0.481445 0.873047 0.074219 0.039062
0 0.458008 0.461914 0.068359 0.070312
0 0.958008 0.610352 0.032227 0.068359
0 0.793945 0.811523 0.043945 0.081055
0 0.191406 0.648438 0.077148 0.037109
0 0.623047 0.405273 0.029297 0.05957
0 0.191406 0.391602 0.043945 0.068359
0 0.592773 0.455078 0.069336 0.03418
0 0.609375 0.673828 0.069336 0.048828
0 0.975586 0.393555 0.046875 0.058594
0 0.216797 0.490234 0.058594 0.048828
0 0.285156 0.654297 0.067383 0.075195
0 0.209961 0.28125 0.05957 0.070312
0 0.066406 0.475586 0.057617 0.044922
0 0.580078 0.829102 0.112305 0.077148
0 0.296875 0.481445 0.05957 0.033203
0 0.220703 0.371094 0.048828 0.036133
0 0.276367 0.03418 0.05957 0.056641
0 0.332031 0.323242 0.043945 0.064453
0 0.453125 0.566406 0.066406 0.080078
0 0.938477 0.87207 0.029297 0.040039
0 0.452148 0.147461 0.046875 0.052734
0 0.666016 0.296875 0.040039 0.043945
0 0.84375 0.322266 0.0625 0.070312
0 0.978516 0.490234 0.041992 0.037109
0 0.5 0.429688 0.091797 0.035156
0 0.680664 0.860352 0.023438 0.063477
0 0.244141 0.424805 0.053711 0.050781
0 0.851562 0.461914 0.035156 0.048828
0 0.575195 0.762695 0.058594 0.058594
0 0.881836 0.803711 0.081055 0.064453
0 0.742188 0.052734 0.051758 0.054688
0 0.929688 0.085938 0.045898 0.047852
0 0.737305 0.802734 0.033203 0.074219
0 0.649414 0.839844 0.044922 0.040039
0 0.686523 0.550781 0.052734 0.037109
0 0.923828 0.484375 0.029297 0.047852
0 0.787109 0.427734 0.033203 0.041016
0 0.097656 0.202148 0.039062 0.045898
0 0.041992 0.148438 0.083984 0.041992
0 0.87207 0.885742 0.052734 0.043945
0 0.274414 0.148438 0.048828 0.053711
0 0.491211 0.393555 0.05957 0.051758
0 0.09668 0.970703 0.074219 0.058594
0 0.166992 0.927734 0.083984 0.063477
0 0.185547 0.976562 0.061523 0.042969
0 0.270508 0.981445 0.072266 0.037109
0 0.352539 0.977539 0.057617 0.044922
0 0.448242 0.975586 0.111328 0.047852
0 0.670898 0.969727 0.064453 0.05957
0 0.708984 0.980469 0.063477 0.038086
0 0.938477 0.984375 0.063477 0.03125
