0 0.014648 0.230469 0.029297 0.083984
0 0.03418 0.306641 0.068359 0.074219
0 0.201172 0.411133 0.087891 0.095703
0 0.179688 0.292969 0.05957 0.061523
0 0.136719 0.186523 0.055664 0.058594
0 0.104492 0.107422 0.0625 0.068359
0 0.216797 0.113281 0.06543 0.069336
0 0.341797 0.173828 0.072266 0.076172
0 0.337891 0.296875 0.083984 0.070312
0 0.581055 0.365234 0.112305 0.082031
0 0.225586 0.647461 0.080078 0.091797
0 0.097656 0.732422 0.081055 0.108398
0 0.160156 0.765625 0.0625 0.069336
0 0.24707 0.722656 0.09668 0.06543
0 0.424805 0.916992 0.148438 0.104492
0 0.571289 0.956055 0.081055 0.087891
0 0.59082 0.831055 0.09375 0.083984
0 0.457031 0.75293 0.054688 0.084961
0 0.538086 0.724609 0.06543 0.086914
0 0.386719 0.617188 0.081055 0.112305
0 0.553711 0.539062 0.094727 0.063477
0 0.541016 0.602539 0.083008 0.061523
0 0.790039 0.746094 0.086914 0.073242
0 0.71875 0.676758 0.06543 0.069336
0 0.929688 0.661133 0.05957 0.048828
0 0.939453 0.793945 0.089844 0.054688
0 0.876953 0.981445 0.080078 0.037109
0 0.696289 0.292969 0.09668 0.099609
0 0.804688 0.350586 0.060547 0.06543
0 0.857422 0.292969 0.073242 0.083008
0 0.94043 0.324219 0.101562 0.060547
0 0.750977 0.157227 0.085938 0.083984
0 0.838867 0.172852 0.082031 0.079102
0 0.573242 0.085938 0.077148 0.073242
0 0.469727 0.169922 0.073242 0.058594
0 0.491211 0.019531 0.088867 0.039062
0 0.677734 0.515625 0.06543 0.071289
0 0.922852 0.952148 0.0625 0.05957
0 0.635742 0.212891 0.052734 0.047852
0 0.621094 0.063477 0.070312 0.048828
0 0.189453 0.364258 0.046875 0.052734
0 0.37793 0.652344 0.06543 0.043945
0 0.400391 0.455078 0.025391 0.035156
