0 0.604492 0.46582 0.150391 0.078125
0 0.077148 0.569336 0.140625 0.129883
0 0.87793 0.430664 0.072266 0.123047
0 0.475586 0.295898 0.092773 0.087891
0 0.838867 0.641602 0.110352 0.094727
0 0.96582 0.308594 0.068359 0.0625
0 0.677734 0.845703 0.12207 0.0625
0 0.387695 0.427734 0.054688 0.09668
0 0.352539 0.25293 0.102539 0.102539
0 0.729492 0.212891 0.125 0.083008
0 0.583984 0.734375 0.094727 0.064453
0 0.260742 0.349609 0.091797 0.109375
0 0.786133 0.704102 0.084961 0.06543
0 0.266602 0.541016 0.155273 0.132812
0 0.512695 0.649414 0.057617 0.05957
0 0.601562 0.663086 0.069336 0.097656
0 0.680664 0.738281 0.097656 0.171875
0 0.140625 0.844727 0.067383 0.064453
0 0.980469 0.804688 0.038086 0.109375
0 0.068359 0.763672 0.132812 0.107422
0 0.860352 0.864258 0.176758 0.075195
0 0.482422 0.129883 0.067383 0.089844
0 0.18457 0.050781 0.070312 0.072266
0 0.925781 0.196289 0.068359 0.094727
0 0.282227 0.047852 0.115234 0.057617
0 0.22168 0.679688 0.240234 0.070312
0 0.696289 0.623047 0.174805 0.067383
0 0.017578 0.258789 0.036133 0.045898
0 0.953125 0.132812 0.092773 0.086914
0 0.685547 0.264648 0.117188 0.115234
0 0.40625 0.921875 0.155273 0.144531
0 0.369141 0.094727 0.104492 0.185547
0 0.430664 0.869141 0.087891 0.165039
0 0.964844 0.517578 0.070312 0.077148
0 0.577148 0.195312 0.095703 0.12793
0 0.324219 0.849609 0.100586 0.144531
0 0.380859 0.552734 0.091797 0.092773
0 0.243164 0.238281 0.072266 0.072266
0 0.055664 0.075195 0.107422 0.147461
0 0.583984 0.075195 0.114258 0.112305
0 0.921875 0.94043 0.155273 0.077148
0 0.164062 0.253906 0.079102 0.209961
0 0.085938 0.899414 0.167969 0.084961
0 0.170898 0.769531 0.052734 0.070312
0 0.766602 0.040039 0.075195 0.077148
0 0.395508 0.170898 0.067383 0.0625
0 0.037109 0.929688 0.070312 0.109375
0 0.033203 0.308594 0.0625 0.0625
0 0.105469 0.259766 0.0625 0.070312
0 0.613281 0.275391 0.078125 0.227539
0 0.115234 0.126953 0.041992 0.129883
0 0.479492 0.046875 0.064453 0.060547
0 0.614258 0.019531 0.089844 0.035156
0 0.765625 0.131836 0.046875 0.070312
0 0.698242 0.163086 0.052734 0.0625
0 0.859375 0.516602 0.075195 0.084961
0 0.051758 0.795898 0.054688 0.097656
0 0.967773 0.819336 0.051758 0.044922
0 0.907227 0.022461 0.057617 0.038086
0 0.388672 0.382812 0.068359 0.101562
0 0.029297 0.238281 0.058594 0.077148
