0 0.879883 0.421875 0.160156 0.084961
0 0.582031 0.311523 0.085938 0.06543
0 0.695312 0.50293 0.083008 0.077148
0 0.071289 0.010742 0.084961 0.022461
0 0.050781 0.046875 0.091797 0.064453
0 0.410156 0.110352 0.067383 0.057617
0 0.019531 0.648438 0.039062 0.087891
0 0.095703 0.15918 0.087891 0.069336
0 0.939453 0.28418 0.099609 0.080078
0 0.042969 0.739258 0.086914 0.094727
0 0.338867 0.881836 0.075195 0.064453
0 0.277344 0.163086 0.102539 0.072266
0 0.351562 0.485352 0.079102 0.0625
0 0.564453 0.070312 0.123047 0.078125
0 0.332031 0.397461 0.089844 0.080078
0 0.604492 0.441406 0.099609 0.075195
0 0.171875 0.945312 0.115234 0.086914
0 0.286133 0.048828 0.084961 0.05957
0 0.138672 0.717773 0.097656 0.102539
0 0.819336 0.716797 0.144531 0.084961
0 0.388672 0.533203 0.120117 0.078125
0 0.297852 0.719727 0.107422 0.070312
0 0.966797 0.62207 0.06543 0.064453
0 0.34082 0.664062 0.087891 0.045898
0 0.31543 0.613281 0.086914 0.056641
