0 0.142578 0.03125 0.147461 0.0625
0 0.861328 0.554688 0.092773 0.117188
0 0.80957 0.658203 0.099609 0.067383
0 0.643555 0.120117 0.226562 0.163086
0 0.02832 0.045898 0.056641 0.091797
0 0.649414 0.289062 0.106445 0.238281
0 0.838867 0.827148 0.174805 0.140625
0 0.854492 0.425781 0.195312 0.126953
0 0.299805 0.736328 0.304688 0.234375
0 0.939453 0.892578 0.120117 0.12207
0 0.859375 0.084961 0.185547 0.169922
0 0.260742 0.915039 0.408203 0.165039
0 0.923828 0.378906 0.152344 0.103516
0 0.186523 0.739258 0.180664 0.290039
0 0.983398 0.766602 0.033203 0.120117
0 0.905273 0.768555 0.118164 0.107422
0 0.195312 0.93457 0.157227 0.130859
0 0.803711 0.21875 0.120117 0.094727
0 0.713867 0.376953 0.088867 0.087891
0 0.693359 0.204102 0.067383 0.060547
