0 0.536133 0.594727 0.077148 0.06543
0 0.376953 0.235352 0.063477 0.073242
0 0.728516 0.039062 0.09082 0.076172
0 0.874023 0.576172 0.064453 0.078125
0 0.256836 0.541992 0.073242 0.074219
0 0.575195 0.25 0.069336 0.094727
0 0.19043 0.544922 0.101562 0.051758
0 0.462891 0.027344 0.054688 0.052734
0 0.987305 0.583984 0.024414 0.077148
0 0.740234 0.49707 0.052734 0.086914
0 0.945312 0.033203 0.080078 0.06543
0 0.463867 0.49707 0.076172 0.066406
0 0.643555 0.609375 0.087891 0.076172
0 0.738281 0.423828 0.071289 0.0625
0 0.477539 0.408203 0.082031 0.044922
0 0.136719 0.108398 0.080078 0.068359
0 0.446289 0.594727 0.075195 0.055664
0 0.87793 0.046875 0.080078 0.05957
0 0.246094 0.480469 0.107422 0.058594
0 0.164062 0.318359 0.108398 0.05957
0 0.560547 0.324219 0.046875 0.060547
0 0.933594 0.287109 0.053711 0.063477
0 0.645508 0.572266 0.075195 0.046875
0 0.227539 0.90625 0.074219 0.052734
0 0.391602 0.672852 0.074219 0.067383
0 0.560547 0.587891 0.069336 0.057617
0 0.693359 0.035156 0.060547 0.063477
0 0.040039 0.543945 0.081055 0.051758
0 0.141602 0.890625 0.089844 0.041992
0 0.922852 0.556641 0.070312 0.054688
0 0.389648 0.980469 0.105469 0.038086
0 0.097656 0.74707 0.0625 0.032227
0 0.955078 0.90918 0.089844 0.045898
0 0.222656 0.397461 0.121094 0.049805
0 0.268555 0.304688 0.080078 0.043945
0 0.510742 0.907227 0.068359 0.026367
0 0.255859 0.692383 0.0625 0.03418
0 0.075195 0.655273 0.083008 0.043945
0 0.068359 0.259766 0.076172 0.073242
0 0.769531 0.723633 0.070312 0.033203
0 0.307617 0.337891 0.079102 0.03125
0 0.269531 0.644531 0.083984 0.067383
0 0.705078 0.961914 0.103516 0.050781
0 0.538086 0.019531 0.052734 0.037109
0 0.652344 0.652344 0.071289 0.039062
0 0.87793 0.87793 0.047852 0.050781
0 0.133789 0.645508 0.104492 0.036133
0 0.165039 0.362305 0.092773 0.052734
0 0.018555 0.571289 0.037109 0.046875
0 0.176758 0.282227 0.115234 0.038086
0 0.019531 0.212891 0.040039 0.036133
0 0.668945 0.936523 0.045898 0.037109
0 0.511719 0.733398 0.049805 0.038086
0 0.21582 0.637695 0.095703 0.048828
0 0.670898 0.513672 0.069336 0.041992
0 0.764648 0.111328 0.045898 0.038086
0 0.073242 0.381836 0.094727 0.036133
0 0.09082 0.904297 0.041016 0.043945
0 0.806641 0.978516 0.092773 0.042969
0 0.626953 0.486328 0.05957 0.051758
0 0.701172 0.464844 0.051758 0.063477
0 0.331055 0.668945 0.078125 0.040039
0 0.192383 0.450195 0.044922 0.032227
0 0.143555 0.505859 0.060547 0.066406
0 0.014648 0.608398 0.029297 0.027344
0 0.334961 0.037109 0.071289 0.075195
