0 0.952148 0.037109 0.064453 0.074219
0 0.630859 0.648438 0.047852 0.092773
0 0.573242 0.041016 0.057617 0.082031
0 0.244141 0.40332 0.083984 0.084961
0 0.993164 0.387695 0.013672 0.088867
0 0.47168 0.766602 0.074219 0.087891
0 0.447266 0.425781 0.084961 0.077148
0 0.041016 0.303711 0.080078 0.063477
0 0.538086 0.119141 0.080078 0.061523
0 0.056641 0.960938 0.066406 0.074219
0 0.029297 0.415039 0.05957 0.098633
0 0.125 0.288086 0.083008 0.069336
0 0.053711 0.616211 0.063477 0.048828
0 0.359375 0.964844 0.061523 0.06543
0 0.327148 0.966797 0.0625 0.061523
0 0.40918 0.959961 0.079102 0.06543
0 0.887695 0.317383 0.073242 0.055664
0 0.245117 0.912109 0.092773 0.053711
0 0.326172 0.416992 0.103516 0.037109
0 0.514648 0.605469 0.083984 0.048828
0 0.210938 0.108398 0.078125 0.068359
0 0.134766 0.46582 0.099609 0.061523
0 0.666992 0.304688 0.077148 0.0625
0 0.835938 0.120117 0.058594 0.073242
0 0.425781 0.304688 0.113281 0.097656
0 0.113281 0.835938 0.070312 0.050781
0 0.839844 0.197266 0.088867 0.040039
0 0.664062 0.030273 0.047852 0.060547
0 0.146484 0.916992 0.038086 0.049805
0 0.048828 0.487305 0.095703 0.043945
0 0.356445 0.736328 0.03418 0.05957
0 0.835938 0.428711 0.043945 0.06543
0 0.311523 0.546875 0.082031 0.027344
0 0.319336 0.772461 0.086914 0.038086
0 0.214844 0.637695 0.074219 0.092773
0 0.764648 0.925781 0.073242 0.039062
0 0.495117 0.029297 0.025391 0.05957
0 0.056641 0.020508 0.044922 0.041016
0 0.587891 0.733398 0.05957 0.041016
0 0.024414 0.97168 0.046875 0.052734
0 0.692383 0.660156 0.055664 0.039062
0 0.300781 0.085938 0.12793 0.037109
0 0.948242 0.660156 0.067383 0.039062
0 0.021484 0.052734 0.043945 0.06543
0 0.587891 0.979492 0.06543 0.037109
0 0.671875 0.958008 0.033203 0.052734
0 0.126953 0.520508 0.071289 0.029297
0 0.574219 0.102539 0.042969 0.080078
0 0.666992 0.137695 0.053711 0.030273
0 0.686523 0.454102 0.0625 0.022461
0 0.813477 0.15332 0.03418 0.06543
0 0.193359 0.783203 0.047852 0.03418
0 0.84668 0.713867 0.048828 0.054688
0 0.594727 0.823242 0.056641 0.033203
0 0.607422 0.918945 0.050781 0.041992
0 0.612305 0.081055 0.032227 0.110352
0 0.533203 0.952148 0.043945 0.064453
0 0.864258 0.96875 0.099609 0.0625
0 0.679688 0.18457 0.051758 0.058594
0 0.241211 0.633789 0.118164 0.083984
0 0.84375 0.884766 0.05957 0.022461
0 0.866211 0.474609 0.042969 0.046875
0 0.25293 0.027344 0.079102 0.051758
0 0.390625 0.485352 0.057617 0.043945
0 0.138379 0.797168 0.069629 0.037793
0 0.501953 0.758789 0.072266 0.043945
0 0.722656 0.638672 0.083984 0.076172
0 0.767578 0.898438 0.052734 0.036133
0 0.610352 0.84375 0.063477 0.025391
0 0.84668 0.861328 0.076172 0.025391
0 0.398438 0.978516 0.037109 0.042969
0 0.229492 0.848633 0.107422 0.036133
0 0.34375 0.967773 0.064453 0.064453
0 0.020508 0.536133 0.040039 0.019531
0 0.021484 0.737305 0.041016 0.030273
0 0.323242 0.296875 0.043945 0.027344
0 0.913086 0.476562 0.045898 0.042969
0 0.286133 0.977539 0.043945 0.025391
0 0.390625 0.518555 0.054688 0.033203
0 0.638672 0.076172 0.044922 0.051758
