0 0.864258 0.03418 0.129883 0.069336
0 0.029297 0.317383 0.058594 0.088867
0 0.353516 0.270508 0.116211 0.174805
0 0.891602 0.408203 0.121094 0.208008
0 0.558594 0.592773 0.220703 0.185547
0 0.282227 0.522461 0.089844 0.133789
0 0.035156 0.114258 0.071289 0.074219
0 0.18457 0.075195 0.083008 0.132812
0 0.297852 0.013672 0.091797 0.027344
0 0.566406 0.299805 0.254883 0.255859
0 0.819336 0.271484 0.289062 0.113281
0 0.651367 0.051758 0.146484 0.071289
0 0.164062 0.544922 0.083008 0.101562
0 0.19043 0.723633 0.100586 0.193359
0 0.520508 0.864258 0.104492 0.174805
0 0.882812 0.761719 0.174805 0.082031
0 0.044922 0.954102 0.09082 0.087891
0 0.021484 0.444336 0.042969 0.048828
0 0.083984 0.067383 0.085938 0.078125
0 0.970703 0.03125 0.057617 0.0625
0 0.842773 0.101562 0.082031 0.061523
0 0.730469 0.174805 0.082031 0.075195
0 0.547852 0.174805 0.089844 0.071289
0 0.643555 0.182617 0.083008 0.064453
0 0.970703 0.332031 0.057617 0.076172
0 0.916016 0.577148 0.089844 0.086914
0 0.791992 0.639648 0.092773 0.083008
0 0.728516 0.523438 0.078125 0.080078
0 0.786133 0.484375 0.06543 0.083008
0 0.589844 0.427734 0.070312 0.073242
0 0.413086 0.611328 0.06543 0.074219
0 0.546875 0.678711 0.057617 0.071289
0 0.694336 0.759766 0.073242 0.137695
0 0.890625 0.703125 0.130859 0.041016
0 0.866211 0.927734 0.06543 0.072266
0 0.767578 0.847656 0.069336 0.105469
0 0.613281 0.798828 0.061523 0.044922
0 0.633789 0.895508 0.168945 0.191406
0 0.262695 0.958008 0.196289 0.083984
0 0.130859 0.764648 0.071289 0.080078
0 0.975586 0.537109 0.048828 0.056641
0 0.985352 0.594727 0.029297 0.061523
