0 0.509766 0.488281 0.107422 0.120117
0 0.15332 0.280273 0.107422 0.12207
0 0.960938 0.764648 0.078125 0.130859
0 0.875 0.506836 0.112305 0.125
0 0.842773 0.805664 0.077148 0.091797
0 0.211914 0.115234 0.105469 0.147461
0 0.631836 0.408203 0.115234 0.126953
0 0.503906 0.374023 0.094727 0.100586
0 0.203125 0.712891 0.108398 0.112305
0 0.793945 0.311523 0.110352 0.135742
0 0.219727 0.426758 0.112305 0.155273
0 0.365234 0.412109 0.102539 0.105469
0 0.374023 0.661133 0.094727 0.097656
0 0.525391 0.850586 0.076172 0.067383
0 0.15918 0.630859 0.104492 0.082031
0 0.459961 0.176758 0.085938 0.09375
0 0.923828 0.298828 0.149414 0.104492
0 0.90918 0.963867 0.092773 0.070312
0 0.912109 0.169922 0.072266 0.099609
0 0.158203 0.21875 0.066406 0.068359
0 0.949219 0.191406 0.088867 0.109375
0 0.092773 0.12793 0.077148 0.067383
0 0.654297 0.035156 0.120117 0.067383
0 0.811523 0.424805 0.064453 0.0625
0 0.390625 0.12793 0.107422 0.137695
0 0.28418 0.029297 0.075195 0.054688
0 0.386719 0.020508 0.080078 0.037109
0 0.038086 0.475586 0.072266 0.087891
0 0.952148 0.824219 0.082031 0.09082
0 0.476562 0.121094 0.086914 0.105469
