0 0.962891 0.600586 0.073242 0.081055
0 0.856445 0.741211 0.216797 0.139648
0 0.098633 0.564453 0.15918 0.066406
0 0.121094 0.363281 0.145508 0.066406
0 0.139648 0.15332 0.182617 0.09082
0 0.69043 0.242188 0.195312 0.091797
0 0.59668 0.634766 0.073242 0.09375
0 0.077148 0.075195 0.155273 0.09668
0 0.460938 0.143555 0.212891 0.111328
0 0.803711 0.475586 0.248047 0.087891
0 0.741211 0.707031 0.172852 0.09375
0 0.962891 0.035156 0.073242 0.070312
0 0.297852 0.871094 0.097656 0.074219
0 0.499023 0.920898 0.202148 0.152344
0 0.477539 0.038086 0.232422 0.077148
0 0.181641 0.289062 0.182617 0.120117
0 0.288086 0.948242 0.094727 0.103516
0 0.767578 0.205078 0.211914 0.080078
0 0.764648 0.950195 0.086914 0.099609
0 0.827148 0.602539 0.249023 0.087891
0 0.974609 0.282227 0.050781 0.080078
0 0.02832 0.325195 0.057617 0.135742
0 0.308594 0.953125 0.094727 0.092773
0 0.213867 0.957031 0.09082 0.053711
0 0.136719 0.943359 0.172852 0.071289
0 0.119141 0.87793 0.124023 0.123047
0 0.645508 0.821289 0.099609 0.101562
0 0.828125 0.307617 0.158203 0.100586
0 0.742188 0.349609 0.245117 0.09668
0 0.842773 0.401367 0.141602 0.066406
0 0.821289 0.258789 0.112305 0.097656
0 0.633789 0.585938 0.083984 0.071289
