0 0.030273 0.041992 0.060547 0.080078
0 0.246094 0.052734 0.074219 0.077148
0 0.210938 0.575195 0.069336 0.09082
0 0.308594 0.359375 0.074219 0.081055
0 0.522461 0.164062 0.049805 0.085938
0 0.645508 0.029297 0.025391 0.058594
0 0.74707 0.396484 0.055664 0.080078
0 0.962891 0.708984 0.033203 0.160156
0 0.817383 0.638672 0.068359 0.068359
0 0.342773 0.692383 0.078125 0.068359
0 0.541992 0.616211 0.044922 0.084961
0 0.577148 0.257812 0.073242 0.069336
0 0.086914 0.899414 0.078125 0.050781
0 0.3125 0.267578 0.072266 0.052734
0 0.020508 0.197266 0.041016 0.043945
0 0.708984 0.328125 0.058594 0.082031
0 0.825195 0.960938 0.049805 0.073242
0 0.761719 0.304688 0.054688 0.057617
0 0.188477 0.387695 0.071289 0.050781
0 0.364258 0.628906 0.032227 0.095703
0 0.007812 0.27832 0.016602 0.066406
0 0.801758 0.188477 0.069336 0.097656
0 0.861328 0.049805 0.033203 0.087891
0 0.020508 0.416992 0.026367 0.06543
0 0.022461 0.96582 0.044922 0.050781
0 0.111328 0.693359 0.064453 0.060547
0 0.78418 0.071289 0.047852 0.073242
0 0.042969 0.108398 0.085938 0.045898
0 0.829102 0.724609 0.080078 0.072266
0 0.341797 0.110352 0.053711 0.072266
0 0.905273 0.964844 0.054688 0.06543
0 0.716797 0.049805 0.029297 0.076172
0 0.845703 0.861328 0.03125 0.107422
0 0.931641 0.308594 0.027344 0.069336
0 0.935547 0.392578 0.067383 0.03418
0 0.164062 0.108398 0.061523 0.054688
0 0.628906 0.237305 0.050781 0.084961
0 0.367188 0.030273 0.054688 0.060547
0 0.072266 0.441406 0.027344 0.077148
0 0.711914 0.632812 0.039062 0.082031
0 0.891602 0.348633 0.058594 0.050781
0 0.487305 0.875977 0.053711 0.069336
0 0.719727 0.929688 0.03418 0.061523
0 0.208984 0.276367 0.073242 0.039062
0 0.333008 0.981445 0.038086 0.036133
0 0.244141 0.991211 0.043945 0.017578
0 0.262695 0.151367 0.051758 0.042969
0 0.456055 0.676758 0.041016 0.037109
0 0.547852 0.969727 0.038086 0.053711
0 0.835938 0.503906 0.057617 0.05957
0 0.570312 0.681641 0.050781 0.054688
0 0.948242 0.12793 0.039062 0.069336
0 0.152344 0.603516 0.076172 0.036133
0 0.794922 0.533203 0.068359 0.041016
0 0.197266 0.649121 0.100684 0.036426
0 0.811523 0.02832 0.044922 0.045898
0 0.03125 0.761719 0.063477 0.018555
0 0.794922 0.984375 0.069336 0.03125
0 0.50293 0.479492 0.074219 0.02832
0 0.984375 0.313477 0.03125 0.068359
0 0.011719 0.786133 0.024414 0.05957
0 0.129883 0.990234 0.087891 0.015625
0 0.107422 0.307617 0.066406 0.038086
0 0.912109 0.660156 0.03125 0.082031
0 0.612305 0.803711 0.041992 0.037109
0 0.303711 0.750977 0.046875 0.033203
0 0.097656 0.734375 0.066406 0.046875
