0 0.580078 0.780273 0.102539 0.092773
0 0.790039 0.806641 0.077148 0.104492
0 0.158203 0.623047 0.203125 0.157227
0 0.768555 0.078125 0.142578 0.117188
0 0.969727 0.610352 0.060547 0.067383
0 0.430664 0.505859 0.171875 0.113281
0 0.293945 0.599609 0.06543 0.134766
0 0.93457 0.449219 0.074219 0.05957
0 0.850586 0.904297 0.067383 0.080078
0 0.064453 0.876953 0.099609 0.099609
0 0.745117 0.649414 0.067383 0.060547
0 0.275391 0.080078 0.086914 0.157227
0 0.604492 0.998047 0.189453 0.00293
0 0.651367 0.557617 0.104492 0.25293
0 0.733398 0.926758 0.087891 0.120117
0 0.585938 0.43457 0.152344 0.195312
0 0.52832 0.228516 0.126953 0.212891
0 0.693359 0.881836 0.107422 0.110352
0 0.135742 0.361328 0.087891 0.120117
0 0.348633 0.043945 0.069336 0.075195
0 0.337891 0.754883 0.086914 0.102539
0 0.96582 0.199219 0.066406 0.144531
0 0.321289 0.856445 0.264648 0.200195
0 0.291992 0.451172 0.054688 0.049805
0 0.725586 0.806641 0.082031 0.044922
0 0.182617 0.120117 0.137695 0.202148
0 0.961914 0.025391 0.076172 0.040039
0 0.583008 0.050781 0.117188 0.097656
0 0.047852 0.378906 0.092773 0.129883
0 0.927734 0.931641 0.118164 0.044922
0 0.136719 0.099609 0.219727 0.154297
0 0.033203 0.583984 0.0625 0.135742
0 0.40918 0.912109 0.115234 0.175781
0 0.488281 0.272461 0.078125 0.217773
0 0.189453 0.801758 0.105469 0.054688
0 0.464844 0.499023 0.102539 0.170898
0 0.797852 0.103516 0.176758 0.107422
0 0.928711 0.144531 0.142578 0.050781
