0 0.695312 0.010742 0.110352 0.021484
0 0.537109 0.026367 0.130859 0.053711
0 0.960938 0.009766 0.077148 0.020508
0 0.966797 0.03125 0.057617 0.0625
0 0.885742 0.06543 0.139648 0.063477
0 0.606445 0.111328 0.118164 0.070312
0 0.217773 0.166992 0.150391 0.055664
0 0.258789 0.085938 0.149414 0.123047
0 0.375 0.026367 0.09668 0.053711
0 0.262695 0.024414 0.0625 0.049805
0 0.084961 0.012695 0.133789 0.026367
0 0.0625 0.061523 0.125 0.054688
0 0.920898 0.25 0.086914 0.068359
0 0.953125 0.150391 0.061523 0.076172
0 0.879883 0.34668 0.055664 0.058594
0 0.869141 0.448242 0.06543 0.073242
0 0.609375 0.500977 0.119141 0.064453
0 0.555664 0.530273 0.055664 0.091797
0 0.386719 0.582031 0.161133 0.105469
0 0.283203 0.542969 0.071289 0.079102
0 0.238281 0.552734 0.053711 0.068359
0 0.1875 0.452148 0.087891 0.063477
0 0.105469 0.469727 0.069336 0.051758
0 0.09668 0.568359 0.09375 0.054688
0 0.164062 0.588867 0.073242 0.045898
0 0.21875 0.624023 0.088867 0.047852
0 0.113281 0.640625 0.09375 0.076172
0 0.104492 0.688477 0.116211 0.050781
0 0.074219 0.810547 0.067383 0.18457
0 0.208984 0.75293 0.112305 0.055664
0 0.174805 0.767578 0.136719 0.160156
0 0.306641 0.657227 0.066406 0.074219
0 0.335938 0.703125 0.0625 0.064453
0 0.389648 0.789062 0.058594 0.121094
0 0.52832 0.655273 0.083008 0.05957
0 0.493164 0.577148 0.070312 0.105469
0 0.5 0.871094 0.05957 0.083984
0 0.717773 0.655273 0.072266 0.100586
0 0.777344 0.642578 0.079102 0.064453
0 0.724609 0.740234 0.064453 0.082031
0 0.923828 0.708008 0.152344 0.092773
0 0.932617 0.587891 0.072266 0.087891
0 0.986328 0.500977 0.027344 0.064453
0 0.887695 0.826172 0.076172 0.111328
0 0.705078 0.90332 0.142578 0.070312
0 0.69043 0.954102 0.128906 0.076172
0 0.975586 0.911133 0.047852 0.081055
0 0.105469 0.976562 0.05957 0.046875
0 0.21582 0.022461 0.115234 0.045898
0 0.217773 0.664062 0.068359 0.084961
0 0.352539 0.733398 0.135742 0.092773
0 0.103516 0.886719 0.203125 0.121094
