0 0.293945 0.448242 0.083008 0.076172
0 0.210938 0.548828 0.068359 0.09375
0 0.755859 0.09082 0.043945 0.103516
0 0.657227 0.783203 0.043945 0.117188
0 0.920898 0.113281 0.082031 0.070312
0 0.058594 0.182617 0.076172 0.09082
0 0.421875 0.160156 0.080078 0.070312
0 0.107422 0.709961 0.107422 0.144531
0 0.942383 0.641602 0.086914 0.075195
0 0.277344 0.167969 0.102539 0.078125
0 0.526367 0.204102 0.079102 0.0625
0 0.891602 0.710938 0.043945 0.098633
0 0.334961 0.124023 0.056641 0.165039
0 0.505859 0.371094 0.050781 0.158203
0 0.273438 0.884766 0.082031 0.072266
0 0.838867 0.256836 0.063477 0.078125
0 0.324219 0.560547 0.113281 0.084961
0 0.387695 0.506836 0.035156 0.09082
0 0.78418 0.429688 0.063477 0.106445
0 0.786133 0.825195 0.136719 0.058594
0 0.585938 0.287109 0.036133 0.063477
0 0.535156 0.855469 0.071289 0.049805
0 0.793945 0.763672 0.072266 0.114258
0 0.825195 0.506836 0.022461 0.105469
0 0.521484 0.039062 0.061523 0.049805
0 0.859375 0.447266 0.023438 0.087891
0 0.654297 0.234375 0.057617 0.057617
0 0.054688 0.5 0.106445 0.040039
0 0.724609 0.516602 0.15625 0.120117
0 0.959961 0.794922 0.080078 0.079102
0 0.588867 0.244141 0.057617 0.068359
0 0.65332 0.358398 0.036133 0.115234
0 0.516602 0.152344 0.024414 0.078125
0 0.902344 0.951172 0.03418 0.060547
0 0.834961 0.152344 0.063477 0.03418
0 0.944336 0.753906 0.075195 0.042969
0 0.28125 0.955078 0.054688 0.083008
0 0.415039 0.950195 0.084961 0.038086
0 0.107422 0.589844 0.103516 0.046875
0 0.512695 0.580078 0.056641 0.048828
0 0.242188 0.024414 0.037109 0.049805
0 0.818359 0.700195 0.03418 0.056641
0 0.817383 0.344727 0.036133 0.061523
0 0.046875 0.12207 0.032227 0.09375
0 0.454102 0.697266 0.051758 0.029297
0 0.916992 0.239258 0.116211 0.055664
0 0.59082 0.932617 0.141602 0.040039
0 0.262695 0.235352 0.104492 0.037109
0 0.368164 0.023438 0.040039 0.047852
0 0.711914 0.047852 0.079102 0.095703
0 0.857422 0.821289 0.0625 0.051758
0 0.873047 0.907227 0.049805 0.032227
0 0.335938 0.853516 0.056641 0.044922
0 0.658203 0.675781 0.067383 0.042969
0 0.430664 0.339844 0.107422 0.147461
0 0.647461 0.103516 0.030273 0.057617
0 0.236328 0.203125 0.047852 0.037109
0 0.227539 0.916016 0.049805 0.044922
0 0.800781 0.058594 0.081055 0.118164
0 0.389648 0.898438 0.060547 0.044922
0 0.354492 0.973633 0.123047 0.052734
0 0.924805 0.962891 0.02832 0.037109
0 0.988281 0.762695 0.022461 0.069336
0 0.717773 0.55957 0.0625 0.025391
