0 0.34375 0.530273 0.129883 0.086914
0 0.394531 0.202148 0.123047 0.110352
0 0.400391 0.670898 0.09668 0.082031
0 0.329102 0.422852 0.083008 0.055664
0 0.295898 0.604492 0.091797 0.074219
0 0.205078 0.084961 0.081055 0.117188
0 0.326172 0.978516 0.107422 0.041992
0 0.474609 0.066406 0.088867 0.076172
0 0.953125 0.756836 0.080078 0.055664
0 0.246094 0.477539 0.074219 0.061523
0 0.810547 0.614258 0.078125 0.064453
0 0.061523 0.629883 0.069336 0.060547
0 0.295898 0.026367 0.057617 0.052734
0 0.332031 0.030273 0.069336 0.057617
0 0.973633 0.235352 0.052734 0.067383
0 0.970703 0.305664 0.052734 0.057617
0 0.584961 0.366211 0.087891 0.072266
0 0.037109 0.916016 0.067383 0.094727
0 0.181641 0.40332 0.055664 0.082031
