0 0.589844 0.023438 0.075195 0.047852
0 0.423828 0.039062 0.091797 0.068359
0 0.595703 0.132812 0.068359 0.061523
0 0.103516 0.972656 0.080078 0.054688
0 0.162109 0.985352 0.054688 0.029297
0 0.231445 0.991211 0.058594 0.017578
0 0.170898 0.90918 0.0625 0.056641
0 0.269531 0.842773 0.097656 0.073242
0 0.308594 0.979492 0.083008 0.040039
0 0.380859 0.984375 0.068359 0.030273
0 0.430664 0.978516 0.05957 0.042969
0 0.506836 0.939453 0.09082 0.068359
0 0.647461 0.857422 0.070312 0.06543
0 0.97168 0.47168 0.053711 0.05957
0 0.904297 0.415039 0.102539 0.0625
0 0.885742 0.469727 0.080078 0.060547
0 0.791992 0.541016 0.082031 0.068359
0 0.46582 0.535156 0.067383 0.05957
0 0.40918 0.545898 0.067383 0.063477
0 0.332031 0.400391 0.079102 0.071289
0 0.241211 0.46875 0.078125 0.055664
0 0.276367 0.56543 0.073242 0.080078
0 0.029297 0.459961 0.058594 0.071289
0 0.583984 0.972656 0.051758 0.053711
