0 0.383789 0.400391 0.078125 0.084961
0 0.435547 0.321289 0.078125 0.063477
0 0.834961 0.063477 0.197266 0.097656
0 0.347656 0.318359 0.085938 0.069336
0 0.829102 0.87207 0.081055 0.079102
0 0.515625 0.59082 0.054688 0.075195
0 0.358398 0.507812 0.057617 0.154297
0 0.611328 0.652344 0.130859 0.282227
0 0.563477 0.948242 0.135742 0.066406
0 0.18457 0.345703 0.09375 0.172852
0 0.703125 0.035156 0.169922 0.071289
0 0.845703 0.949219 0.166016 0.083984
0 0.100586 0.462891 0.164062 0.141602
0 0.87793 0.355469 0.243164 0.192383
0 0.233398 0.938477 0.120117 0.12207
0 0.469727 0.189453 0.098633 0.084961
0 0.077148 0.952148 0.129883 0.095703
0 0.092773 0.212891 0.126953 0.117188
0 0.807617 0.810547 0.168945 0.129883
0 0.344727 0.861328 0.076172 0.147461
0 0.75 0.599609 0.234375 0.098633
0 0.913086 0.208984 0.163086 0.084961
0 0.033203 0.913086 0.06543 0.09668
0 0.643555 0.155273 0.175781 0.126953
0 0.744141 0.231445 0.148438 0.181641
0 0.198242 0.730469 0.107422 0.074219
0 0.18457 0.681641 0.100586 0.074219
0 0.490234 0.898438 0.081055 0.146484
0 0.413086 0.923828 0.097656 0.151367
0 0.369141 0.978516 0.140625 0.042969
0 0.107422 0.505859 0.179688 0.136719
0 0.048828 0.581055 0.067383 0.148438
0 0.3125 0.511719 0.070312 0.15625
0 0.279297 0.474609 0.094727 0.052734
0 0.220703 0.554688 0.084961 0.051758
0 0.267578 0.595703 0.095703 0.067383
0 0.326172 0.613281 0.074219 0.056641
0 0.198242 0.541016 0.186523 0.089844
0 0.168945 0.552734 0.099609 0.135742
0 0.55957 0.898438 0.118164 0.05957
0 0.303711 0.749023 0.101562 0.078125
0 0.867188 0.874023 0.101562 0.067383
0 0.93457 0.924805 0.069336 0.073242
0 0.887695 0.619141 0.083008 0.055664
0 0.916016 0.671875 0.070312 0.064453
0 0.987305 0.381836 0.024414 0.164062
0 0.808594 0.121094 0.135742 0.064453
0 0.524414 0.203125 0.055664 0.075195
0 0.758789 0.849609 0.231445 0.116211
