0 0.537109 0.802734 0.105469 0.0625
0 0.283203 0.407227 0.133789 0.050781
0 0.791992 0.62793 0.124023 0.0625
0 0.860352 0.132812 0.107422 0.048828
0 0.737305 0.557617 0.083984 0.056641
0 0.916992 0.320312 0.067383 0.049805
0 0.529297 0.69043 0.142578 0.058594
0 0.728516 0.208984 0.095703 0.045898
0 0.594727 0.301758 0.083008 0.099609
0 0.199219 0.56543 0.106445 0.039062
0 0.378906 0.744141 0.120117 0.05957
0 0.654297 0.71875 0.064453 0.106445
0 0.118164 0.188477 0.118164 0.09082
0 0.728516 0.405273 0.120117 0.040039
0 0.395508 0.530273 0.136719 0.102539
0 0.584961 0.230469 0.05957 0.076172
0 0.707031 0.320312 0.079102 0.082031
0 0.710938 0.893555 0.03125 0.119141
0 0.969727 0.238281 0.060547 0.056641
0 0.273438 0.228516 0.111328 0.09082
0 0.15332 0.06543 0.107422 0.036133
0 0.625977 0.116211 0.138672 0.054688
0 0.066406 0.513672 0.101562 0.041016
0 0.075195 0.884766 0.151367 0.06543
0 0.697266 0.272461 0.076172 0.041016
0 0.135742 0.145508 0.116211 0.069336
0 0.537109 0.737305 0.06543 0.043945
0 0.504883 0.196289 0.080078 0.039062
0 0.326172 0.21582 0.094727 0.081055
0 0.05957 0.207031 0.108398 0.041016
0 0.380859 0.198242 0.103516 0.111328
0 0.314453 0.911133 0.117188 0.029297
0 0.405273 0.015625 0.079102 0.03125
0 0.931641 0.924805 0.136719 0.129883
0 0.165039 0.018555 0.074219 0.037109
0 0.295898 0.069336 0.070312 0.032227
0 0.586914 0.860352 0.180664 0.09082
0 0.716797 0.092773 0.082031 0.044922
0 0.666992 0.62207 0.114258 0.048828
0 0.926758 0.572266 0.0625 0.082031
0 0.844727 0.930664 0.12207 0.038086
0 0.371094 0.331055 0.058594 0.039062
0 0.038086 0.044922 0.074219 0.038086
0 0.063477 0.301758 0.107422 0.024414
0 0.50293 0.97168 0.151367 0.030273
0 0.155273 0.728516 0.152344 0.05957
0 0.946289 0.452148 0.05957 0.051758
0 0.223633 0.948242 0.057617 0.045898
0 0.380859 0.364258 0.05957 0.041992
0 0.374023 0.161133 0.085938 0.0625
0 0.418945 0.419922 0.189453 0.125977
0 0.967773 0.051758 0.063477 0.013672
0 0.326172 0.313477 0.151367 0.040039
0 0.69043 0.158203 0.09375 0.057617
0 0.489258 0.52832 0.030273 0.054688
0 0.12793 0.169922 0.120117 0.087891
0 0.092773 0.642676 0.147266 0.05791
0 0.553711 0.485352 0.089844 0.158203
0 0.291016 0.949219 0.097656 0.017578
0 0.532227 0.527344 0.041016 0.09375
0 0.585938 0.56543 0.057617 0.046875
0 0.887695 0.77832 0.091797 0.038086
0 0.032227 0.957031 0.064453 0.043945
0 0.728516 0.113281 0.057617 0.037109
0 0.826172 0.979492 0.103516 0.041016
