0 0.395508 0.060547 0.098633 0.121094
0 0.518555 0.023438 0.068359 0.046875
0 0.301758 0.249023 0.086914 0.086914
0 0.236328 0.34668 0.075195 0.097656
0 0.231445 0.472656 0.09668 0.109375
0 0.09082 0.356445 0.077148 0.091797
0 0.039062 0.490234 0.078125 0.110352
0 0.367188 0.589844 0.102539 0.106445
0 0.223633 0.540039 0.166016 0.067383
0 0.246094 0.676758 0.117188 0.142578
0 0.352539 0.780273 0.113281 0.171875
0 0.834961 0.547852 0.0625 0.154297
0 0.945312 0.505859 0.080078 0.129883
0 0.949219 0.529297 0.101562 0.068359
0 0.987305 0.691406 0.024414 0.130859
0 0.944336 0.754883 0.06543 0.097656
0 0.929688 0.617188 0.042969 0.057617
0 0.856445 0.736328 0.053711 0.074219
0 0.69043 0.938477 0.063477 0.123047
0 0.895508 0.209961 0.09668 0.088867
0 0.636719 0.243164 0.091797 0.074219
0 0.65918 0.328125 0.123047 0.094727
0 0.495117 0.282227 0.069336 0.073242
0 0.769531 0.12207 0.132812 0.198242
0 0.928711 0.006836 0.064453 0.014648
0 0.824219 0.375977 0.088867 0.085938
0 0.026367 0.046875 0.052734 0.0625
0 0.658203 0.141602 0.087891 0.09668
