0 0.02832 0.375977 0.056641 0.064453
0 0.044922 0.436523 0.09082 0.070312
0 0.103516 0.640625 0.094727 0.113281
0 0.349609 0.538086 0.081055 0.076172
0 0.370117 0.439453 0.073242 0.048828
0 0.460938 0.389648 0.049805 0.071289
0 0.405273 0.293945 0.076172 0.071289
0 0.214844 0.345703 0.113281 0.069336
0 0.515625 0.373047 0.114258 0.158203
0 0.525391 0.236328 0.061523 0.069336
0 0.456055 0.189453 0.0625 0.070312
0 0.539062 0.147461 0.105469 0.084961
0 0.34375 0.068359 0.081055 0.057617
0 0.151367 0.067383 0.082031 0.074219
0 0.635742 0.504883 0.083008 0.083984
0 0.733398 0.333984 0.092773 0.110352
0 0.87207 0.317383 0.193359 0.099609
0 0.96582 0.397461 0.068359 0.053711
0 0.987305 0.317383 0.024414 0.12207
0 0.8125 0.045898 0.061523 0.060547
0 0.688477 0.046875 0.067383 0.051758
0 0.735352 0.023438 0.0625 0.047852
0 0.049805 0.97168 0.076172 0.056641
0 0.516602 0.951172 0.066406 0.097656
0 0.59375 0.96875 0.087891 0.053711
0 0.567383 0.865234 0.088867 0.072266
0 0.75293 0.935547 0.081055 0.09375
0 0.764648 0.791992 0.098633 0.058594
0 0.929688 0.879883 0.101562 0.073242
0 0.894531 0.962891 0.067383 0.074219
0 0.441406 0.701172 0.125 0.064453
0 0.564453 0.634766 0.076172 0.082031
0 0.505859 0.780273 0.182617 0.137695
0 0.939453 0.583984 0.071289 0.108398
0 0.963867 0.011719 0.072266 0.024414
0 0.557617 0.703125 0.0625 0.042969
