0 0.222656 0.014648 0.072266 0.030273
0 0.039062 0.032227 0.078125 0.06543
0 0.040039 0.192383 0.080078 0.103516
0 0.203125 0.186523 0.078125 0.072266
0 0.010742 0.30957 0.022461 0.071289
0 0.196289 0.341797 0.083984 0.069336
0 0.113281 0.337891 0.075195 0.069336
0 0.079102 0.279297 0.084961 0.049805
0 0.300781 0.292969 0.081055 0.069336
0 0.013672 0.439453 0.02832 0.087891
0 0.109375 0.458008 0.101562 0.054688
0 0.230469 0.487305 0.095703 0.083984
0 0.173828 0.606445 0.095703 0.117188
0 0.044922 0.664062 0.083984 0.085938
0 0.011719 0.842773 0.024414 0.130859
0 0.34375 0.929688 0.076172 0.109375
0 0.194336 0.902344 0.060547 0.069336
0 0.358398 0.835938 0.076172 0.055664
0 0.277344 0.830078 0.053711 0.069336
0 0.15918 0.767578 0.074219 0.081055
0 0.072266 0.783203 0.053711 0.06543
0 0.416016 0.732422 0.078125 0.116211
0 0.371094 0.609375 0.098633 0.109375
0 0.44043 0.549805 0.070312 0.067383
0 0.439453 0.62793 0.075195 0.061523
0 0.441406 0.450195 0.083984 0.064453
0 0.352539 0.397461 0.083008 0.057617
0 0.450195 0.244141 0.12793 0.085938
0 0.394531 0.021484 0.108398 0.043945
0 0.722656 0.029297 0.089844 0.05957
0 0.583984 0.214844 0.067383 0.081055
0 0.595703 0.400391 0.083008 0.098633
0 0.804688 0.549805 0.069336 0.103516
0 0.703125 0.619141 0.086914 0.092773
0 0.595703 0.768555 0.118164 0.114258
0 0.755859 0.816406 0.063477 0.072266
0 0.625977 0.898438 0.094727 0.202148
0 0.675781 0.925781 0.069336 0.147461
0 0.887695 0.84082 0.072266 0.05957
0 0.939453 0.771484 0.05957 0.063477
0 0.985352 0.532227 0.029297 0.075195
0 0.942383 0.018555 0.115234 0.038086
0 0.607422 0.527344 0.06543 0.071289
0 0.826172 0.730469 0.061523 0.045898
0 0.201172 0.987305 0.058594 0.024414
0 0.139648 0.514648 0.084961 0.070312
0 0.09668 0.546875 0.052734 0.061523
0 0.314453 0.544922 0.092773 0.116211
0 0.291016 0.59668 0.058594 0.047852
