0 0.865234 0.461914 0.064453 0.089844
0 0.130859 0.449219 0.06543 0.104492
0 0.62207 0.125 0.085938 0.118164
0 0.930664 0.041016 0.068359 0.082031
0 0.578125 0.563477 0.126953 0.095703
0 0.748047 0.738281 0.097656 0.082031
0 0.329102 0.21582 0.072266 0.06543
0 0.49707 0.167969 0.071289 0.073242
0 0.198242 0.789062 0.112305 0.0625
0 0.091797 0.115234 0.098633 0.095703
0 0.160156 0.057617 0.086914 0.116211
0 0.479492 0.326172 0.087891 0.043945
0 0.328125 0.133789 0.053711 0.070312
0 0.30957 0.894531 0.12207 0.071289
0 0.375 0.589844 0.075195 0.05957
0 0.365234 0.551758 0.092773 0.049805
0 0.416016 0.451172 0.136719 0.132812
0 0.208984 0.496094 0.116211 0.061523
0 0.484375 0.209961 0.098633 0.064453
0 0.360352 0.083984 0.054688 0.097656
0 0.185547 0.24707 0.077148 0.061523
0 0.595703 0.446289 0.075195 0.088867
0 0.233398 0.620117 0.15918 0.052734
0 0.566406 0.469727 0.05957 0.070312
0 0.290039 0.045898 0.095703 0.072266
0 0.912109 0.101562 0.077148 0.105469
0 0.586914 0.890625 0.112305 0.060547
0 0.189453 0.561523 0.056641 0.077148
0 0.036133 0.452148 0.073242 0.047852
0 0.337891 0.981445 0.066406 0.032227
0 0.522461 0.133789 0.041992 0.071289
0 0.745117 0.195312 0.076172 0.061523
0 0.674805 0.833984 0.060547 0.050781
0 0.423828 0.874023 0.049805 0.032227
0 0.424805 0.242188 0.085938 0.043945
0 0.844727 0.533203 0.057617 0.073242
0 0.705078 0.900391 0.071289 0.05957
0 0.097656 0.533203 0.099609 0.046875
0 0.976562 0.5 0.046875 0.077148
0 0.074219 0.408203 0.051758 0.052734
0 0.486328 0.573242 0.064453 0.029297
0 0.046875 0.864258 0.052734 0.041992
0 0.719727 0.451172 0.049805 0.058594
0 0.371094 0.449219 0.077148 0.036133
0 0.641602 0.852539 0.060547 0.044922
0 0.298828 0.537109 0.054688 0.044922
0 0.838867 0.027344 0.054688 0.052734
0 0.329102 0.786133 0.054688 0.035156
0 0.026367 0.563477 0.053711 0.038086
0 0.022461 0.889648 0.042969 0.024414
0 0.790039 0.920898 0.064453 0.039062
0 0.573242 0.408203 0.083984 0.053711
0 0.873047 0.59082 0.042969 0.067383
0 0.610352 0.987305 0.036133 0.021484
0 0.541016 0.024414 0.041992 0.048828
0 0.875977 0.947266 0.057617 0.052734
0 0.099609 0.701172 0.037109 0.032227
