0 0.962891 0.21582 0.050781 0.063477
0 0.808594 0.12793 0.058594 0.080078
0 0.856445 0.271484 0.054688 0.046875
0 0.648438 0.28125 0.057617 0.043945
0 0.566406 0.219727 0.067383 0.063477
0 0.493164 0.214844 0.055664 0.052734
0 0.518555 0.177734 0.046875 0.049805
0 0.40625 0.133789 0.045898 0.049805
0 0.351562 0.163086 0.053711 0.041992
0 0.375977 0.194336 0.06543 0.039062
0 0.293945 0.142578 0.047852 0.0625
0 0.338867 0.101562 0.114258 0.076172
0 0.958984 0.410156 0.072266 0.048828
0 0.807617 0.629883 0.113281 0.054688
0 0.832031 0.404297 0.061523 0.072266
0 0.814453 0.448242 0.054688 0.067383
0 0.883789 0.426758 0.053711 0.057617
0 0.894531 0.37207 0.053711 0.042969
0 0.655273 0.504883 0.051758 0.066406
0 0.563477 0.446289 0.055664 0.053711
0 0.501953 0.414062 0.054688 0.073242
0 0.518555 0.395508 0.042969 0.049805
0 0.524414 0.324219 0.080078 0.044922
0 0.386719 0.389648 0.066406 0.045898
0 0.350586 0.333984 0.055664 0.044922
0 0.307617 0.283203 0.069336 0.051758
0 0.291016 0.328125 0.057617 0.057617
0 0.232422 0.367188 0.042969 0.041016
0 0.179688 0.232422 0.047852 0.066406
0 0.15332 0.108398 0.067383 0.063477
0 0.073242 0.238281 0.054688 0.032227
0 0.05957 0.338867 0.076172 0.083984
0 0.027344 0.484375 0.054688 0.046875
0 0.117188 0.552734 0.0625 0.055664
0 0.041016 0.564453 0.083008 0.046875
0 0.095703 0.612305 0.107422 0.051758
0 0.200195 0.640625 0.066406 0.046875
0 0.152344 0.697266 0.063477 0.054688
0 0.092773 0.72168 0.047852 0.058594
0 0.172852 0.746094 0.063477 0.036133
0 0.22168 0.736328 0.072266 0.079102
0 0.254883 0.769531 0.079102 0.081055
0 0.199219 0.794922 0.058594 0.043945
0 0.289062 0.710938 0.066406 0.05957
0 0.270508 0.84668 0.061523 0.064453
0 0.397461 0.657227 0.066406 0.098633
0 0.351562 0.666016 0.045898 0.060547
0 0.429688 0.526367 0.071289 0.071289
0 0.472656 0.632812 0.0625 0.053711
0 0.5625 0.672852 0.077148 0.075195
0 0.619141 0.71875 0.05957 0.094727
0 0.679688 0.71875 0.079102 0.050781
0 0.770508 0.666992 0.046875 0.038086
0 0.765625 0.72168 0.052734 0.058594
0 0.786133 0.708984 0.043945 0.056641
0 0.821289 0.72168 0.072266 0.051758
0 0.802734 0.767578 0.074219 0.070312
0 0.850586 0.783203 0.055664 0.058594
0 0.874023 0.916016 0.061523 0.085938
0 0.924805 0.931641 0.074219 0.112305
0 0.814453 0.973633 0.066406 0.051758
0 0.80957 0.917969 0.052734 0.075195
0 0.621094 0.868164 0.050781 0.057617
0 0.580078 0.936523 0.086914 0.100586
0 0.541016 0.74707 0.092773 0.057617
0 0.59375 0.780273 0.075195 0.067383
0 0.475586 0.744141 0.041992 0.048828
0 0.109375 0.983398 0.097656 0.032227
0 0.232422 0.202148 0.055664 0.052734
0 0.186523 0.311523 0.03418 0.044922
0 0.834961 0.976562 0.039062 0.046875
0 0.75 0.260742 0.041992 0.040039
0 0.785156 0.253906 0.042969 0.053711
0 0.734375 0.554688 0.020508 0.039062
0 0.507812 0.720703 0.051758 0.056641
0 0.56543 0.785156 0.083984 0.050781
0 0.729492 0.59375 0.054688 0.032227
0 0.759766 0.612305 0.036133 0.043945
0 0.922852 0.488281 0.035156 0.03418
0 0.977539 0.46582 0.023438 0.027344
