0 0.678711 0.171875 0.070312 0.051758
0 0.716797 0.301758 0.079102 0.098633
0 0.256836 0.220703 0.074219 0.064453
0 0.380859 0.679688 0.095703 0.057617
0 0.139648 0.890625 0.081055 0.06543
0 0.890625 0.560547 0.139648 0.055664
0 0.856445 0.455078 0.053711 0.069336
0 0.270508 0.119141 0.071289 0.070312
0 0.017578 0.210938 0.033203 0.053711
0 0.068359 0.670898 0.0625 0.052734
0 0.601562 0.569336 0.077148 0.051758
0 0.748047 0.947266 0.098633 0.072266
0 0.110352 0.228516 0.101562 0.084961
0 0.579102 0.49707 0.0625 0.044922
0 0.681641 0.678711 0.067383 0.056641
0 0.691406 0.037109 0.057617 0.042969
0 0.381836 0.163086 0.042969 0.069336
0 0.282227 0.430664 0.097656 0.066406
0 0.552734 0.172852 0.086914 0.056641
0 0.216797 0.810547 0.102539 0.038086
0 0.479492 0.884766 0.052734 0.070312
0 0.868164 0.943359 0.039062 0.077148
0 0.428711 0.800781 0.051758 0.038086
0 0.214844 0.625 0.061523 0.042969
0 0.462891 0.558594 0.078125 0.0625
0 0.6875 0.421875 0.05957 0.03418
0 0.876953 0.206055 0.036133 0.081055
0 0.548828 0.821289 0.058594 0.048828
0 0.457031 0.326172 0.05957 0.039062
0 0.557617 0.40918 0.048828 0.030273
0 0.96582 0.96875 0.040039 0.051758
0 0.356445 0.313477 0.041016 0.063477
0 0.041016 0.286133 0.052734 0.060547
0 0.048828 0.329102 0.073242 0.058594
0 0.542969 0.920898 0.038086 0.072266
0 0.985352 0.024414 0.022461 0.048828
0 0.102539 0.922852 0.037109 0.068359
0 0.395508 0.234375 0.039062 0.067383
0 0.115234 0.533203 0.050781 0.058594
0 0.066406 0.443359 0.071289 0.042969
0 0.798828 0.012695 0.040039 0.026367
0 0.075195 0.857422 0.042969 0.084961
0 0.716797 0.532227 0.049805 0.045898
0 0.025391 0.803711 0.051758 0.036133
0 0.170898 0.742188 0.077148 0.02832
0 0.959961 0.896484 0.076172 0.042969
0 0.588867 0.291992 0.082031 0.041992
0 0.890625 0.333008 0.058594 0.042969
0 0.926758 0.674805 0.070312 0.048828
0 0.931641 0.356445 0.036133 0.0625
0 0.649414 0.963867 0.09082 0.040039
0 0.919922 0.84375 0.051758 0.050781
0 0.854492 0.956055 0.037109 0.068359
0 0.870117 0.635742 0.048828 0.030273
0 0.499023 0.830078 0.078125 0.030273
0 0.771484 0.258789 0.061523 0.039062
0 0.338867 0.134766 0.052734 0.061523
0 0.248047 0.916992 0.064453 0.039062
0 0.976562 0.978516 0.03418 0.038086
0 0.179688 0.28418 0.03418 0.056641
0 0.577148 0.018555 0.030273 0.037109
0 0.537109 0.014648 0.052734 0.030273
0 0.842773 0.874023 0.119141 0.058594
0 0.69043 0.791992 0.076172 0.043945
0 0.322266 0.914062 0.100586 0.045898
0 0.320312 0.878906 0.069336 0.045898
0 0.395508 0.871094 0.069336 0.0625
0 0.31543 0.477539 0.060547 0.041016
0 0.555664 0.202148 0.063477 0.054688
