0 0.34082 0.188477 0.074219 0.078125
0 0.488281 0.231445 0.057617 0.083984
0 0.541992 0.354492 0.077148 0.071289
0 0.546875 0.082031 0.078125 0.138672
0 0.399414 0.220703 0.067383 0.081055
0 0.381836 0.134766 0.073242 0.100586
0 0.099609 0.024414 0.078125 0.048828
0 0.31543 0.292969 0.068359 0.079102
0 0.620117 0.613281 0.116211 0.075195
0 0.035156 0.253906 0.070312 0.078125
0 0.670898 0.228516 0.158203 0.073242
0 0.320312 0.927734 0.052734 0.098633
0 0.473633 0.586914 0.077148 0.19043
0 0.523438 0.844727 0.118164 0.099609
0 0.374023 0.696289 0.071289 0.09375
0 0.484375 0.732422 0.109375 0.05957
0 0.161133 0.28125 0.12793 0.080078
0 0.552734 0.291992 0.073242 0.045898
0 0.381836 0.057617 0.066406 0.084961
0 0.441406 0.095703 0.058594 0.102539
0 0.171875 0.013672 0.070312 0.02832
0 0.355469 0.985352 0.06543 0.02832
0 0.981445 0.014648 0.037109 0.030273
0 0.467773 0.026367 0.120117 0.053711
0 0.074219 0.368164 0.147461 0.100586
