0 0.107422 0.816406 0.12207 0.055664
0 0.808594 0.145508 0.119141 0.115234
0 0.178711 0.19043 0.09668 0.039062
0 0.521484 0.258789 0.084961 0.077148
0 0.573242 0.441406 0.068359 0.148438
0 0.463867 0.518555 0.109375 0.055664
0 0.388672 0.338867 0.083008 0.048828
0 0.929688 0.575195 0.0625 0.076172
0 0.679688 0.832031 0.117188 0.064453
0 0.729492 0.724609 0.098633 0.067383
0 0.732422 0.480469 0.083008 0.071289
0 0.226562 0.115234 0.078125 0.058594
0 0.040039 0.558594 0.080078 0.042969
0 0.942383 0.829102 0.094727 0.051758
0 0.816406 0.125 0.083008 0.051758
0 0.850586 0.21582 0.073242 0.076172
0 0.987305 0.507812 0.025391 0.048828
0 0.606445 0.108398 0.109375 0.073242
0 0.560547 0.837891 0.114258 0.041016
0 0.272461 0.243164 0.076172 0.039062
0 0.46582 0.570312 0.087891 0.040039
0 0.655273 0.782227 0.147461 0.051758
0 0.798828 0.515625 0.060547 0.056641
0 0.618164 0.585938 0.09668 0.083008
0 0.981445 0.776367 0.036133 0.050781
0 0.298828 0.563477 0.108398 0.055664
0 0.798828 0.579102 0.069336 0.025391
0 0.140625 0.259766 0.09668 0.051758
0 0.560547 0.589844 0.097656 0.054688
0 0.521484 0.607422 0.061523 0.041992
0 0.052734 0.223633 0.106445 0.064453
0 0.571289 0.810547 0.118164 0.051758
0 0.030273 0.713867 0.060547 0.045898
0 0.705078 0.961914 0.084961 0.047852
0 0.317383 0.898438 0.124023 0.039062
0 0.913086 0.776367 0.107422 0.036133
0 0.289062 0.725586 0.060547 0.055664
0 0.15332 0.205078 0.144531 0.076172
0 0.730469 0.560547 0.054688 0.047852
0 0.078125 0.970703 0.132812 0.045898
0 0.992188 0.285156 0.014648 0.030273
0 0.945312 0.486328 0.070312 0.049805
0 0.768555 0.882812 0.09668 0.037109
0 0.370117 0.576172 0.06543 0.041992
0 0.810547 0.59375 0.067383 0.027344
0 0.567383 0.68457 0.083984 0.040039
0 0.834961 0.085938 0.0625 0.042969
0 0.954102 0.951172 0.09082 0.036133
0 0.017578 0.513672 0.036133 0.030273
0 0.363281 0.545898 0.073242 0.039062
0 0.124023 0.019531 0.099609 0.030273
0 0.886719 0.357422 0.054688 0.037109
0 0.110352 0.214844 0.101562 0.036133
0 0.15332 0.578125 0.115234 0.048828
0 0.144531 0.564453 0.137695 0.05957
0 0.850586 0.568359 0.09082 0.040039
0 0.202148 0.105469 0.137695 0.053711
0 0.411133 0.115234 0.081055 0.085938
0 0.914062 0.144531 0.120117 0.100586
