0 0.220703 0.107422 0.158203 0.092773
0 0.029297 0.149414 0.058594 0.083008
0 0.117188 0.172852 0.076172 0.082031
0 0.039062 0.339844 0.071289 0.154297
0 0.107422 0.333984 0.046875 0.066406
0 0.02832 0.716797 0.057617 0.118164
0 0.029297 0.540039 0.058594 0.088867
0 0.188477 0.482422 0.144531 0.09668
0 0.31543 0.605469 0.19043 0.106445
0 0.321289 0.754883 0.113281 0.118164
0 0.15625 0.944336 0.09375 0.103516
0 0.348633 0.97168 0.087891 0.055664
0 0.757812 0.008789 0.073242 0.017578
0 0.87793 0.056641 0.125 0.112305
0 0.970703 0.012695 0.057617 0.025391
0 0.584961 0.09668 0.099609 0.110352
0 0.387695 0.180664 0.155273 0.083008
0 0.566406 0.214844 0.076172 0.047852
0 0.556641 0.254883 0.069336 0.047852
0 0.496094 0.286133 0.134766 0.095703
0 0.454102 0.341797 0.079102 0.083984
0 0.491211 0.541016 0.154297 0.117188
0 0.688477 0.635742 0.114258 0.083984
0 0.556641 0.938477 0.071289 0.12207
0 0.476562 0.862305 0.084961 0.194336
0 0.574219 0.804688 0.095703 0.160156
0 0.770508 0.957031 0.056641 0.046875
0 0.848633 0.700195 0.103516 0.123047
0 0.916992 0.829102 0.088867 0.158203
0 0.860352 0.81543 0.053711 0.077148
0 0.830078 0.874023 0.088867 0.177734
0 0.902344 0.927734 0.084961 0.144531
0 0.981445 0.883789 0.036133 0.170898
0 0.952148 0.553711 0.074219 0.082031
0 0.90918 0.323242 0.077148 0.072266
0 0.976562 0.444336 0.046875 0.119141
0 0.78125 0.21582 0.078125 0.081055
0 0.717773 0.099609 0.158203 0.079102
