0 0.962891 0.094727 0.073242 0.140625
0 0.985352 0.860352 0.029297 0.058594
0 0.932617 0.892578 0.133789 0.106445
0 0.828125 0.882812 0.066406 0.057617
0 0.734375 0.970703 0.073242 0.057617
0 0.341797 0.902344 0.125 0.078125
0 0.390625 0.832031 0.167969 0.098633
0 0.217773 0.730469 0.176758 0.098633
0 0.447266 0.657227 0.168945 0.069336
0 0.475586 0.595703 0.141602 0.107422
0 0.62793 0.729492 0.114258 0.117188
0 0.581055 0.722656 0.055664 0.09082
0 0.645508 0.597656 0.088867 0.139648
0 0.682617 0.623047 0.087891 0.09668
0 0.851562 0.739258 0.099609 0.083984
0 0.946289 0.755859 0.104492 0.054688
0 0.956055 0.711914 0.086914 0.072266
0 0.951172 0.587891 0.073242 0.152344
0 0.879883 0.631836 0.061523 0.138672
0 0.879883 0.537109 0.054688 0.076172
0 0.987305 0.419922 0.025391 0.074219
0 0.856445 0.327148 0.081055 0.079102
0 0.202148 0.900391 0.094727 0.125977
0 0.168945 0.973633 0.077148 0.051758
0 0.03125 0.957031 0.0625 0.084961
0 0.033203 0.751953 0.066406 0.150391
0 0.063477 0.610352 0.126953 0.114258
0 0.178711 0.44043 0.09082 0.072266
0 0.054688 0.303711 0.064453 0.148438
0 0.02832 0.482422 0.056641 0.09082
0 0.197266 0.348633 0.163086 0.078125
0 0.395508 0.329102 0.068359 0.054688
0 0.518555 0.420898 0.072266 0.069336
0 0.469727 0.27832 0.117188 0.0625
0 0.69043 0.235352 0.134766 0.091797
0 0.832031 0.194336 0.087891 0.142578
0 0.704102 0.071289 0.102539 0.142578
0 0.858398 0.066406 0.099609 0.133789
0 0.915039 0.063477 0.083984 0.126953
0 0.166992 0.021484 0.118164 0.042969
0 0.033203 0.018555 0.063477 0.037109
0 0.106445 0.15918 0.117188 0.066406
0 0.168945 0.134766 0.104492 0.103516
0 0.265625 0.21582 0.123047 0.067383
0 0.491211 0.213867 0.230469 0.05957
0 0.102539 0.236328 0.055664 0.087891
0 0.741211 0.53125 0.050781 0.054688
0 0.831055 0.523438 0.09375 0.125
0 0.421875 0.426758 0.058594 0.051758
0 0.331055 0.493164 0.063477 0.060547
