0 0.586914 0.592773 0.09668 0.140625
0 0.134766 0.30957 0.086914 0.160156
0 0.59375 0.478516 0.158203 0.123047
0 0.15332 0.59668 0.094727 0.054688
0 0.558594 0.25 0.145508 0.0625
0 0.708984 0.957031 0.077148 0.085938
0 0.71582 0.541016 0.06543 0.091797
0 0.042969 0.044922 0.086914 0.089844
0 0.408203 0.898438 0.09375 0.074219
0 0.761719 0.236328 0.079102 0.070312
0 0.49707 0.167969 0.144531 0.081055
0 0.693359 0.408203 0.071289 0.143555
0 0.655273 0.485352 0.083008 0.111328
0 0.553711 0.918945 0.095703 0.080078
0 0.705078 0.599609 0.071289 0.077148
0 0.792969 0.983398 0.086914 0.033203
0 0.679688 0.892578 0.073242 0.069336
0 0.638672 0.533203 0.091797 0.056641
0 0.723633 0.708008 0.084961 0.108398
0 0.924805 0.90918 0.148438 0.124023
0 0.100586 0.517578 0.112305 0.061523
0 0.369141 0.956055 0.12207 0.086914
0 0.683594 0.748047 0.104492 0.072266
0 0.488281 0.844727 0.189453 0.144531
0 0.738281 0.319336 0.069336 0.053711
0 0.724609 0.366211 0.061523 0.075195
0 0.228516 0.376953 0.083984 0.100586
0 0.376953 0.554688 0.150391 0.130859
0 0.181641 0.469727 0.086914 0.082031
0 0.794922 0.894531 0.071289 0.12793
0 0.842773 0.617188 0.072266 0.087891
0 0.931641 0.571289 0.102539 0.112305
0 0.624023 0.686523 0.103516 0.074219
0 0.817383 0.763672 0.068359 0.110352
0 0.881836 0.839844 0.09375 0.108398
0 0.783203 0.675781 0.076172 0.145508
0 0.912109 0.766602 0.102539 0.074219
0 0.677734 0.818359 0.09082 0.099609
0 0.595703 0.77832 0.136719 0.138672
0 0.875977 0.693359 0.067383 0.050781
0 0.500977 0.251953 0.141602 0.087891
0 0.706055 0.263672 0.108398 0.129883
0 0.624023 0.193359 0.086914 0.080078
0 0.65332 0.170898 0.083984 0.084961
0 0.698242 0.061523 0.078125 0.124023
0 0.621094 0.09082 0.161133 0.101562
0 0.859375 0.017578 0.056641 0.036133
0 0.955078 0.743164 0.051758 0.041016
0 0.941406 0.708008 0.077148 0.070312
0 0.75293 0.804688 0.057617 0.085938
