0 0.119141 0.542969 0.239258 0.068359
0 0.303711 0.158203 0.076172 0.12207
0 0.768555 0.660156 0.161133 0.15625
0 0.268555 0.321289 0.078125 0.130859
0 0.527344 0.703125 0.239258 0.077148
0 0.397461 0.423828 0.071289 0.239258
0 0.335938 0.807617 0.075195 0.111328
0 0.536133 0.112305 0.15332 0.09375
0 0.666992 0.057617 0.09375 0.106445
0 0.699219 0.71582 0.104492 0.15625
0 0.081055 0.944336 0.083008 0.069336
0 0.969727 0.535156 0.05957 0.085938
0 0.783203 0.478516 0.133789 0.077148
0 0.829102 0.756836 0.124023 0.320312
0 0.389648 0.836914 0.101562 0.181641
0 0.419922 0.204102 0.103516 0.113281
0 0.554688 0.276367 0.104492 0.108398
0 0.827148 0.384766 0.083984 0.118164
0 0.774414 0.336914 0.219727 0.121094
0 0.932617 0.22168 0.133789 0.177734
