0 0.911133 0.261719 0.058594 0.112305
0 0.010742 0.666992 0.022461 0.09375
0 0.205078 0.645508 0.075195 0.089844
0 0.155273 0.432617 0.066406 0.080078
0 0.392578 0.429688 0.054688 0.097656
0 0.288086 0.219727 0.061523 0.102539
0 0.453125 0.041992 0.066406 0.083984
0 0.530273 0.550781 0.057617 0.084961
0 0.360352 0.110352 0.091797 0.102539
0 0.614258 0.046875 0.049805 0.09375
0 0.063477 0.272461 0.083984 0.099609
0 0.608398 0.941406 0.053711 0.084961
0 0.882812 0.666992 0.054688 0.079102
0 0.634766 0.415039 0.055664 0.070312
0 0.523438 0.610352 0.074219 0.103516
0 0.736328 0.651367 0.048828 0.080078
0 0.495117 0.652344 0.041016 0.075195
0 0.016602 0.853516 0.03418 0.112305
0 0.436523 0.75 0.058594 0.09082
0 0.794922 0.600586 0.041992 0.080078
0 0.15625 0.769531 0.060547 0.097656
0 0.151367 0.173828 0.06543 0.087891
0 0.770508 0.49707 0.042969 0.087891
0 0.402344 0.616211 0.051758 0.068359
0 0.456055 0.239258 0.046875 0.077148
0 0.313477 0.916992 0.0625 0.058594
0 0.727539 0.714844 0.047852 0.078125
0 0.537109 0.741211 0.043945 0.080078
0 0.286133 0.361328 0.036133 0.069336
0 0.358398 0.46875 0.051758 0.082031
0 0.30957 0.65918 0.070312 0.053711
0 0.65332 0.775391 0.074219 0.084961
0 0.027344 0.279297 0.051758 0.080078
0 0.927734 0.495117 0.047852 0.087891
0 0.082031 0.505859 0.044922 0.066406
0 0.161133 0.717773 0.057617 0.067383
0 0.394531 0.352539 0.037109 0.102539
0 0.716797 0.305664 0.041992 0.084961
0 0.521484 0.036133 0.053711 0.073242
0 0.422852 0.091797 0.045898 0.058594
0 0.664062 0.972656 0.048828 0.053711
0 0.511719 0.088867 0.041992 0.060547
0 0.552734 0.029297 0.067383 0.054688
0 0.78418 0.097656 0.03418 0.107422
0 0.712891 0.136719 0.045898 0.049805
0 0.303711 0.62207 0.054688 0.064453
0 0.589844 0.155273 0.040039 0.072266
0 0.581055 0.806641 0.043945 0.054688
0 0.037109 0.835938 0.05957 0.046875
0 0.40332 0.767578 0.063477 0.058594
0 0.708984 0.24707 0.050781 0.063477
0 0.371094 0.014648 0.050781 0.030273
0 0.835938 0.289062 0.046875 0.086914
0 0.048828 0.023438 0.058594 0.047852
0 0.254883 0.016602 0.035156 0.03418
0 0.850586 0.347656 0.043945 0.081055
0 0.112305 0.030273 0.087891 0.061523
0 0.441406 0.0625 0.024414 0.0625
0 0.382812 0.852539 0.083008 0.041016
0 0.550781 0.472656 0.041016 0.037109
0 0.188477 0.194336 0.061523 0.086914
0 0.614258 0.729492 0.035156 0.078125
0 0.054688 0.988281 0.041016 0.023438
0 0.875 0.856445 0.041992 0.032227
0 0.113281 0.054688 0.052734 0.044922
0 0.023438 0.640625 0.039062 0.054688
