0 0.518555 0.222656 0.06543 0.086914
0 0.648438 0.1875 0.067383 0.086914
0 0.280273 0.274414 0.100586 0.058594
0 0.519531 0.28125 0.074219 0.088867
0 0.578125 0.958008 0.082031 0.051758
0 0.30957 0.18457 0.078125 0.055664
0 0.063477 0.802734 0.048828 0.070312
0 0.641602 0.727539 0.071289 0.050781
0 0.678711 0.260742 0.06543 0.069336
0 0.449219 0.289062 0.081055 0.066406
0 0.06543 0.463867 0.0625 0.058594
0 0.007812 0.322266 0.015625 0.072266
0 0.513672 0.780273 0.080078 0.055664
0 0.117188 0.125977 0.080078 0.083008
0 0.224609 0.205078 0.106445 0.048828
0 0.34082 0.237305 0.081055 0.051758
0 0.328125 0.262695 0.076172 0.046875
0 0.44043 0.338867 0.054688 0.035156
0 0.449219 0.011719 0.094727 0.023438
0 0.112305 0.375 0.107422 0.052734
0 0.395508 0.412109 0.085938 0.039062
0 0.266602 0.410156 0.079102 0.036133
0 0.727539 0.804688 0.130859 0.043945
0 0.637695 0.640625 0.113281 0.067383
0 0.193359 0.263672 0.086914 0.051758
0 0.203125 0.768555 0.026367 0.106445
0 0.837891 0.541016 0.053711 0.042969
0 0.30957 0.024414 0.048828 0.045898
0 0.501953 0.611328 0.069336 0.037109
0 0.419922 0.831055 0.047852 0.082031
0 0.061523 0.407227 0.110352 0.051758
0 0.891602 0.291992 0.072266 0.048828
0 0.743164 0.012695 0.050781 0.021484
0 0.118164 0.663086 0.057617 0.032227
0 0.662109 0.561523 0.058594 0.026367
0 0.049805 0.865234 0.098633 0.048828
0 0.897461 0.688477 0.060547 0.024414
0 0.446289 0.501953 0.052734 0.044922
0 0.706055 0.920898 0.047852 0.066406
0 0.816406 0.192383 0.055664 0.061523
0 0.56543 0.53125 0.048828 0.042969
0 0.535156 0.392578 0.083984 0.063477
0 0.671875 0.935547 0.079102 0.050781
0 0.817383 0.383789 0.040039 0.057617
0 0.563477 0.867188 0.075195 0.051758
0 0.885742 0.026367 0.053711 0.051758
0 0.041016 0.743164 0.083008 0.044922
0 0.705078 0.881836 0.076172 0.030273
0 0.208008 0.669922 0.033203 0.077148
0 0.049805 0.56543 0.058594 0.03125
0 0.363281 0.371094 0.042969 0.054688
0 0.790039 0.481445 0.036133 0.054688
0 0.767578 0.360352 0.115234 0.075195
0 0.910156 0.068359 0.06543 0.041992
0 0.487305 0.577148 0.053711 0.041992
0 0.083984 0.644531 0.076172 0.018555
0 0.823242 0.612305 0.025391 0.053711
0 0.408203 0.069336 0.080078 0.046875
0 0.973633 0.96875 0.052734 0.049805
0 0.761719 0.308594 0.046875 0.018555
0 0.34082 0.907227 0.114258 0.055664
0 0.413086 0.021484 0.063477 0.043945
0 0.044922 0.702148 0.09082 0.053711
0 0.732422 0.078125 0.03418 0.044922
0 0.143555 0.948242 0.058594 0.041016
0 0.428711 0.905273 0.044922 0.02832
0 0.395508 0.990234 0.038086 0.019531
0 0.366211 0.953125 0.036133 0.05957
0 0.925781 0.895508 0.055664 0.054688
0 0.977539 0.879883 0.043945 0.038086
0 0.436523 0.662109 0.061523 0.043945
0 0.938477 0.300781 0.05957 0.038086
0 0.71875 0.256836 0.064453 0.024414
0 0.070312 0.024414 0.099609 0.049805
0 0.129883 0.043945 0.091797 0.049805
0 0.230469 0.704102 0.022461 0.048828
0 0.067383 0.611328 0.051758 0.041016
0 0.450195 0.235352 0.086914 0.041992
0 0.533203 0.577148 0.047852 0.056641
0 0.47168 0.21582 0.044922 0.037109
0 0.438477 0.741211 0.056641 0.041016
0 0.208008 0.979492 0.048828 0.039062
