0 0.354492 0.366211 0.134766 0.084961
0 0.750977 0.601562 0.097656 0.079102
0 0.546875 0.516602 0.070312 0.080078
0 0.931641 0.399414 0.129883 0.075195
0 0.021484 0.486328 0.042969 0.084961
0 0.265625 0.626953 0.097656 0.160156
0 0.874023 0.609375 0.069336 0.089844
0 0.262695 0.753906 0.083008 0.100586
0 0.333984 0.224609 0.06543 0.095703
0 0.96875 0.485352 0.0625 0.083008
0 0.880859 0.046875 0.094727 0.067383
0 0.261719 0.204102 0.054688 0.05957
0 0.080078 0.158203 0.077148 0.078125
0 0.571289 0.6875 0.084961 0.092773
0 0.984375 0.614258 0.030273 0.139648
0 0.387695 0.158203 0.092773 0.072266
0 0.571289 0.746094 0.078125 0.083008
0 0.112305 0.099609 0.054688 0.074219
0 0.019531 0.293945 0.035156 0.149414
0 0.019531 0.625 0.039062 0.078125
0 0.060547 0.810547 0.067383 0.077148
0 0.364258 0.952148 0.084961 0.095703
0 0.449219 0.944336 0.080078 0.110352
0 0.493164 0.916016 0.117188 0.082031
0 0.677734 0.952148 0.077148 0.095703
