0 0.052734 0.507812 0.102539 0.067383
0 0.837891 0.904297 0.083008 0.120117
0 0.860352 0.505859 0.073242 0.0625
0 0.938477 0.295898 0.053711 0.05957
0 0.935547 0.90332 0.09082 0.117188
0 0.772461 0.484375 0.102539 0.070312
0 0.098633 0.882812 0.070312 0.117188
0 0.916992 0.613281 0.084961 0.082031
0 0.240234 0.459961 0.098633 0.143555
0 0.368164 0.832031 0.082031 0.080078
0 0.255859 0.198242 0.078125 0.102539
0 0.277344 0.585938 0.073242 0.055664
0 0.479492 0.663086 0.063477 0.051758
0 0.049805 0.670898 0.100586 0.070312
0 0.27832 0.725586 0.113281 0.092773
0 0.037109 0.109375 0.070312 0.089844
0 0.956055 0.760742 0.087891 0.068359
0 0.849609 0.404297 0.074219 0.084961
0 0.864258 0.304688 0.110352 0.064453
0 0.794922 0.351562 0.102539 0.06543
0 0.224609 0.936523 0.081055 0.125977
0 0.974609 0.080078 0.047852 0.052734
0 0.109375 0.649414 0.074219 0.09668
0 0.265625 0.962891 0.086914 0.073242
0 0.852539 0.632812 0.084961 0.06543
0 0.051758 0.219727 0.103516 0.082031
0 0.837891 0.198242 0.073242 0.097656
0 0.979492 0.336914 0.036133 0.052734
0 0.382812 0.069336 0.037109 0.041016
0 0.072266 0.036133 0.071289 0.070312
0 0.178711 0.40918 0.060547 0.0625
0 0.033203 0.420898 0.066406 0.067383
0 0.97168 0.291992 0.054688 0.06543
0 0.833984 0.137695 0.084961 0.057617
0 0.220703 0.392578 0.041992 0.042969
0 0.038086 0.722656 0.076172 0.0625
0 0.182617 0.854492 0.084961 0.160156
0 0.144531 0.974609 0.071289 0.049805
