0 0.006836 0.373047 0.013672 0.052734
0 0.111328 0.338867 0.076172 0.061523
0 0.128906 0.285156 0.0625 0.053711
0 0.053711 0.083984 0.083984 0.074219
0 0.191406 0.119141 0.079102 0.086914
0 0.1875 0.213867 0.054688 0.053711
0 0.282227 0.213867 0.073242 0.109375
0 0.203125 0.295898 0.055664 0.063477
0 0.327148 0.404297 0.103516 0.115234
0 0.089844 0.987305 0.099609 0.024414
0 0.961914 0.960938 0.075195 0.077148
0 0.701172 0.831055 0.067383 0.054688
0 0.8125 0.810547 0.076172 0.066406
0 0.899414 0.791992 0.057617 0.063477
0 0.870117 0.666992 0.052734 0.069336
0 0.804688 0.688477 0.056641 0.066406
0 0.666992 0.662109 0.061523 0.052734
0 0.637695 0.706055 0.083984 0.061523
0 0.564453 0.744141 0.042969 0.046875
0 0.543945 0.664062 0.066406 0.069336
0 0.423828 0.713867 0.074219 0.082031
0 0.37793 0.77832 0.134766 0.068359
0 0.216797 0.610352 0.071289 0.081055
0 0.749023 0.474609 0.075195 0.066406
0 0.900391 0.462891 0.083008 0.066406
0 0.574219 0.317383 0.106445 0.09375
0 0.441406 0.15918 0.117188 0.080078
0 0.722656 0.18457 0.078125 0.066406
0 0.830078 0.230469 0.107422 0.071289
0 0.765625 0.300781 0.070312 0.06543
0 0.969727 0.623047 0.05957 0.072266
0 0.963867 0.551758 0.072266 0.081055
0 0.985352 0.143555 0.029297 0.069336
0 0.964844 0.045898 0.070312 0.084961
0 0.787109 0.066406 0.113281 0.067383
0 0.55957 0.107422 0.071289 0.077148
0 0.277344 0.029297 0.069336 0.058594
0 0.454102 0.981445 0.078125 0.036133
0 0.026367 0.241211 0.052734 0.058594
0 0.327148 0.228516 0.095703 0.076172
