0 0.076172 0.079102 0.077148 0.15918
0 0.012695 0.268555 0.026367 0.102539
0 0.175781 0.232422 0.12207 0.075195
0 0.313477 0.162109 0.125 0.072266
0 0.193359 0.025391 0.081055 0.050781
0 0.255859 0.008789 0.061523 0.017578
0 0.279297 0.328125 0.162109 0.101562
0 0.217773 0.483398 0.138672 0.128906
0 0.104492 0.323242 0.09668 0.09082
0 0.008789 0.59082 0.017578 0.089844
0 0.160156 0.632812 0.068359 0.064453
0 0.166016 0.782227 0.083008 0.108398
0 0.03125 0.96582 0.054688 0.067383
0 0.116211 0.955078 0.097656 0.06543
0 0.415039 0.943359 0.112305 0.083984
0 0.4375 0.836914 0.107422 0.158203
0 0.444336 0.69043 0.0625 0.070312
0 0.425781 0.461914 0.088867 0.072266
0 0.524414 0.507812 0.072266 0.098633
0 0.523438 0.630859 0.083984 0.155273
0 0.612305 0.675781 0.071289 0.075195
0 0.442383 0.332031 0.111328 0.12207
0 0.405273 0.235352 0.054688 0.069336
0 0.5625 0.160156 0.073242 0.071289
0 0.677734 0.167969 0.068359 0.068359
0 0.519531 0.05957 0.054688 0.057617
0 0.851562 0.306641 0.112305 0.092773
0 0.8125 0.546875 0.087891 0.210938
0 0.855469 0.536133 0.095703 0.092773
0 0.911133 0.74707 0.128906 0.079102
0 0.960938 0.858398 0.077148 0.134766
0 0.821289 0.841797 0.082031 0.058594
0 0.741211 0.908203 0.079102 0.112305
0 0.682617 0.948242 0.083984 0.103516
0 0.825195 0.916992 0.076172 0.083984
0 0.820312 0.123047 0.072266 0.072266
0 0.954102 0.139648 0.09082 0.126953
0 0.811523 0.008789 0.087891 0.017578
0 0.732422 0.019531 0.049805 0.040039
0 0.362305 0.006836 0.09375 0.014648
