0 0.899414 0.102539 0.073242 0.058594
0 0.969727 0.095703 0.037109 0.076172
0 0.969727 0.025391 0.051758 0.050781
0 0.537109 0.053711 0.063477 0.038086
0 0.52832 0.015625 0.050781 0.032227
0 0.380859 0.019531 0.083984 0.039062
0 0.442383 0.086914 0.120117 0.060547
0 0.351562 0.066406 0.09668 0.055664
0 0.068359 0.030273 0.074219 0.060547
0 0.12207 0.112305 0.105469 0.044922
0 0.131836 0.148438 0.076172 0.049805
0 0.430664 0.28418 0.102539 0.079102
0 0.342773 0.389648 0.066406 0.06543
0 0.307617 0.436523 0.164062 0.110352
0 0.428711 0.453125 0.145508 0.084961
0 0.555664 0.484375 0.098633 0.104492
0 0.651367 0.450195 0.078125 0.077148
0 0.72168 0.518555 0.073242 0.047852
0 0.696289 0.557617 0.138672 0.085938
0 0.818359 0.507812 0.063477 0.063477
0 0.916016 0.555664 0.072266 0.068359
0 0.972656 0.060547 0.053711 0.070312
0 0.585938 0.336914 0.108398 0.134766
0 0.362305 0.542969 0.055664 0.071289
0 0.152344 0.503906 0.103516 0.072266
0 0.151367 0.439453 0.111328 0.076172
0 0.064453 0.384766 0.079102 0.078125
0 0.605469 0.635742 0.052734 0.071289
0 0.769531 0.646484 0.044922 0.053711
0 0.81543 0.615234 0.047852 0.043945
0 0.866211 0.618164 0.060547 0.040039
0 0.918945 0.65332 0.063477 0.047852
0 0.626953 0.74707 0.110352 0.086914
0 0.825195 0.827148 0.061523 0.108398
0 0.952148 0.860352 0.073242 0.051758
0 0.884766 0.911133 0.048828 0.05957
0 0.674805 0.966797 0.117188 0.06543
0 0.624023 0.896484 0.085938 0.050781
0 0.650391 0.830078 0.076172 0.0625
0 0.500977 0.831055 0.084961 0.110352
0 0.536133 0.915039 0.06543 0.044922
0 0.568359 0.974609 0.086914 0.050781
0 0.464844 0.979492 0.083984 0.040039
0 0.104492 0.849609 0.080078 0.057617
0 0.045898 0.823242 0.057617 0.080078
0 0.175781 0.867188 0.047852 0.046875
0 0.078125 0.96875 0.052734 0.0625
0 0.03418 0.928711 0.068359 0.056641
0 0.168945 0.912109 0.083984 0.049805
0 0.023438 0.181641 0.047852 0.041016
0 0.418945 0.115234 0.048828 0.051758
0 0.264648 0.575195 0.06543 0.045898
0 0.458008 0.630859 0.048828 0.048828
0 0.438477 0.530273 0.064453 0.042969
0 0.262695 0.509766 0.047852 0.042969
0 0.452148 0.927734 0.040039 0.029297
0 0.602539 0.0625 0.052734 0.052734
0 0.614258 0.518555 0.053711 0.046875
