0 0.979492 0.267578 0.040039 0.082031
0 0.969727 0.078125 0.05957 0.136719
0 0.90332 0.114258 0.061523 0.114258
0 0.774414 0.025391 0.089844 0.050781
0 0.75293 0.029297 0.045898 0.05957
0 0.5625 0.017578 0.066406 0.035156
0 0.5 0.02832 0.09668 0.057617
0 0.600586 0.137695 0.070312 0.081055
0 0.731445 0.25 0.068359 0.094727
0 0.754883 0.367188 0.074219 0.071289
0 0.893555 0.378906 0.05957 0.100586
0 0.900391 0.47168 0.087891 0.067383
0 0.93457 0.633789 0.080078 0.080078
0 0.808594 0.5625 0.099609 0.063477
0 0.796875 0.458984 0.068359 0.067383
0 0.714844 0.527344 0.058594 0.0625
0 0.648438 0.424805 0.09375 0.094727
0 0.482422 0.356445 0.091797 0.057617
0 0.561523 0.308594 0.050781 0.06543
0 0.645508 0.307617 0.111328 0.100586
0 0.431641 0.170898 0.071289 0.102539
0 0.349609 0.201172 0.080078 0.066406
0 0.317383 0.112305 0.085938 0.063477
0 0.598633 0.557617 0.064453 0.06543
0 0.800781 0.672852 0.102539 0.074219
0 0.974609 0.733398 0.050781 0.052734
0 0.967773 0.860352 0.061523 0.063477
0 0.787109 0.979492 0.12207 0.041016
0 0.862305 0.862305 0.076172 0.084961
0 0.591797 0.975586 0.069336 0.047852
0 0.365234 0.966797 0.097656 0.06543
0 0.140625 0.975586 0.081055 0.047852
0 0.041992 0.925781 0.083984 0.081055
0 0.200195 0.857422 0.108398 0.078125
0 0.238281 0.626953 0.09375 0.066406
0 0.250977 0.673828 0.129883 0.071289
0 0.186523 0.432617 0.098633 0.079102
0 0.300781 0.370117 0.056641 0.069336
0 0.331055 0.337891 0.075195 0.073242
0 0.125 0.121094 0.083008 0.083984
0 0.158203 0.259766 0.060547 0.055664
0 0.058594 0.306641 0.06543 0.06543
0 0.050781 0.633789 0.053711 0.048828
0 0.113281 0.583984 0.054688 0.052734
0 0.186523 0.552734 0.044922 0.037109
0 0.139648 0.873047 0.0625 0.041016
0 0.140625 0.02832 0.081055 0.057617
0 0.479492 0.551758 0.09668 0.076172
0 0.460938 0.064453 0.073242 0.057617
0 0.775391 0.94043 0.064453 0.054688
