0 0.948242 0.083008 0.102539 0.102539
0 0.600586 0.107422 0.092773 0.182617
0 0.796875 0.530273 0.150391 0.083008
0 0.328125 0.962891 0.097656 0.073242
0 0.709961 0.728516 0.137695 0.167969
0 0.189453 0.373047 0.099609 0.177734
0 0.669922 0.391602 0.147461 0.09082
0 0.092773 0.444336 0.083008 0.115234
0 0.354492 0.523438 0.125 0.152344
0 0.96582 0.922852 0.068359 0.077148
0 0.28418 0.78418 0.084961 0.069336
0 0.490234 0.262695 0.067383 0.157227
0 0.481445 0.665039 0.194336 0.12793
0 0.587891 0.614258 0.107422 0.075195
0 0.448242 0.850586 0.177734 0.123047
0 0.841797 0.888672 0.110352 0.075195
0 0.501953 0.966797 0.099609 0.06543
0 0.605469 0.802734 0.083008 0.057617
0 0.136719 0.18457 0.120117 0.214844
0 0.408203 0.084961 0.087891 0.080078
0 0.055664 0.920898 0.107422 0.132812
0 0.916992 0.611328 0.070312 0.084961
0 0.740234 0.577148 0.083008 0.070312
0 0.865234 0.636719 0.083008 0.06543
0 0.833008 0.157227 0.077148 0.070312
0 0.060547 0.537109 0.117188 0.115234
0 0.4375 0.912109 0.102539 0.054688
0 0.295898 0.030273 0.082031 0.057617
0 0.060547 0.605469 0.087891 0.077148
0 0.494141 0.512695 0.080078 0.051758
0 0.066406 0.30957 0.110352 0.074219
0 0.836914 0.091797 0.075195 0.125
0 0.302734 0.417969 0.137695 0.102539
0 0.240234 0.885742 0.073242 0.123047
0 0.737305 0.676758 0.099609 0.054688
0 0.837891 0.035156 0.12207 0.067383
0 0.057617 0.055664 0.112305 0.107422
0 0.168945 0.05957 0.100586 0.115234
0 0.02832 0.774414 0.052734 0.070312
0 0.026367 0.68457 0.049805 0.050781
0 0.181641 0.905273 0.05957 0.086914
0 0.694336 0.460938 0.080078 0.072266
0 0.480469 0.859375 0.132812 0.075195
0 0.126953 0.979492 0.070312 0.040039
0 0.100586 0.045898 0.064453 0.075195
0 0.279297 0.083984 0.070312 0.15918
0 0.411133 0.032227 0.052734 0.060547
0 0.494141 0.030273 0.06543 0.057617
0 0.773438 0.299805 0.049805 0.105469
0 0.919922 0.193359 0.080078 0.113281
0 0.697266 0.087891 0.048828 0.088867
0 0.753906 0.030273 0.052734 0.060547
0 0.236328 0.051758 0.05957 0.099609
0 0.366211 0.439453 0.049805 0.089844
0 0.623047 0.731445 0.0625 0.05957
0 0.387695 0.868164 0.051758 0.097656
