0 0.685547 0.303711 0.069336 0.080078
0 0.24707 0.421875 0.067383 0.072266
0 0.59082 0.057617 0.070312 0.075195
0 0.782227 0.435547 0.051758 0.086914
0 0.089844 0.777344 0.076172 0.076172
0 0.744141 0.469727 0.077148 0.083984
0 0.280273 0.958984 0.061523 0.078125
0 0.338867 0.044922 0.069336 0.067383
0 0.306641 0.345703 0.078125 0.063477
0 0.388672 0.708984 0.087891 0.049805
0 0.525391 0.036133 0.073242 0.063477
0 0.370117 0.097656 0.073242 0.060547
0 0.945312 0.28418 0.102539 0.054688
0 0.259766 0.18457 0.110352 0.044922
0 0.609375 0.527344 0.027344 0.073242
0 0.006836 0.321289 0.014648 0.073242
0 0.09082 0.686523 0.133789 0.053711
0 0.260742 0.286133 0.058594 0.079102
0 0.583008 0.769531 0.069336 0.040039
0 0.03125 0.121094 0.0625 0.038086
0 0.845703 0.074219 0.061523 0.064453
0 0.519531 0.742188 0.060547 0.038086
0 0.43457 0.817383 0.058594 0.027344
0 0.140625 0.504883 0.050781 0.041992
0 0.688477 0.386719 0.040039 0.089844
0 0.963867 0.550781 0.063477 0.045898
0 0.526367 0.389648 0.091797 0.064453
0 0.961914 0.391602 0.064453 0.029297
0 0.983398 0.414062 0.02832 0.085938
0 0.324219 0.526367 0.063477 0.041992
0 0.458984 0.488281 0.033203 0.056641
0 0.87207 0.022461 0.042969 0.044922
0 0.350586 0.630859 0.0625 0.074219
0 0.636719 0.484375 0.042969 0.026367
0 0.337891 0.408203 0.024414 0.082031
0 0.917969 0.056641 0.041992 0.077148
0 0.121094 0.013672 0.038086 0.026367
0 0.810547 0.523438 0.087891 0.042969
0 0.921875 0.242188 0.042969 0.056641
0 0.324219 0.516602 0.060547 0.040039
0 0.262695 0.102539 0.060547 0.038086
0 0.345703 0.408203 0.026367 0.078125
0 0.519531 0.530273 0.051758 0.060547
0 0.966797 0.510742 0.060547 0.043945
0 0.936328 0.424609 0.073828 0.049902
0 0.129883 0.540039 0.081055 0.045898
0 0.983398 0.125977 0.032227 0.054688
0 0.984375 0.044922 0.03125 0.081055
0 0.886719 0.069336 0.023438 0.049805
0 0.387695 0.981445 0.143555 0.037109
