0 0.380859 0.05957 0.070312 0.084961
0 0.50293 0.064453 0.082031 0.071289
0 0.128906 0.145508 0.124023 0.098633
0 0.097656 0.181641 0.050781 0.050781
0 0.197266 0.198242 0.073242 0.045898
0 0.160156 0.285156 0.06543 0.047852
0 0.102539 0.314453 0.069336 0.052734
0 0.041992 0.336914 0.083984 0.055664
0 0.414062 0.246094 0.056641 0.047852
0 0.47168 0.228516 0.070312 0.05957
0 0.498047 0.297852 0.076172 0.076172
0 0.579102 0.25 0.066406 0.121094
0 0.589844 0.327148 0.048828 0.052734
0 0.645508 0.28418 0.102539 0.060547
0 0.69043 0.238281 0.053711 0.060547
0 0.805664 0.267578 0.063477 0.054688
0 0.873047 0.204102 0.067383 0.056641
0 0.919922 0.202148 0.077148 0.061523
0 0.96875 0.240234 0.0625 0.131836
0 0.986328 0.154297 0.026367 0.054688
0 0.798828 0.095703 0.058594 0.054688
0 0.841797 0.067383 0.050781 0.051758
0 0.743164 0.154297 0.066406 0.060547
0 0.526367 0.128906 0.071289 0.046875
0 0.466797 0.138672 0.050781 0.047852
0 0.882812 0.385742 0.109375 0.071289
0 0.759766 0.398438 0.150391 0.053711
0 0.97168 0.359375 0.055664 0.048828
0 0.977539 0.442383 0.044922 0.071289
0 0.182617 0.474609 0.054688 0.077148
0 0.032227 0.570312 0.064453 0.045898
0 0.121094 0.592773 0.141602 0.097656
0 0.233398 0.561523 0.081055 0.048828
0 0.382812 0.53418 0.089844 0.060547
0 0.478516 0.55957 0.063477 0.053711
0 0.506836 0.504883 0.060547 0.078125
0 0.59082 0.522461 0.066406 0.067383
0 0.435547 0.426758 0.106445 0.056641
0 0.610352 0.399414 0.060547 0.053711
0 0.439453 0.351562 0.085938 0.052734
0 0.308594 0.353516 0.081055 0.060547
0 0.412109 0.604492 0.079102 0.076172
0 0.555664 0.605469 0.083984 0.095703
0 0.780273 0.597656 0.124023 0.064453
0 0.888672 0.575195 0.040039 0.036133
0 0.993164 0.583984 0.012695 0.055664
0 0.5 0.774414 0.086914 0.157227
0 0.524414 0.755859 0.058594 0.083008
0 0.652344 0.768555 0.043945 0.091797
0 0.707031 0.745117 0.057617 0.12793
0 0.824219 0.782227 0.043945 0.055664
0 0.783203 0.760742 0.043945 0.069336
0 0.735352 0.814453 0.068359 0.069336
0 0.730469 0.914062 0.058594 0.085938
0 0.827148 0.910156 0.066406 0.098633
0 0.280273 0.701172 0.066406 0.12793
0 0.349609 0.821289 0.073242 0.072266
0 0.213867 0.919922 0.057617 0.134766
0 0.361328 0.950195 0.077148 0.098633
0 0.268555 0.947266 0.076172 0.050781
0 0.296875 0.974609 0.048828 0.050781
0 0.054688 0.912109 0.073242 0.043945
0 0.092773 0.962891 0.131836 0.073242
0 0.52832 0.975586 0.092773 0.048828
0 0.660156 0.986328 0.086914 0.026367
0 0.964844 0.766602 0.056641 0.047852
0 0.818359 0.444336 0.094727 0.054688
0 0.801758 0.69043 0.072266 0.045898
0 0.402344 0.734375 0.053711 0.046875
0 0.463867 0.69043 0.054688 0.0625
0 0.411133 0.833008 0.046875 0.049805
0 0.110352 0.439453 0.055664 0.067383
0 0.025391 0.981445 0.051758 0.037109
0 0.260742 0.044922 0.039062 0.079102
0 0.263672 0.357422 0.041992 0.044922
0 0.512695 0.416992 0.048828 0.042969
0 0.368164 0.496094 0.070312 0.042969
0 0.262695 0.59082 0.060547 0.045898
0 0.105469 0.652344 0.03418 0.033203
0 0.310547 0.733398 0.060547 0.088867
0 0.491211 0.905273 0.046875 0.083984
0 0.076172 0.108398 0.075195 0.046875
0 0.076172 0.30957 0.047852 0.060547
0 0.950195 0.107422 0.027344 0.030273
0 0.938477 0.249023 0.074219 0.040039
0 0.848633 0.300781 0.060547 0.045898
0 0.967773 0.500977 0.048828 0.044922
0 0.162109 0.505859 0.054688 0.054688
0 0.505859 0.191406 0.051758 0.048828
0 0.924805 0.020508 0.05957 0.041016
0 0.023438 0.823242 0.047852 0.045898
0 0.783203 0.490234 0.066406 0.038086
0 0.700195 0.321289 0.051758 0.077148
