0 0.060547 0.408203 0.094727 0.115234
0 0.311523 0.360352 0.088867 0.107422
0 0.303711 0.458008 0.063477 0.075195
0 0.233398 0.513672 0.072266 0.102539
0 0.170898 0.601562 0.075195 0.050781
0 0.416992 0.735352 0.076172 0.068359
0 0.052734 0.919922 0.061523 0.103516
0 0.109375 0.861328 0.070312 0.061523
0 0.299805 0.878906 0.113281 0.09082
0 0.479492 0.894531 0.108398 0.075195
0 0.546875 0.819336 0.076172 0.072266
0 0.401367 0.947266 0.077148 0.055664
0 0.326172 0.788086 0.067383 0.052734
0 0.074219 0.708008 0.113281 0.103516
0 0.826172 0.978516 0.053711 0.042969
0 0.728516 0.884766 0.073242 0.101562
0 0.558594 0.694336 0.0625 0.063477
0 0.65332 0.697266 0.057617 0.056641
0 0.571289 0.625 0.077148 0.070312
0 0.783203 0.667969 0.064453 0.066406
0 0.661133 0.551758 0.068359 0.069336
0 0.426758 0.420898 0.097656 0.109375
0 0.481445 0.391602 0.098633 0.112305
0 0.510742 0.511719 0.053711 0.056641
0 0.619141 0.479492 0.074219 0.063477
0 0.774414 0.529297 0.056641 0.116211
0 0.853516 0.477539 0.0625 0.086914
0 0.84082 0.328125 0.125 0.107422
0 0.900391 0.720703 0.060547 0.066406
0 0.925781 0.611328 0.145508 0.073242
0 0.972656 0.680664 0.054688 0.057617
0 0.978516 0.750977 0.042969 0.05957
0 0.029297 0.586914 0.058594 0.060547
0 0.407227 0.470703 0.056641 0.054688
0 0.524414 0.603516 0.055664 0.069336
0 0.763672 0.853516 0.075195 0.074219
0 0.738281 0.505859 0.064453 0.070312
0 0.208984 0.4375 0.084961 0.086914
0 0.182617 0.385742 0.095703 0.063477
0 0.874023 0.49707 0.049805 0.047852
0 0.459961 0.489258 0.064453 0.058594
0 0.708984 0.476562 0.047852 0.048828
0 0.688477 0.443359 0.067383 0.06543
0 0.664062 0.449219 0.044922 0.0625
0 0.807617 0.337891 0.052734 0.097656
0 0.984375 0.527344 0.029297 0.087891
0 0.922852 0.564453 0.068359 0.050781
0 0.988281 0.885742 0.022461 0.044922
0 0.966797 0.980469 0.064453 0.039062
0 0.299805 0.753906 0.098633 0.092773
0 0.121094 0.595703 0.097656 0.040039
0 0.663086 0.989258 0.046875 0.020508
0 0.09082 0.512695 0.068359 0.033203
0 0.077148 0.480469 0.072266 0.039062
0 0.036133 0.473633 0.043945 0.0625
0 0.484375 0.563477 0.078125 0.083008
0 0.723633 0.696289 0.079102 0.076172
