0 0.457031 0.606445 0.115234 0.05957
0 0.790039 0.873047 0.115234 0.064453
0 0.665039 0.063477 0.083984 0.052734
0 0.944336 0.03418 0.106445 0.066406
0 0.549805 0.386719 0.040039 0.083984
0 0.793945 0.231445 0.144531 0.091797
0 0.512695 0.084961 0.086914 0.079102
0 0.959961 0.420898 0.079102 0.057617
0 0.426758 0.678711 0.097656 0.043945
0 0.105469 0.472656 0.121094 0.053711
0 0.973633 0.822266 0.052734 0.045898
0 0.873047 0.114258 0.064453 0.088867
0 0.694336 0.143555 0.142578 0.056641
0 0.972656 0.967773 0.053711 0.050781
0 0.255859 0.03418 0.091797 0.049805
0 0.435547 0.110352 0.116211 0.080078
0 0.796875 0.066406 0.09668 0.066406
0 0.236328 0.978516 0.09668 0.036133
0 0.285156 0.511719 0.081055 0.045898
0 0.755859 0.771484 0.100586 0.046875
0 0.947266 0.174805 0.104492 0.048828
0 0.111328 0.845703 0.144531 0.054688
0 0.361328 0.756836 0.166992 0.058594
0 0.067383 0.900391 0.125 0.040039
0 0.875 0.40625 0.076172 0.051758
0 0.969727 0.260742 0.060547 0.036133
0 0.373047 0.040039 0.166016 0.041992
0 0.610352 0.967773 0.105469 0.064453
0 0.634766 0.701172 0.102539 0.080078
0 0.535156 0.673828 0.134766 0.075195
0 0.988281 0.367188 0.023438 0.072266
0 0.65625 0.44043 0.098633 0.037109
0 0.740234 0.396484 0.106445 0.047852
0 0.504883 0.022461 0.064453 0.043945
0 0.064453 0.963867 0.128906 0.042969
0 0.113281 0.069336 0.126953 0.068359
0 0.777344 0.438477 0.078125 0.038086
0 0.422852 0.71875 0.104492 0.040039
0 0.235352 0.916016 0.131836 0.033203
0 0.024414 0.984375 0.049805 0.024414
0 0.746094 0.957031 0.134766 0.035156
0 0.761719 0.019531 0.070312 0.039062
0 0.950195 0.675781 0.09375 0.039062
0 0.643555 0.303711 0.074219 0.058594
0 0.753906 0.375 0.080078 0.039062
0 0.969727 0.131836 0.060547 0.037109
0 0.179688 0.793945 0.113281 0.033203
0 0.500977 0.924805 0.130859 0.039062
0 0.322266 0.121094 0.106445 0.045898
0 0.361328 0.94043 0.136719 0.039062
0 0.041016 0.058594 0.081055 0.05957
0 0.088867 0.183594 0.105469 0.032227
0 0.660156 0.330078 0.083984 0.057617
0 0.017578 0.019531 0.035156 0.039062
0 0.068359 0.299805 0.137695 0.054688
0 0.228516 0.738281 0.078125 0.027344
0 0.154297 0.370117 0.094727 0.044922
0 0.868164 0.729492 0.206055 0.089844
0 0.751953 0.352539 0.06543 0.024414
0 0.374023 0.974609 0.101562 0.032227
0 0.234375 0.391602 0.167969 0.066406
0 0.068359 0.150391 0.114258 0.040039
0 0.112305 0.079102 0.112305 0.079102
0 0.757812 0.644531 0.139648 0.069336
0 0.774414 0.666992 0.078125 0.056641
0 0.758789 0.691406 0.099609 0.049805
0 0.342773 0.985352 0.145508 0.029297
