0 0.203125 0.915039 0.094727 0.086914
0 0.057617 0.732422 0.115234 0.070312
0 0.28125 0.801758 0.070312 0.086914
0 0.084961 0.654297 0.083008 0.056641
0 0.014648 0.522461 0.029297 0.056641
0 0.036133 0.569336 0.072266 0.054688
0 0.178711 0.50293 0.071289 0.102539
0 0.391602 0.522461 0.12793 0.060547
0 0.511719 0.493164 0.051758 0.12207
0 0.558594 0.516602 0.056641 0.068359
0 0.474609 0.472656 0.056641 0.071289
0 0.490234 0.589844 0.134766 0.067383
0 0.439453 0.71582 0.052734 0.129883
0 0.486328 0.681641 0.066406 0.056641
0 0.501953 0.739258 0.075195 0.0625
0 0.629883 0.688477 0.083008 0.102539
0 0.664062 0.780273 0.063477 0.070312
0 0.640625 0.837891 0.06543 0.055664
0 0.68457 0.895508 0.088867 0.069336
0 0.638672 0.487305 0.094727 0.083008
0 0.756836 0.505859 0.092773 0.064453
0 0.220703 0.306641 0.09668 0.070312
0 0.202148 0.104492 0.067383 0.082031
0 0.411133 0.25 0.124023 0.171875
0 0.577148 0.188477 0.0625 0.088867
0 0.567383 0.043945 0.111328 0.087891
0 0.65625 0.115234 0.073242 0.100586
0 0.68457 0.039062 0.05957 0.05957
0 0.869141 0.201172 0.084961 0.117188
0 0.889648 0.266602 0.1875 0.108398
0 0.942383 0.035156 0.053711 0.071289
0 0.40918 0.65918 0.074219 0.091797
0 0.442383 0.032227 0.040039 0.064453
