0 0.208984 0.155273 0.149414 0.09668
0 0.104492 0.857422 0.107422 0.132812
0 0.404297 0.134766 0.110352 0.070312
0 0.045898 0.633789 0.091797 0.165039
0 0.185547 0.262695 0.117188 0.112305
0 0.726562 0.332031 0.110352 0.057617
0 0.639648 0.271484 0.070312 0.075195
0 0.025391 0.237305 0.050781 0.099609
0 0.52832 0.272461 0.144531 0.060547
0 0.398438 0.90918 0.087891 0.089844
0 0.052734 0.119141 0.077148 0.06543
0 0.121094 0.40918 0.097656 0.080078
0 0.663086 0.054688 0.120117 0.070312
0 0.069336 0.327148 0.075195 0.095703
0 0.415039 0.515625 0.157227 0.132812
0 0.623047 0.916992 0.066406 0.070312
0 0.907227 0.224609 0.125 0.099609
0 0.922852 0.696289 0.132812 0.069336
0 0.578125 0.101562 0.162109 0.06543
0 0.240234 0.508789 0.057617 0.075195
0 0.873047 0.021484 0.087891 0.043945
0 0.617188 0.586914 0.125 0.137695
0 0.217773 0.583984 0.12207 0.05957
0 0.554688 0.019531 0.150391 0.039062
0 0.545898 0.385742 0.167969 0.102539
0 0.371094 0.000977 0.132812 0.001953
0 0.414062 0.394531 0.100586 0.070312
0 0.731445 0.836914 0.100586 0.054688
0 0.422852 0.320312 0.073242 0.051758
0 0.162109 0.490234 0.095703 0.086914
0 0.939453 0.152344 0.089844 0.102539
0 0.526367 0.574219 0.104492 0.139648
0 0.376953 0.436523 0.165039 0.09082
0 0.199219 0.62207 0.089844 0.0625
0 0.15332 0.533203 0.123047 0.067383
0 0.729492 0.016602 0.089844 0.03418
0 0.949219 0.321289 0.100586 0.124023
0 0.891602 0.952148 0.120117 0.095703
0 0.951172 0.585938 0.097656 0.082031
0 0.675781 0.119141 0.0625 0.049805
0 0.28125 0.973633 0.089844 0.052734
0 0.030273 0.942383 0.057617 0.085938
0 0.12793 0.260742 0.038086 0.056641
0 0.030273 0.680664 0.041992 0.137695
0 0.555664 0.550781 0.107422 0.113281
0 0.586914 0.400391 0.105469 0.083008
