0 0.68457 0.301758 0.140625 0.139648
0 0.166016 0.730469 0.143555 0.067383
0 0.041992 0.342773 0.083984 0.128906
0 0.129883 0.904297 0.076172 0.103516
0 0.548828 0.046875 0.076172 0.09082
0 0.943359 0.44043 0.112305 0.083008
0 0.948242 0.296875 0.102539 0.094727
0 0.829102 0.768555 0.104492 0.091797
0 0.772461 0.848633 0.147461 0.110352
0 0.87793 0.946289 0.163086 0.079102
0 0.538086 0.243164 0.083984 0.083008
0 0.19043 0.50293 0.094727 0.145508
0 0.116211 0.65332 0.107422 0.091797
0 0.826172 0.225586 0.141602 0.087891
0 0.712891 0.626953 0.084961 0.053711
0 0.924805 0.213867 0.150391 0.091797
0 0.036133 0.173828 0.069336 0.109375
0 0.099609 0.049805 0.081055 0.09375
0 0.052734 0.600586 0.086914 0.077148
0 0.219727 0.564453 0.125 0.089844
0 0.230469 0.037109 0.086914 0.070312
