0 0.716797 0.174805 0.091797 0.087891
0 0.630859 0.212891 0.085938 0.063477
0 0.769531 0.291992 0.119141 0.080078
0 0.776367 0.222656 0.071289 0.061523
0 0.908203 0.254883 0.088867 0.072266
0 0.962891 0.368164 0.073242 0.080078
0 0.772461 0.390625 0.09668 0.069336
0 0.870117 0.473633 0.078125 0.075195
0 0.931641 0.532227 0.082031 0.088867
0 0.743164 0.477539 0.095703 0.085938
0 0.648438 0.421875 0.09668 0.102539
0 0.448242 0.5 0.095703 0.064453
0 0.30957 0.386719 0.042969 0.064453
0 0.114258 0.142578 0.099609 0.133789
0 0.061523 0.021484 0.086914 0.042969
0 0.019531 0.155273 0.040039 0.077148
0 0.18457 0.555664 0.079102 0.076172
0 0.337891 0.557617 0.105469 0.092773
0 0.165039 0.749023 0.089844 0.070312
0 0.055664 0.678711 0.071289 0.064453
0 0.044922 0.766602 0.089844 0.072266
0 0.553711 0.611328 0.101562 0.068359
0 0.566406 0.713867 0.09668 0.0625
0 0.660156 0.716797 0.087891 0.070312
0 0.722656 0.628906 0.06543 0.054688
0 0.734375 0.667969 0.055664 0.042969
0 0.804688 0.640625 0.076172 0.0625
0 0.709961 0.869141 0.102539 0.063477
0 0.714844 0.970703 0.105469 0.057617
0 0.827148 0.810547 0.087891 0.050781
0 0.84082 0.769531 0.084961 0.06543
0 0.964844 0.896484 0.069336 0.073242
0 0.47168 0.786133 0.077148 0.056641
0 0.472656 0.848633 0.070312 0.073242
0 0.380859 0.898438 0.075195 0.063477
0 0.34082 0.865234 0.083008 0.069336
0 0.591797 0.890625 0.084961 0.054688
0 0.490234 0.967773 0.0625 0.063477
0 0.612305 0.966797 0.076172 0.066406
0 0.196289 0.893555 0.071289 0.058594
0 0.21875 0.96875 0.061523 0.0625
0 0.074219 0.977539 0.068359 0.044922
0 0.469727 0.723633 0.067383 0.054688
0 0.357422 0.675781 0.069336 0.058594
0 0.537109 0.914062 0.080078 0.041016
0 0.256836 0.385742 0.087891 0.074219
0 0.695312 0.535156 0.063477 0.083984
0 0.753906 0.363281 0.076172 0.068359
0 0.082031 0.75293 0.061523 0.043945
