0 0.141602 0.046875 0.068359 0.076172
0 0.162109 0.214844 0.069336 0.095703
0 0.244141 0.426758 0.051758 0.068359
0 0.064453 0.510742 0.121094 0.054688
0 0.03125 0.651367 0.0625 0.051758
0 0.216797 0.620117 0.0625 0.069336
0 0.348633 0.558594 0.117188 0.069336
0 0.188477 0.710938 0.058594 0.077148
0 0.110352 0.791016 0.083008 0.047852
0 0.092773 0.883789 0.131836 0.069336
0 0.083008 0.953125 0.071289 0.081055
0 0.019531 0.976562 0.040039 0.046875
0 0.333984 0.989258 0.083008 0.021484
0 0.750977 0.958984 0.091797 0.082031
0 0.643555 0.953125 0.0625 0.048828
0 0.535156 0.993164 0.063477 0.012695
0 0.399414 0.892578 0.088867 0.106445
0 0.385742 0.956055 0.05957 0.063477
0 0.15625 0.951172 0.091797 0.070312
0 0.529297 0.875977 0.045898 0.089844
0 0.558594 0.90332 0.075195 0.073242
0 0.668945 0.857422 0.097656 0.083008
0 0.529297 0.689453 0.107422 0.072266
0 0.561523 0.748047 0.116211 0.064453
0 0.788086 0.775391 0.055664 0.055664
0 0.889648 0.78418 0.100586 0.073242
0 0.827148 0.854492 0.080078 0.108398
0 0.898438 0.886719 0.092773 0.078125
0 0.9375 0.987305 0.056641 0.025391
0 0.797852 0.609375 0.103516 0.079102
0 0.600586 0.537109 0.135742 0.085938
0 0.693359 0.499023 0.094727 0.077148
0 0.612305 0.479492 0.072266 0.041992
0 0.632812 0.416016 0.099609 0.072266
0 0.480469 0.418945 0.092773 0.074219
0 0.578125 0.273438 0.100586 0.09082
0 0.476562 0.250977 0.064453 0.068359
0 0.358398 0.243164 0.079102 0.0625
0 0.6875 0.268555 0.079102 0.110352
0 0.80957 0.313477 0.051758 0.079102
0 0.845703 0.295898 0.048828 0.054688
0 0.861328 0.385742 0.061523 0.100586
0 0.817383 0.423828 0.082031 0.068359
0 0.762695 0.44043 0.055664 0.049805
0 0.897461 0.43457 0.094727 0.073242
0 0.961914 0.387695 0.064453 0.081055
0 0.850586 0.098633 0.077148 0.151367
0 0.972656 0.036133 0.046875 0.073242
0 0.989258 0.058594 0.021484 0.117188
0 0.558594 0.341797 0.068359 0.053711
0 0.859375 0.353516 0.057617 0.044922
0 0.407227 0.547852 0.030273 0.0625
0 0.009766 0.904297 0.019531 0.09668
