0 0.228516 0.983398 0.133789 0.033203
0 0.402344 0.97168 0.121094 0.055664
0 0.290039 0.916016 0.12793 0.060547
0 0.336914 0.833008 0.084961 0.052734
0 0.441406 0.896484 0.077148 0.076172
0 0.52832 0.823242 0.106445 0.083008
0 0.057617 0.911133 0.055664 0.06543
0 0.139648 0.75293 0.087891 0.106445
0 0.033203 0.688477 0.066406 0.111328
0 0.050781 0.399414 0.091797 0.067383
0 0.329102 0.496094 0.196289 0.075195
0 0.472656 0.488281 0.077148 0.083984
0 0.500977 0.705078 0.118164 0.085938
0 0.40625 0.744141 0.041992 0.0625
0 0.257812 0.375977 0.075195 0.084961
0 0.304688 0.320312 0.072266 0.046875
0 0.452148 0.322266 0.15918 0.119141
0 0.227539 0.208008 0.154297 0.077148
0 0.228516 0.15918 0.09082 0.063477
0 0.332031 0.141602 0.05957 0.079102
0 0.092773 0.25293 0.081055 0.152344
0 0.053711 0.092773 0.107422 0.113281
0 0.538086 0.219727 0.0625 0.049805
0 0.59668 0.049805 0.061523 0.099609
0 0.493164 0.025391 0.051758 0.050781
0 0.724609 0.113281 0.060547 0.172852
0 0.854492 0.05957 0.165039 0.082031
0 0.674805 0.051758 0.048828 0.094727
0 0.654297 0.232422 0.12207 0.050781
0 0.645508 0.285156 0.078125 0.083008
0 0.751953 0.306641 0.069336 0.080078
0 0.842773 0.353516 0.056641 0.109375
0 0.939453 0.317383 0.072266 0.12207
0 0.732422 0.4375 0.081055 0.121094
0 0.615234 0.507812 0.105469 0.177734
0 0.78418 0.589844 0.132812 0.079102
0 0.864258 0.481445 0.06543 0.134766
0 0.970703 0.141602 0.057617 0.09668
0 0.641602 0.736328 0.142578 0.051758
0 0.62207 0.819336 0.06543 0.103516
0 0.873047 0.814453 0.141602 0.100586
0 0.788086 0.895508 0.125 0.06543
0 0.876953 0.938477 0.068359 0.070312
0 0.617188 0.985352 0.087891 0.02832
0 0.959961 0.722656 0.0625 0.056641
0 0.951172 0.633789 0.040039 0.048828
0 0.959961 0.515625 0.067383 0.111328
