0 0.341797 0.015625 0.05957 0.03125
0 0.19043 0.15918 0.080078 0.060547
0 0.260742 0.211914 0.056641 0.06543
0 0.756836 0.0625 0.0625 0.073242
0 0.610352 0.22168 0.117188 0.086914
0 0.790039 0.271484 0.069336 0.09082
0 0.542969 0.37793 0.072266 0.069336
0 0.711914 0.383789 0.083984 0.077148
0 0.27832 0.37207 0.128906 0.056641
0 0.037109 0.351562 0.075195 0.050781
0 0.173828 0.388672 0.082031 0.075195
0 0.079102 0.439453 0.079102 0.071289
0 0.182617 0.46875 0.061523 0.042969
0 0.148438 0.516602 0.072266 0.054688
0 0.189453 0.588867 0.073242 0.107422
0 0.041016 0.515625 0.076172 0.077148
0 0.027344 0.650391 0.044922 0.089844
0 0.405273 0.566406 0.079102 0.066406
0 0.392578 0.753906 0.056641 0.077148
0 0.300781 0.797852 0.049805 0.071289
0 0.257812 0.804688 0.045898 0.051758
0 0.176758 0.814453 0.05957 0.055664
0 0.114258 0.861328 0.074219 0.061523
0 0.052734 0.806641 0.080078 0.077148
0 0.594727 0.601562 0.060547 0.06543
0 0.698242 0.520508 0.0625 0.054688
0 0.720703 0.554688 0.048828 0.050781
0 0.802734 0.566406 0.063477 0.055664
0 0.788086 0.489258 0.076172 0.055664
0 0.669922 0.833984 0.054688 0.088867
0 0.587891 0.901367 0.092773 0.132812
0 0.467773 0.94043 0.057617 0.119141
0 0.381836 0.969727 0.05957 0.045898
0 0.392578 0.887695 0.043945 0.085938
0 0.277344 0.882812 0.085938 0.095703
0 0.09082 0.928711 0.061523 0.076172
0 0.216797 0.962891 0.067383 0.073242
0 0.018555 0.928711 0.038086 0.052734
0 0.022461 0.978516 0.044922 0.032227
0 0.737305 0.938477 0.063477 0.082031
0 0.833984 0.873047 0.070312 0.048828
0 0.884766 0.835938 0.060547 0.103516
0 0.852539 0.726562 0.088867 0.091797
0 0.870117 0.519531 0.09668 0.064453
0 0.918945 0.443359 0.107422 0.049805
0 0.96875 0.498047 0.061523 0.070312
0 0.977539 0.792969 0.043945 0.136719
0 0.866211 0.953125 0.118164 0.089844
0 0.945312 0.380859 0.081055 0.063477
0 0.931641 0.25293 0.064453 0.077148
0 0.973633 0.026367 0.052734 0.052734
