0 0.118164 0.079102 0.092773 0.075195
0 0.242188 0.088867 0.094727 0.066406
0 0.539062 0.09375 0.088867 0.070312
0 0.709961 0.108398 0.09082 0.049805
0 0.662109 0.160156 0.128906 0.09082
0 0.783203 0.188477 0.082031 0.102539
0 0.858398 0.041992 0.100586 0.083984
0 0.974609 0.041016 0.050781 0.082031
0 0.985352 0.217773 0.029297 0.078125
0 0.358398 0.256836 0.081055 0.069336
0 0.259766 0.280273 0.071289 0.066406
0 0.050781 0.267578 0.073242 0.082031
0 0.047852 0.359375 0.067383 0.083008
0 0.207031 0.363281 0.107422 0.09082
0 0.157227 0.464844 0.075195 0.073242
0 0.316406 0.446289 0.081055 0.075195
0 0.303711 0.53125 0.079102 0.077148
0 0.447266 0.560547 0.091797 0.088867
0 0.459961 0.442383 0.079102 0.079102
0 0.560547 0.526367 0.088867 0.05957
0 0.651367 0.500977 0.083984 0.09668
0 0.746094 0.462891 0.071289 0.103516
0 0.833984 0.645508 0.100586 0.080078
0 0.693359 0.729492 0.104492 0.098633
0 0.604492 0.806641 0.069336 0.077148
0 0.338867 0.869141 0.109375 0.075195
0 0.313477 0.745117 0.079102 0.073242
0 0.142578 0.643555 0.101562 0.076172
0 0.168945 0.805664 0.076172 0.079102
0 0.21875 0.912109 0.099609 0.084961
0 0.421875 0.923828 0.069336 0.061523
0 0.601562 0.898438 0.068359 0.066406
0 0.703125 0.837891 0.083984 0.073242
0 0.878906 0.801758 0.086914 0.091797
0 0.854492 0.928711 0.09668 0.095703
0 0.992188 0.99707 0.015625 0.004883
0 0.81543 0.800781 0.084961 0.06543
0 0.816406 0.099609 0.056641 0.0625
