0 0.704102 0.349609 0.070312 0.077148
0 0.667969 0.722656 0.061523 0.073242
0 0.255859 0.301758 0.073242 0.075195
0 0.438477 0.075195 0.046875 0.113281
0 0.827148 0.422852 0.054688 0.074219
0 0.398438 0.591797 0.066406 0.071289
0 0.155273 0.155273 0.066406 0.073242
0 0.195312 0.265625 0.073242 0.106445
0 0.082031 0.225586 0.053711 0.081055
0 0.276367 0.123047 0.048828 0.075195
0 0.084961 0.067383 0.071289 0.043945
0 0.149414 0.927734 0.042969 0.079102
0 0.922852 0.841797 0.026367 0.077148
0 0.833008 0.856445 0.037109 0.080078
0 0.389648 0.852539 0.038086 0.077148
0 0.899414 0.321289 0.061523 0.120117
0 0.040039 0.269531 0.040039 0.069336
0 0.951172 0.491211 0.046875 0.079102
0 0.583008 0.77832 0.045898 0.066406
0 0.40625 0.09082 0.05957 0.0625
0 0.726562 0.509766 0.040039 0.09375
0 0.52832 0.530273 0.12793 0.066406
0 0.183594 0.81543 0.100586 0.089844
0 0.106445 0.041016 0.05957 0.074219
0 0.262695 0.270508 0.041016 0.066406
0 0.452148 0.724609 0.083984 0.041016
0 0.570312 0.222656 0.036133 0.075195
0 0.146484 0.288086 0.033203 0.076172
0 0.230469 0.674805 0.057617 0.041016
0 0.584961 0.019531 0.037109 0.039062
0 0.039062 0.478516 0.049805 0.057617
0 0.853516 0.727539 0.054688 0.066406
0 0.93457 0.967773 0.039062 0.057617
0 0.785156 0.529297 0.051758 0.0625
0 0.954102 0.757812 0.035156 0.0625
0 0.34668 0.77832 0.053711 0.068359
0 0.572266 0.669922 0.045898 0.066406
0 0.3125 0.183594 0.047852 0.067383
0 0.154297 0.522461 0.05957 0.037109
0 0.706055 0.132812 0.073242 0.06543
0 0.332031 0.80957 0.051758 0.048828
0 0.645508 0.285156 0.033203 0.05957
0 0.926367 0.247168 0.044336 0.08291
0 0.541016 0.810547 0.053711 0.049805
0 0.784766 0.855762 0.066797 0.059277
0 0.46582 0.790039 0.054688 0.051758
0 0.361328 0.223633 0.03125 0.073242
0 0.509766 0.564453 0.045898 0.070312
0 0.318359 0.84668 0.029297 0.060547
0 0.069043 0.845703 0.054004 0.061523
0 0.314453 0.918945 0.043945 0.053711
0 0.62793 0.484375 0.046875 0.067383
0 0.241211 0.549805 0.047852 0.067383
0 0.620117 0.397461 0.048828 0.046875
0 0.793945 0.485352 0.029297 0.076172
0 0.152344 0.601562 0.048828 0.055664
0 0.643555 0.124023 0.02832 0.089844
0 0.860352 0.794922 0.046875 0.033203
0 0.0625 0.361328 0.041992 0.039062
0 0.798828 0.704102 0.03125 0.060547
0 0.217773 0.069336 0.054688 0.076172
0 0.379883 0.356445 0.067383 0.043945
0 0.805664 0.020508 0.025391 0.041016
0 0.850586 0.982422 0.036133 0.035156
0 0.477539 0.245117 0.048828 0.050781
0 0.110352 0.586914 0.060547 0.056641
0 0.987305 0.839844 0.024414 0.06543
0 0.977539 0.969727 0.044922 0.055664
0 0.09668 0.475586 0.073242 0.049805
0 0.328125 0.316406 0.040039 0.061523
0 0.730469 0.913086 0.036133 0.056641
0 0.285156 0.547852 0.035156 0.030273
0 0.446289 0.258789 0.047852 0.037109
0 0.97168 0.550781 0.055664 0.060547
