0 0.071289 0.145508 0.083008 0.079102
0 0.02832 0.207031 0.056641 0.06543
0 0.088867 0.294922 0.103516 0.087891
0 0.236328 0.196289 0.0625 0.067383
0 0.331055 0.241211 0.069336 0.072266
0 0.014648 0.507812 0.030273 0.09375
0 0.061523 0.59082 0.088867 0.116211
0 0.198242 0.577148 0.072266 0.131836
0 0.194336 0.441406 0.126953 0.123047
0 0.31543 0.399414 0.142578 0.147461
0 0.169922 0.888672 0.085938 0.09082
0 0.228516 0.729492 0.12793 0.114258
0 0.285156 0.954102 0.09082 0.083008
0 0.380859 0.623047 0.105469 0.137695
0 0.455078 0.560547 0.052734 0.073242
0 0.479492 0.648438 0.082031 0.109375
0 0.458984 0.503906 0.061523 0.092773
0 0.416992 0.414062 0.089844 0.09082
0 0.40918 0.202148 0.091797 0.072266
0 0.375 0.110352 0.076172 0.066406
0 0.390625 0.033203 0.088867 0.067383
0 0.537109 0.150391 0.074219 0.069336
0 0.652344 0.166992 0.072266 0.107422
0 0.743164 0.083984 0.095703 0.083008
0 0.581055 0.024414 0.070312 0.049805
0 0.964844 0.178711 0.053711 0.085938
0 0.818359 0.234375 0.069336 0.078125
0 0.742188 0.245117 0.078125 0.133789
0 0.725586 0.398438 0.110352 0.089844
0 0.849609 0.40918 0.09375 0.123047
0 0.983398 0.426758 0.032227 0.091797
0 0.979492 0.508789 0.041016 0.108398
0 0.954102 0.621094 0.09082 0.117188
0 0.790039 0.594727 0.066406 0.101562
0 0.822266 0.59375 0.092773 0.12207
0 0.720703 0.789062 0.082031 0.078125
