0 0.055664 0.236328 0.083984 0.12207
0 0.064453 0.451172 0.094727 0.066406
0 0.047852 0.515625 0.080078 0.048828
0 0.106445 0.577148 0.069336 0.050781
0 0.232422 0.650391 0.09668 0.092773
0 0.362305 0.615234 0.056641 0.080078
0 0.328125 0.521484 0.085938 0.082031
0 0.415039 0.485352 0.064453 0.072266
0 0.594727 0.44043 0.085938 0.146484
0 0.414062 0.432617 0.056641 0.05957
0 0.255859 0.489258 0.075195 0.064453
0 0.201172 0.435547 0.077148 0.068359
0 0.307617 0.360352 0.069336 0.072266
0 0.285156 0.189453 0.084961 0.108398
0 0.336914 0.274414 0.061523 0.105469
0 0.405273 0.243164 0.054688 0.121094
0 0.555664 0.280273 0.049805 0.085938
0 0.634766 0.104492 0.09082 0.080078
0 0.794922 0.033203 0.071289 0.063477
0 0.820312 0.191406 0.075195 0.099609
0 0.774414 0.359375 0.070312 0.078125
0 0.708984 0.428711 0.048828 0.060547
0 0.851562 0.417969 0.075195 0.070312
0 0.955078 0.335938 0.072266 0.064453
0 0.967773 0.253906 0.054688 0.05957
0 0.980469 0.209961 0.039062 0.048828
0 0.893555 0.016602 0.071289 0.033203
0 0.955078 0.038086 0.06543 0.077148
0 0.660156 0.759766 0.082031 0.053711
0 0.935547 0.702148 0.070312 0.126953
0 0.834961 0.883789 0.044922 0.069336
0 0.732422 0.851562 0.058594 0.060547
0 0.880859 0.835938 0.054688 0.043945
0 0.532227 0.876953 0.080078 0.071289
0 0.398438 0.785156 0.077148 0.087891
0 0.447266 0.876953 0.054688 0.078125
0 0.316406 0.898438 0.067383 0.084961
0 0.142578 0.685547 0.084961 0.086914
0 0.073242 0.082031 0.055664 0.089844
0 0.148438 0.09668 0.057617 0.083984
0 0.296875 0.013672 0.061523 0.027344
0 0.355469 0.025391 0.048828 0.051758
0 0.568359 0.140625 0.045898 0.06543
0 0.603516 0.573242 0.061523 0.075195
0 0.933594 0.197266 0.052734 0.043945
0 0.870117 0.241211 0.073242 0.056641
0 0.203125 0.757812 0.043945 0.063477
0 0.041016 0.652344 0.042969 0.048828
0 0.682617 0.977539 0.106445 0.043945
0 0.313477 0.663086 0.046875 0.041992
0 0.210938 0.482422 0.060547 0.069336
0 0.09082 0.496094 0.041992 0.054688
0 0.607422 0.333008 0.054688 0.061523
0 0.631836 0.37793 0.064453 0.082031
0 0.550781 0.405273 0.041992 0.060547
0 0.811523 0.671875 0.072266 0.128906
0 0.831055 0.478516 0.038086 0.03125
0 0.100586 0.19043 0.068359 0.038086
