0 0.533203 0.695312 0.074219 0.076172
0 0.425781 0.194336 0.075195 0.063477
0 0.919922 0.910156 0.064453 0.094727
0 0.952148 0.304688 0.049805 0.037109
0 0.219727 0.911133 0.095703 0.064453
0 0.757812 0.967773 0.112305 0.051758
0 0.392578 0.231445 0.080078 0.063477
0 0.954102 0.18457 0.081055 0.078125
0 0.704102 0.478516 0.033203 0.0625
0 0.121094 0.02832 0.134766 0.040039
0 0.280273 0.43457 0.09375 0.053711
0 0.132812 0.161133 0.110352 0.124023
0 0.62793 0.448242 0.079102 0.067383
0 0.71875 0.799805 0.125977 0.100586
0 0.703125 0.216797 0.075195 0.0625
0 0.03125 0.291016 0.061523 0.05957
0 0.635742 0.519531 0.081055 0.085938
0 0.615234 0.585938 0.143555 0.047852
0 0.025391 0.529297 0.051758 0.048828
0 0.101562 0.424805 0.094727 0.102539
0 0.263672 0.443359 0.095703 0.058594
0 0.84082 0.037109 0.078125 0.074219
0 0.975586 0.785156 0.048828 0.049805
0 0.024414 0.405273 0.047852 0.067383
0 0.695312 0.902344 0.089844 0.057617
0 0.837891 0.515625 0.06543 0.055664
0 0.452148 0.574219 0.078125 0.050781
0 0.054688 0.070312 0.09668 0.069336
0 0.06543 0.581055 0.072266 0.052734
0 0.771484 0.597656 0.075195 0.077148
0 0.054688 0.873047 0.094727 0.042969
0 0.0625 0.268555 0.125 0.077148
0 0.134766 0.263672 0.092773 0.042969
0 0.527344 0.916992 0.109375 0.042969
0 0.985352 0.208984 0.029297 0.041992
0 0.353516 0.600586 0.129883 0.066406
0 0.234375 0.267578 0.077148 0.058594
0 0.470703 0.360352 0.100586 0.048828
0 0.121094 0.560547 0.05957 0.0625
0 0.699219 0.529297 0.06543 0.039062
0 0.839844 0.606445 0.082031 0.037109
0 0.648438 0.629883 0.106445 0.084961
0 0.878906 0.291016 0.048828 0.069336
0 0.671875 0.677734 0.102539 0.054688
0 0.464844 0.302734 0.088867 0.053711
0 0.792969 0.536133 0.107422 0.042969
0 0.806641 0.051758 0.069336 0.049805
0 0.648438 0.490234 0.100586 0.040039
0 0.202148 0.681641 0.080078 0.033203
0 0.879883 0.019531 0.070312 0.038086
0 0.602539 0.018555 0.05957 0.036133
0 0.282227 0.019531 0.043945 0.036133
0 0.864258 0.589844 0.061523 0.029297
0 0.537109 0.320312 0.097656 0.05957
0 0.050781 0.911133 0.102539 0.053711
0 0.019531 0.319336 0.040039 0.037109
0 0.06543 0.826172 0.130859 0.09375
0 0.037109 0.780273 0.072266 0.050781
0 0.376953 0.289062 0.128906 0.06543
0 0.896484 0.648438 0.120117 0.098633
0 0.529297 0.96582 0.060547 0.063477
0 0.40918 0.72168 0.114258 0.045898
0 0.689453 0.155273 0.077148 0.095703
0 0.620117 0.68457 0.091797 0.03125
0 0.641602 0.015625 0.048828 0.03125
0 0.314453 0.527344 0.066406 0.09082
0 0.394531 0.078125 0.114258 0.09375
0 0.045898 0.944336 0.092773 0.040039
0 0.220703 0.558594 0.092773 0.050781
0 0.536133 0.259766 0.09668 0.046875
0 0.169922 0.500977 0.120117 0.041016
0 0.014648 0.821289 0.029297 0.036133
0 0.241211 0.553711 0.074219 0.040039
0 0.94043 0.561523 0.119141 0.060547
0 0.981445 0.518555 0.037109 0.055664
0 0.455078 0.250977 0.165039 0.069336
0 0.368164 0.015625 0.046875 0.025391
0 0.512695 0.50293 0.070312 0.089844
0 0.546875 0.496094 0.118164 0.083008
0 0.578125 0.977539 0.056641 0.040039
