0 0.665039 0.275391 0.057617 0.111328
0 0.550781 0.265625 0.060547 0.105469
0 0.876953 0.029297 0.086914 0.057617
0 0.157227 0.433594 0.098633 0.084961
0 0.952148 0.100586 0.083008 0.054688
0 0.230469 0.402344 0.12207 0.082031
0 0.645508 0.076172 0.092773 0.063477
0 0.243164 0.307617 0.165039 0.125
0 0.708984 0.655273 0.12207 0.072266
0 0.362305 0.023438 0.086914 0.047852
0 0.178711 0.161133 0.124023 0.051758
0 0.897461 0.121094 0.068359 0.123047
0 0.316406 0.746094 0.115234 0.049805
0 0.938477 0.776367 0.094727 0.045898
0 0.892578 0.275391 0.105469 0.095703
0 0.662109 0.033203 0.117188 0.066406
0 0.279297 0.628906 0.083984 0.060547
0 0.230469 0.691406 0.123047 0.068359
0 0.074219 0.068359 0.09668 0.088867
0 0.805664 0.178711 0.049805 0.112305
0 0.238281 0.489258 0.066406 0.073242
0 0.082031 0.208008 0.120117 0.0625
0 0.302734 0.166016 0.112305 0.050781
0 0.212891 0.426758 0.088867 0.073242
0 0.032227 0.734375 0.056641 0.05957
0 0.790039 0.269531 0.057617 0.082031
0 0.041992 0.542969 0.064453 0.104492
0 0.095703 0.855469 0.176758 0.087891
0 0.814453 0.335938 0.076172 0.033203
0 0.425781 0.328125 0.061523 0.047852
0 0.489258 0.333984 0.157227 0.083984
0 0.557617 0.446289 0.166992 0.074219
0 0.679688 0.584961 0.15332 0.070312
0 0.59082 0.670898 0.200195 0.056641
0 0.960938 0.464844 0.074219 0.049805
0 0.192383 0.814453 0.076172 0.042969
0 0.074219 0.374023 0.140625 0.045898
0 0.535156 0.368164 0.116211 0.053711
0 0.388672 0.349609 0.073242 0.133789
0 0.110352 0.579102 0.063477 0.047852
0 0.991211 0.49707 0.016602 0.014648
0 0.719727 0.805664 0.146484 0.040039
0 0.143555 0.366211 0.078125 0.036133
0 0.448242 0.293945 0.075195 0.051758
0 0.3125 0.198242 0.091797 0.05957
0 0.753906 0.730469 0.058594 0.03418
0 0.064453 0.710938 0.128906 0.045898
0 0.054688 0.671582 0.100879 0.042285
0 0.194336 0.932617 0.116211 0.037109
0 0.026367 0.411133 0.052734 0.039062
0 0.829102 0.110352 0.098633 0.044922
0 0.932617 0.625977 0.097656 0.046875
0 0.411133 0.25293 0.113281 0.075195
0 0.866211 0.302734 0.124023 0.060547
0 0.791992 0.985352 0.092773 0.029297
0 0.016602 0.988281 0.03418 0.018555
0 0.033203 0.789062 0.063477 0.043945
0 0.918945 0.019531 0.039062 0.037109
0 0.714844 0.983398 0.06543 0.032227
0 0.913086 0.46582 0.060547 0.057617
0 0.75293 0.822266 0.086914 0.03125
0 0.577148 0.417969 0.088867 0.060547
0 0.680664 0.607422 0.098633 0.058594
0 0.580078 0.056641 0.061523 0.053711
