0 0.560547 0.549805 0.075195 0.083984
0 0.883789 0.458984 0.057617 0.089844
0 0.767578 0.889648 0.080078 0.089844
0 0.037109 0.811523 0.071289 0.071289
0 0.049805 0.226562 0.091797 0.091797
0 0.657227 0.628906 0.083984 0.09375
0 0.055664 0.358398 0.09375 0.049805
0 0.947266 0.271484 0.087891 0.095703
0 0.152344 0.631836 0.118164 0.086914
0 0.945312 0.938477 0.102539 0.068359
0 0.987305 0.137695 0.024414 0.069336
0 0.288086 0.579102 0.097656 0.09082
0 0.546875 0.891602 0.045898 0.067383
0 0.500977 0.051758 0.063477 0.071289
0 0.492188 0.527344 0.070312 0.069336
0 0.382812 0.689453 0.085938 0.066406
0 0.34668 0.145508 0.120117 0.045898
0 0.288086 0.71582 0.113281 0.067383
0 0.974609 0.561523 0.050781 0.083008
0 0.558594 0.314453 0.054688 0.100586
0 0.217773 0.232422 0.063477 0.067383
0 0.579102 0.445312 0.099609 0.056641
0 0.433594 0.955078 0.055664 0.058594
0 0.886719 0.389648 0.068359 0.053711
0 0.683594 0.900391 0.037109 0.083984
0 0.388672 0.102539 0.073242 0.097656
0 0.47168 0.792969 0.107422 0.079102
0 0.151367 0.068359 0.109375 0.079102
0 0.154297 0.9375 0.075195 0.044922
0 0.248047 0.332031 0.083008 0.0625
0 0.428711 0.189453 0.074219 0.052734
0 0.493164 0.624023 0.104492 0.074219
0 0.735352 0.588867 0.077148 0.056641
0 0.353516 0.038086 0.078125 0.077148
0 0.244141 0.451172 0.087891 0.057617
0 0.032227 0.631836 0.052734 0.036133
0 0.664062 0.864258 0.097656 0.03125
0 0.868164 0.652344 0.053711 0.032227
0 0.973633 0.174805 0.052734 0.113281
0 0.082031 0.485352 0.089844 0.100586
0 0.506836 0.139648 0.055664 0.045898
0 0.080078 0.446289 0.084961 0.063477
0 0.025391 0.90625 0.051758 0.027344
0 0.039062 0.55957 0.079102 0.03125
0 0.28418 0.945312 0.054688 0.069336
0 0.677734 0.174805 0.047852 0.039062
0 0.087891 0.926758 0.101562 0.041016
0 0.682617 0.327148 0.077148 0.041016
0 0.032227 0.885742 0.063477 0.045898
0 0.601562 0.166016 0.0625 0.037109
0 0.023438 0.980469 0.044922 0.033203
0 0.535156 0.241211 0.105469 0.066406
0 0.46582 0.577148 0.055664 0.021484
0 0.226562 0.989258 0.0625 0.020508
0 0.236328 0.960938 0.084961 0.060547
0 0.015625 0.818359 0.03125 0.053711
0 0.321289 0.984375 0.084961 0.030273
0 0.789062 0.110352 0.042969 0.041992
0 0.887695 0.966797 0.041992 0.06543
0 0.800781 0.758789 0.051758 0.043945
0 0.34668 0.694336 0.09082 0.064453
0 0.394531 0.742188 0.05957 0.035156
0 0.203125 0.53125 0.042969 0.09375
0 0.78125 0.742188 0.063477 0.032227
0 0.191406 0.876953 0.130859 0.086914
0 0.539062 0.946289 0.113281 0.046875
0 0.811523 0.869141 0.067383 0.041992
0 0.504883 0.010742 0.053711 0.022461
0 0.310547 0.350586 0.066406 0.0625
