0 0.374023 0.972656 0.103516 0.053711
0 0.776367 0.046875 0.104492 0.084961
0 0.249023 0.851562 0.094727 0.101562
0 0.631836 0.705078 0.095703 0.042969
0 0.03418 0.512695 0.069336 0.083008
0 0.054688 0.628906 0.064453 0.069336
0 0.813477 0.874023 0.091797 0.069336
0 0.612305 0.152344 0.074219 0.082031
0 0.770508 0.415039 0.124023 0.091797
0 0.926758 0.696289 0.124023 0.060547
0 0.889648 0.959961 0.080078 0.080078
0 0.182617 0.039062 0.069336 0.077148
0 0.962891 0.368164 0.073242 0.087891
0 0.253906 0.956055 0.09082 0.053711
0 0.931641 0.261719 0.088867 0.084961
0 0.970703 0.794922 0.058594 0.086914
0 0.595703 0.364258 0.0625 0.05957
0 0.953125 0.921875 0.092773 0.099609
0 0.959961 0.616211 0.067383 0.084961
0 0.126953 0.265625 0.078125 0.15918
