0 0.124023 0.077148 0.070312 0.095703
0 0.316406 0.405273 0.076172 0.068359
0 0.967773 0.03418 0.064453 0.068359
0 0.492188 0.05957 0.060547 0.103516
0 0.689453 0.672852 0.052734 0.088867
0 0.726562 0.755859 0.076172 0.058594
0 0.592773 0.176758 0.110352 0.078125
0 0.407227 0.129883 0.055664 0.083008
0 0.240234 0.268555 0.113281 0.134766
0 0.053711 0.134766 0.107422 0.069336
0 0.428711 0.364258 0.087891 0.083984
0 0.331055 0.356445 0.047852 0.135742
0 0.954102 0.880859 0.086914 0.043945
0 0.160156 0.97168 0.056641 0.051758
0 0.898438 0.305664 0.06543 0.128906
0 0.19043 0.478516 0.075195 0.050781
0 0.946289 0.395508 0.088867 0.05957
0 0.189453 0.191406 0.068359 0.037109
0 0.116211 0.143555 0.078125 0.05957
0 0.417969 0.426758 0.047852 0.069336
0 0.266602 0.666992 0.069336 0.046875
0 0.213867 0.110352 0.077148 0.079102
0 0.412109 0.8125 0.040039 0.0625
0 0.048828 0.387695 0.094727 0.087891
0 0.370117 0.822266 0.051758 0.05957
0 0.095703 0.792969 0.045898 0.044922
0 0.306641 0.795898 0.073242 0.057617
0 0.611328 0.114258 0.032227 0.060547
0 0.421875 0.193359 0.146484 0.060547
0 0.59668 0.640625 0.098633 0.09375
0 0.243164 0.853516 0.088867 0.040039
0 0.734375 0.444336 0.081055 0.042969
0 0.361328 0.112305 0.089844 0.024414
0 0.602539 0.4375 0.068359 0.0625
0 0.910156 0.619141 0.078125 0.049805
0 0.553711 0.851562 0.114258 0.038086
0 0.614258 0.96875 0.026367 0.05957
0 0.716797 0.93457 0.082031 0.050781
0 0.389648 0.767578 0.083008 0.039062
0 0.849609 0.050781 0.128906 0.046875
0 0.796875 0.477539 0.067383 0.053711
0 0.086914 0.240234 0.092773 0.057617
0 0.047852 0.558594 0.095703 0.049805
0 0.512695 0.194336 0.050781 0.044922
0 0.422852 0.507812 0.053711 0.02832
0 0.814453 0.858398 0.091797 0.045898
0 0.983398 0.599609 0.02832 0.051758
0 0.049805 0.007812 0.047852 0.013672
0 0.640625 0.835938 0.0625 0.045898
0 0.370117 0.089844 0.043945 0.131836
0 0.980469 0.259766 0.038086 0.015625
0 0.260742 0.103516 0.086914 0.03125
0 0.416992 0.541992 0.043945 0.051758
0 0.538086 0.348633 0.029297 0.064453
0 0.716797 0.398438 0.09082 0.044922
0 0.963867 0.714844 0.054688 0.040039
0 0.411133 0.549805 0.040039 0.046875
0 0.042969 0.424805 0.046875 0.026367
0 0.984375 0.094727 0.030273 0.055664
0 0.870117 0.493164 0.045898 0.058594
0 0.375 0.650391 0.060547 0.051758
0 0.09668 0.495117 0.073242 0.053711
0 0.198242 0.827148 0.091797 0.029297
0 0.486328 0.839844 0.041016 0.029297
0 0.607422 0.798828 0.052734 0.056641
0 0.53418 0.513672 0.097656 0.047852
0 0.545898 0.488281 0.052734 0.037109
0 0.458008 0.867188 0.092773 0.055664
0 0.581055 0.895508 0.06543 0.061523
0 0.523438 0.942383 0.080078 0.053711
0 0.59082 0.956055 0.052734 0.047852
