0 0.079102 0.020508 0.101562 0.041992
0 0.174805 0.038086 0.072266 0.076172
0 0.033203 0.095703 0.066406 0.086914
0 0.060547 0.301758 0.097656 0.100586
0 0.226562 0.303711 0.081055 0.135742
0 0.297852 0.358398 0.063477 0.094727
0 0.056641 0.522461 0.070312 0.075195
0 0.018555 0.600586 0.038086 0.081055
0 0.133789 0.981445 0.057617 0.037109
0 0.361328 0.84375 0.073242 0.123047
0 0.220703 0.820312 0.05957 0.110352
0 0.154297 0.801758 0.085938 0.099609
0 0.358398 0.662109 0.089844 0.054688
0 0.195312 0.625 0.110352 0.085938
0 0.126953 0.585938 0.0625 0.05957
0 0.191406 0.55957 0.072266 0.076172
0 0.273438 0.504883 0.068359 0.072266
0 0.401367 0.452148 0.083008 0.075195
0 0.551758 0.374023 0.09668 0.080078
0 0.635742 0.523438 0.12793 0.077148
0 0.594727 0.675781 0.071289 0.051758
0 0.657227 0.700195 0.060547 0.057617
0 0.369141 0.268555 0.066406 0.05957
0 0.479492 0.212891 0.079102 0.066406
0 0.632812 0.333984 0.06543 0.072266
0 0.253906 0.121094 0.0625 0.071289
0 0.384766 0.023438 0.078125 0.047852
0 0.5 0.038086 0.105469 0.077148
0 0.532227 0.100586 0.083984 0.078125
0 0.817383 0.024414 0.05957 0.049805
0 0.739258 0.069336 0.076172 0.0625
0 0.967773 0.024414 0.064453 0.049805
0 0.708008 0.232422 0.091797 0.068359
0 0.768555 0.265625 0.045898 0.050781
0 0.90625 0.267578 0.053711 0.061523
0 0.952148 0.313477 0.056641 0.088867
0 0.71582 0.484375 0.056641 0.073242
0 0.667969 0.582031 0.055664 0.051758
0 0.796875 0.484375 0.0625 0.0625
0 0.904297 0.616211 0.0625 0.056641
0 0.927734 0.69043 0.097656 0.068359
0 0.730469 0.983398 0.111328 0.032227
0 0.447266 0.643555 0.063477 0.071289
0 0.532227 0.285156 0.070312 0.083984
0 0.975586 0.539062 0.047852 0.05957
0 0.743164 0.016602 0.055664 0.03418
0 0.291016 0.75293 0.055664 0.054688
0 0.739258 0.463867 0.070312 0.110352
0 0.78418 0.71582 0.076172 0.099609
0 0.041992 0.22168 0.057617 0.058594
