0 0.672852 0.499023 0.083008 0.075195
0 0.158203 0.549805 0.113281 0.070312
0 0.931641 0.635742 0.114258 0.082031
0 0.875977 0.472656 0.152344 0.112305
0 0.051758 0.974609 0.104492 0.050781
0 0.84668 0.324219 0.100586 0.075195
0 0.62793 0.399414 0.112305 0.099609
0 0.644531 0.585938 0.099609 0.078125
0 0.032227 0.602539 0.064453 0.092773
0 0.845703 0.916992 0.087891 0.070312
0 0.015625 0.539062 0.032227 0.09082
0 0.804688 0.966797 0.070312 0.06543
0 0.777344 0.479492 0.115234 0.074219
0 0.820312 0.287109 0.086914 0.115234
0 0.658203 0.193359 0.072266 0.078125
0 0.600586 0.105469 0.067383 0.086914
0 0.045898 0.172852 0.052734 0.075195
0 0.726562 0.03418 0.084961 0.06543
0 0.791992 0.149414 0.074219 0.120117
