0 0.944336 0.414062 0.110352 0.084961
0 0.591797 0.251953 0.094727 0.080078
0 0.800781 0.435547 0.123047 0.12793
0 0.665039 0.790039 0.077148 0.102539
0 0.470703 0.235352 0.0625 0.12793
0 0.485352 0.53418 0.176758 0.069336
0 0.30957 0.522461 0.150391 0.080078
0 0.389648 0.198242 0.080078 0.212891
0 0.72168 0.920898 0.075195 0.142578
0 0.151367 0.802734 0.155273 0.202148
0 0.917969 0.336914 0.163086 0.064453
0 0.109375 0.436523 0.075195 0.069336
0 0.791992 0.780273 0.064453 0.092773
0 0.243164 0.248047 0.087891 0.052734
0 0.900391 0.048828 0.1875 0.078125
0 0.616211 0.098633 0.0625 0.120117
0 0.341797 0.369141 0.219727 0.110352
0 0.639648 0.347656 0.060547 0.092773
0 0.056641 0.504883 0.110352 0.125
0 0.463867 0.3125 0.174805 0.112305
0 0.34082 0.057617 0.129883 0.084961
0 0.734375 0.015625 0.182617 0.03125
0 0.345703 0.801758 0.222656 0.084961
0 0.445312 0.700195 0.202148 0.131836
0 0.189453 0.504883 0.074219 0.057617
0 0.706055 0.241211 0.117188 0.165039
0 0.554688 0.920898 0.094727 0.155273
0 0.24707 0.163086 0.134766 0.117188
0 0.373047 0.871094 0.077148 0.072266
0 0.958008 0.254883 0.083984 0.154297
0 0.200195 0.572266 0.057617 0.070312
0 0.517578 0.639648 0.307617 0.064453
0 0.256836 0.044922 0.072266 0.089844
0 0.753906 0.363281 0.209961 0.162109
0 0.03418 0.378906 0.06543 0.129883
0 0.751953 0.086914 0.074219 0.174805
0 0.888672 0.895508 0.075195 0.097656
0 0.491211 0.739258 0.200195 0.05957
0 0.999023 0.848633 0.000977 0.186523
0 0.978516 0.905273 0.041992 0.125
0 0.026367 0.882812 0.049805 0.118164
0 0.217773 0.898438 0.147461 0.097656
0 0.263672 0.835938 0.075195 0.126953
0 0.289062 0.387695 0.110352 0.057617
0 0.743164 0.289062 0.107422 0.254883
0 0.827148 0.299805 0.095703 0.044922
