0 0.039062 0.083984 0.075195 0.06543
0 0.806641 0.236328 0.070312 0.113281
0 0.077148 0.479492 0.071289 0.042969
0 0.955078 0.320312 0.089844 0.0625
0 0.954102 0.383789 0.061523 0.09668
0 0.135742 0.152344 0.129883 0.075195
0 0.332031 0.895508 0.107422 0.068359
0 0.375977 0.632812 0.12207 0.079102
0 0.719727 0.25293 0.066406 0.051758
0 0.802734 0.302734 0.047852 0.084961
0 0.204102 0.628906 0.084961 0.046875
0 0.492188 0.487305 0.063477 0.040039
0 0.017578 0.532227 0.03418 0.114258
0 0.114258 0.639648 0.045898 0.079102
0 0.773438 0.460938 0.061523 0.037109
0 0.602539 0.145508 0.049805 0.052734
0 0.369141 0.787109 0.092773 0.044922
0 0.161133 0.710938 0.091797 0.0625
0 0.792969 0.698242 0.052734 0.064453
0 0.818359 0.925781 0.070312 0.071289
0 0.322266 0.242188 0.060547 0.082031
0 0.367188 0.074219 0.083008 0.110352
0 0.921875 0.12207 0.084961 0.037109
0 0.842773 0.019531 0.079102 0.038086
0 0.723633 0.864258 0.087891 0.044922
0 0.529297 0.023438 0.030273 0.047852
0 0.050781 0.650391 0.099609 0.058594
0 0.121094 0.212891 0.12207 0.044922
0 0.994141 0.545898 0.010742 0.039062
0 0.086914 0.957031 0.129883 0.052734
0 0.922852 0.217773 0.069336 0.041992
0 0.226562 0.269531 0.105469 0.068359
0 0.143555 0.84082 0.056641 0.114258
0 0.624023 0.364258 0.128906 0.041992
0 0.84668 0.644531 0.051758 0.055664
0 0.522461 0.308594 0.098633 0.060547
0 0.94043 0.259766 0.071289 0.041992
0 0.287109 0.265625 0.084961 0.068359
0 0.248047 0.541016 0.103516 0.049805
0 0.692383 0.62207 0.097656 0.056641
0 0.536133 0.581055 0.067383 0.02832
0 0.286133 0.830078 0.092773 0.035156
0 0.233398 0.704102 0.054688 0.076172
0 0.311523 0.313477 0.104492 0.046875
0 0.943359 0.15625 0.057617 0.032227
0 0.298828 0.387793 0.137305 0.036035
0 0.628906 0.332031 0.071289 0.027344
0 0.635742 0.219727 0.044922 0.072266
0 0.085938 0.055664 0.09668 0.029297
0 0.755859 0.641602 0.049805 0.070312
0 0.824219 0.40625 0.040039 0.030273
0 0.151367 0.553711 0.103516 0.102539
0 0.0625 0.234375 0.049805 0.073242
0 0.487305 0.240234 0.09375 0.083008
0 0.985352 0.732422 0.02832 0.029297
0 0.795898 0.128906 0.050781 0.043945
0 0.889648 0.694336 0.082031 0.041016
0 0.515625 0.178711 0.037109 0.09082
0 0.022461 0.842773 0.042969 0.06543
0 0.823242 0.600586 0.044922 0.053711
0 0.954102 0.632812 0.09082 0.045898
0 0.163086 0.103516 0.063477 0.023438
0 0.544922 0.755859 0.086914 0.050781
0 0.424805 0.620117 0.049805 0.068359
0 0.167969 0.774414 0.06543 0.037109
0 0.119141 0.237305 0.092773 0.048828
0 0.318359 0.932617 0.09375 0.036133
0 0.579102 0.695312 0.076172 0.055664
0 0.823242 0.982422 0.052734 0.035156
0 0.014648 0.313477 0.030273 0.056641
0 0.657227 0.015625 0.081055 0.029297
0 0.3125 0.149414 0.055664 0.024414
0 0.325195 0.025391 0.045898 0.046875
0 0.488281 0.983398 0.050781 0.033203
0 0.535156 0.879883 0.030273 0.045898
0 0.37207 0.581055 0.073242 0.106445
0 0.551758 0.605469 0.078125 0.039062
0 0.295898 0.625 0.058594 0.040039
