0 0.772461 0.511719 0.076172 0.095703
0 0.666016 0.865234 0.085938 0.073242
0 0.436523 0.850586 0.092773 0.069336
0 0.631836 0.677734 0.072266 0.076172
0 0.067383 0.029297 0.09375 0.048828
0 0.650391 0.354492 0.074219 0.067383
0 0.993164 0.359375 0.013672 0.080078
0 0.964844 0.608398 0.069336 0.053711
0 0.199219 0.482422 0.092773 0.064453
0 0.836914 0.262695 0.100586 0.061523
0 0.941406 0.867188 0.084961 0.101562
0 0.216797 0.643555 0.072266 0.089844
0 0.831055 0.691406 0.060547 0.085938
0 0.578125 0.849609 0.081055 0.077148
0 0.404297 0.527344 0.052734 0.09082
0 0.31543 0.59668 0.080078 0.073242
0 0.723633 0.938477 0.050781 0.066406
0 0.180664 0.249023 0.115234 0.084961
0 0.15625 0.408203 0.092773 0.061523
0 0.180664 0.165039 0.131836 0.074219
0 0.185547 0.107422 0.091797 0.057617
0 0.135742 0.567383 0.124023 0.042969
0 0.50293 0.234375 0.092773 0.103516
0 0.929688 0.305664 0.091797 0.068359
0 0.694336 0.244141 0.110352 0.136719
0 0.956055 0.027344 0.086914 0.043945
0 0.448242 0.973633 0.09668 0.041016
0 0.582031 0.208984 0.117188 0.057617
0 0.561523 0.535156 0.064453 0.061523
0 0.248047 0.579102 0.094727 0.097656
0 0.03125 0.52832 0.063477 0.060547
0 0.988281 0.227539 0.023438 0.056641
0 0.961914 0.56543 0.066406 0.078125
0 0.509766 0.061523 0.09668 0.104492
0 0.598633 0.054688 0.068359 0.06543
0 0.128906 0.488281 0.095703 0.067383
0 0.043945 0.254883 0.083984 0.075195
0 0.463867 0.62793 0.134766 0.05957
0 0.349609 0.544922 0.092773 0.079102
0 0.787109 0.616211 0.084961 0.082031
0 0.519531 0.314453 0.085938 0.06543
0 0.759766 0.552734 0.083984 0.058594
0 0.061523 0.661133 0.114258 0.043945
0 0.804688 0.720703 0.085938 0.036133
0 0.913086 0.263672 0.079102 0.056641
0 0.991211 0.541992 0.016602 0.058594
0 0.464844 0.569336 0.085938 0.051758
0 0.404297 0.241211 0.071289 0.050781
0 0.355469 0.917969 0.111328 0.026367
0 0.838867 0.625 0.084961 0.103516
0 0.649414 0.269531 0.03125 0.089844
0 0.074219 0.614258 0.148438 0.087891
0 0.039062 0.794922 0.078125 0.03125
0 0.664062 0.984375 0.043945 0.03125
0 0.796875 0.384766 0.074219 0.036133
0 0.426758 0.175781 0.091797 0.046875
0 0.042969 0.124023 0.083984 0.043945
0 0.265625 0.944336 0.149414 0.105469
0 0.166992 0.926758 0.100586 0.040039
0 0.023438 0.15625 0.047852 0.0625
0 0.029297 0.671875 0.057617 0.049805
0 0.386719 0.864258 0.139648 0.069336
0 0.232422 0.838867 0.098633 0.052734
0 0.279297 0.484375 0.073242 0.047852
0 0.133789 0.985352 0.075195 0.025391
0 0.951172 0.454102 0.061523 0.021484
0 0.851562 0.984375 0.048828 0.026367
0 0.237305 0.785156 0.076172 0.033203
0 0.473633 0.53125 0.078125 0.042969
0 0.415039 0.517578 0.053711 0.068359
0 0.59375 0.022461 0.058594 0.043945
0 0.051758 0.87207 0.103516 0.03125
0 0.482422 0.172852 0.071289 0.038086
0 0.52832 0.56543 0.124023 0.048828
0 0.032227 0.575195 0.06543 0.051758
0 0.819336 0.932617 0.053711 0.055664
0 0.125 0.878906 0.086914 0.048828
0 0.973633 0.189453 0.051758 0.051758
0 0.414062 0.318359 0.0625 0.049805
0 0.333984 0.279297 0.132812 0.097656
0 0.913086 0.554688 0.049805 0.046875
0 0.304688 0.845703 0.073242 0.043945
