0 0.071289 0.78418 0.05957 0.06543
0 0.094727 0.939453 0.145508 0.079102
0 0.205078 0.800781 0.075195 0.077148
0 0.380859 0.830078 0.109375 0.126953
0 0.389648 0.589844 0.081055 0.121094
0 0.37207 0.678711 0.105469 0.076172
0 0.536133 0.666016 0.107422 0.067383
0 0.65625 0.780273 0.124023 0.079102
0 0.72168 0.732422 0.094727 0.072266
0 0.821289 0.888672 0.099609 0.142578
0 0.69043 0.972656 0.106445 0.054688
0 0.658203 0.626953 0.09082 0.073242
0 0.504883 0.487305 0.103516 0.104492
0 0.574219 0.483398 0.104492 0.082031
0 0.608398 0.407227 0.081055 0.073242
0 0.572266 0.303711 0.128906 0.085938
0 0.488281 0.251953 0.081055 0.061523
0 0.484375 0.322266 0.083008 0.063477
0 0.255859 0.393555 0.105469 0.073242
0 0.300781 0.46582 0.073242 0.082031
0 0.199219 0.483398 0.095703 0.109375
0 0.047852 0.422852 0.076172 0.068359
0 0.064453 0.349609 0.069336 0.06543
0 0.129883 0.266602 0.116211 0.073242
0 0.208008 0.300781 0.078125 0.06543
0 0.587891 0.146484 0.082031 0.063477
0 0.669922 0.082031 0.09375 0.077148
0 0.732422 0.19043 0.072266 0.057617
0 0.8125 0.22168 0.071289 0.075195
0 0.790039 0.568359 0.103516 0.077148
0 0.881836 0.629883 0.081055 0.077148
0 0.96582 0.786133 0.067383 0.095703
0 0.960938 0.415039 0.077148 0.074219
0 0.826172 0.347656 0.173828 0.089844
0 0.949219 0.334961 0.100586 0.05957
0 0.960938 0.494141 0.075195 0.074219
0 0.955078 0.969727 0.049805 0.05957
0 0.432617 0.21582 0.061523 0.048828
0 0.740234 0.125977 0.042969 0.055664
0 0.699219 0.105469 0.063477 0.064453
0 0.970703 0.165039 0.057617 0.080078
0 0.852539 0.433594 0.046875 0.0625
0 0.908203 0.481445 0.05957 0.051758
0 0.025391 0.479492 0.051758 0.06543
0 0.022461 0.569336 0.045898 0.055664
0 0.378906 0.874023 0.0625 0.0625
0 0.523438 0.804688 0.068359 0.076172
0 0.05957 0.972656 0.057617 0.053711
