0 0.683594 0.200195 0.09082 0.09375
0 0.727539 0.151367 0.092773 0.078125
0 0.816406 0.232422 0.155273 0.083984
0 0.748047 0.290039 0.080078 0.06543
0 0.945312 0.368164 0.09375 0.079102
0 0.59668 0.319336 0.091797 0.060547
0 0.65918 0.342773 0.100586 0.074219
0 0.376953 0.208008 0.150391 0.06543
0 0.482422 0.264648 0.097656 0.081055
0 0.285156 0.27832 0.09668 0.056641
0 0.232422 0.22168 0.087891 0.063477
0 0.392578 0.283203 0.079102 0.070312
0 0.130859 0.25293 0.064453 0.069336
0 0.1875 0.311523 0.074219 0.064453
0 0.081055 0.317383 0.099609 0.09082
0 0.02832 0.399414 0.057617 0.069336
0 0.456055 0.092773 0.086914 0.094727
0 0.793945 0.038086 0.087891 0.077148
0 0.113281 0.911133 0.074219 0.094727
0 0.285156 0.962891 0.092773 0.073242
0 0.319336 0.935547 0.083984 0.09082
0 0.364258 0.851562 0.102539 0.09668
0 0.283203 0.850586 0.076172 0.083008
0 0.288086 0.750977 0.074219 0.087891
0 0.331055 0.706055 0.073242 0.094727
0 0.487305 0.640625 0.047852 0.12793
0 0.594727 0.714844 0.069336 0.130859
0 0.550781 0.796875 0.094727 0.069336
0 0.535156 0.87793 0.086914 0.081055
0 0.733398 0.964844 0.087891 0.070312
0 0.688477 0.819336 0.110352 0.081055
0 0.739258 0.735352 0.150391 0.078125
0 0.969727 0.836914 0.05957 0.115234
0 0.185547 0.436523 0.107422 0.06543
0 0.211914 0.578125 0.077148 0.06543
0 0.228516 0.520508 0.101562 0.071289
0 0.101562 0.710938 0.066406 0.071289
0 0.150391 0.820312 0.089844 0.06543
0 0.43457 0.740234 0.077148 0.078125
0 0.388672 0.359375 0.077148 0.078125
0 0.853516 0.712891 0.074219 0.074219
0 0.760742 0.880859 0.084961 0.060547
0 0.62793 0.868164 0.06543 0.05957
0 0.946289 0.03125 0.097656 0.054688
