0 0.044922 0.743164 0.089844 0.147461
0 0.682617 0.351562 0.112305 0.09082
0 0.758789 0.020508 0.075195 0.041992
0 0.885742 0.875977 0.135742 0.084961
0 0.026367 0.969727 0.053711 0.060547
0 0.899414 0.246094 0.095703 0.072266
0 0.72168 0.128906 0.104492 0.05957
0 0.764648 0.243164 0.150391 0.072266
0 0.733398 0.925781 0.117188 0.068359
0 0.789062 0.537109 0.170898 0.064453
0 0.708008 0.664062 0.12793 0.045898
0 0.918945 0.370117 0.100586 0.048828
0 0.944336 0.040039 0.110352 0.067383
0 0.660156 0.578125 0.067383 0.132812
0 0.80957 0.650391 0.095703 0.0625
0 0.717773 0.211914 0.102539 0.070312
0 0.810547 0.135742 0.077148 0.0625
0 0.720703 0.613281 0.082031 0.087891
0 0.943359 0.726562 0.113281 0.069336
0 0.905273 0.511719 0.131836 0.080078
0 0.896484 0.392578 0.112305 0.094727
0 0.967773 0.352539 0.063477 0.072266
