0 0.751953 0.051758 0.079102 0.104492
0 0.529297 0.039062 0.078125 0.077148
0 0.788086 0.371094 0.077148 0.097656
0 0.256836 0.744141 0.080078 0.078125
0 0.832031 0.142578 0.086914 0.06543
0 0.310547 0.920898 0.121094 0.072266
0 0.584961 0.137695 0.087891 0.069336
0 0.380859 0.09375 0.128906 0.064453
0 0.079102 0.633789 0.113281 0.0625
0 0.328125 0.262695 0.112305 0.048828
0 0.825195 0.054688 0.100586 0.086914
0 0.580078 0.661133 0.084961 0.046875
0 0.051758 0.267578 0.09375 0.070312
0 0.207031 0.615234 0.12207 0.05957
0 0.537109 0.798828 0.113281 0.052734
0 0.139648 0.544922 0.104492 0.072266
0 0.123047 0.103516 0.09668 0.072266
0 0.298828 0.03125 0.070312 0.061523
0 0.587891 0.551758 0.080078 0.050781
0 0.696289 0.072266 0.077148 0.052734
0 0.961914 0.383789 0.076172 0.039062
0 0.208008 0.873047 0.068359 0.109375
0 0.616211 0.334961 0.075195 0.048828
0 0.251953 0.355469 0.167969 0.087891
0 0.202148 0.677734 0.132812 0.0625
0 0.086914 0.048828 0.100586 0.073242
0 0.844727 0.360352 0.097656 0.066406
0 0.435547 0.413086 0.09375 0.041016
0 0.40918 0.060547 0.147461 0.051758
0 0.863281 0.679688 0.084961 0.045898
0 0.793945 0.277344 0.09082 0.046875
0 0.116211 0.360352 0.074219 0.045898
0 0.765625 0.696289 0.101562 0.048828
0 0.200195 0.43457 0.126953 0.069336
0 0.628906 0.030273 0.086914 0.060547
0 0.898438 0.331055 0.105469 0.029297
0 0.950195 0.97168 0.085938 0.056641
0 0.032227 0.375977 0.064453 0.061523
0 0.34668 0.34375 0.068359 0.055664
0 0.095703 0.483398 0.102539 0.053711
0 0.539062 0.193359 0.075195 0.039062
0 0.419922 0.37793 0.097656 0.044922
0 0.976562 0.306641 0.045898 0.051758
0 0.458008 0.045898 0.069336 0.044922
0 0.064453 0.829102 0.129883 0.050781
0 0.762695 0.942383 0.092773 0.042969
0 0.916992 0.924805 0.071289 0.035156
0 0.511719 0.385742 0.085938 0.05957
0 0.855469 0.402344 0.064453 0.041016
0 0.936523 0.664062 0.083984 0.053711
0 0.071289 0.310547 0.140625 0.058594
0 0.700195 0.615234 0.056641 0.032227
0 0.899414 0.963867 0.047852 0.043945
0 0.072266 0.430664 0.061523 0.033203
0 0.172852 0.743164 0.101562 0.047852
0 0.668945 0.973633 0.099609 0.049805
0 0.991211 0.104492 0.016602 0.061523
0 0.97168 0.763672 0.056641 0.058594
0 0.979492 0.459961 0.040039 0.050781
0 0.975586 0.723633 0.048828 0.035156
0 0.606445 0.974609 0.124023 0.039062
0 0.624219 0.466699 0.112891 0.049707
0 0.768555 0.954102 0.087891 0.053711
0 0.375 0.020508 0.0625 0.041016
0 0.655273 0.69043 0.064453 0.041992
0 0.848633 0.87207 0.06543 0.040039
0 0.176758 0.757812 0.09375 0.046875
0 0.665039 0.767578 0.082031 0.051758
0 0.960938 0.326172 0.061523 0.053711
0 0.972656 0.643555 0.053711 0.043945
0 0.359375 0.985352 0.064453 0.02832
0 0.070312 0.912109 0.140625 0.042969
0 0.282227 0.141602 0.079102 0.038086
0 0.862305 0.897461 0.057617 0.025391
0 0.786133 0.650391 0.029297 0.083984
0 0.975586 0.668945 0.042969 0.03125
0 0.646484 0.540039 0.080078 0.0625
0 0.547852 0.713867 0.09082 0.050781
0 0.036133 0.356445 0.072266 0.052734
0 0.043945 0.96875 0.087891 0.053711
0 0.405273 0.49707 0.050781 0.049805
0 0.682617 0.75293 0.101562 0.054688
0 0.719727 0.90332 0.052734 0.048828
0 0.338867 0.03125 0.102539 0.063477
