0 0.548828 0.257812 0.072266 0.080078
0 0.628906 0.047852 0.060547 0.083984
0 0.443359 0.134766 0.06543 0.112305
0 0.893555 0.039062 0.0625 0.079102
0 0.333984 0.469727 0.077148 0.083008
0 0.982422 0.288086 0.035156 0.070312
0 0.246094 0.039062 0.079102 0.077148
0 0.405273 0.234375 0.083984 0.094727
0 0.591797 0.555664 0.081055 0.075195
0 0.761719 0.080078 0.075195 0.070312
0 0.672852 0.322266 0.089844 0.09668
0 0.962891 0.112305 0.0625 0.077148
0 0.301758 0.52832 0.083008 0.077148
0 0.976562 0.572266 0.045898 0.055664
0 0.926758 0.186523 0.105469 0.086914
0 0.786133 0.316406 0.126953 0.083984
0 0.835938 0.787109 0.088867 0.068359
0 0.124023 0.234375 0.086914 0.083984
0 0.097656 0.938477 0.119141 0.083984
0 0.400391 0.338867 0.092773 0.113281
0 0.988281 0.874023 0.023438 0.052734
0 0.154297 0.775391 0.100586 0.061523
0 0.568359 0.886719 0.067383 0.148438
0 0.856445 0.460938 0.111328 0.067383
0 0.645508 0.949219 0.078125 0.0625
0 0.986328 0.037109 0.027344 0.072266
0 0.114258 0.033203 0.115234 0.06543
0 0.972656 0.389648 0.054688 0.071289
0 0.246094 0.689453 0.072266 0.061523
0 0.667969 0.249023 0.036133 0.080078
0 0.750977 0.228516 0.055664 0.075195
0 0.418945 0.680664 0.0625 0.06543
0 0.384766 0.276367 0.072266 0.045898
0 0.131836 0.325195 0.152344 0.086914
0 0.054688 0.238281 0.099609 0.067383
0 0.282227 0.960938 0.108398 0.058594
0 0.083008 0.380859 0.119141 0.100586
0 0.145508 0.128906 0.076172 0.085938
0 0.293945 0.234375 0.080078 0.09668
0 0.908203 0.34668 0.084961 0.078125
0 0.764648 0.668945 0.095703 0.029297
0 0.106445 0.65625 0.087891 0.070312
0 0.981445 0.766602 0.036133 0.087891
0 0.421875 0.789062 0.134766 0.054688
0 0.084961 0.704102 0.071289 0.047852
0 0.44043 0.516602 0.070312 0.044922
0 0.521484 0.554688 0.077148 0.061523
0 0.473633 0.873047 0.052734 0.087891
0 0.375977 0.691406 0.061523 0.056641
0 0.458984 0.666016 0.055664 0.052734
0 0.333008 0.619141 0.05957 0.047852
0 0.224609 0.946289 0.077148 0.094727
0 0.070312 0.65625 0.055664 0.056641
0 0.761719 0.628906 0.063477 0.050781
0 0.748047 0.749023 0.069336 0.037109
0 0.183594 0.021484 0.067383 0.043945
0 0.222656 0.290039 0.082031 0.043945
0 0.558594 0.202148 0.049805 0.040039
0 0.407227 0.129883 0.058594 0.063477
0 0.016602 0.764648 0.03418 0.040039
0 0.520508 0.568359 0.087891 0.067383
0 0.282227 0.907227 0.129883 0.045898
0 0.973633 0.59082 0.052734 0.054688
0 0.158203 0.913086 0.051758 0.035156
0 0.207031 0.134766 0.142578 0.098633
0 0.959961 0.041992 0.0625 0.075195
0 0.647461 0.71582 0.087891 0.045898
0 0.763672 0.848633 0.050781 0.029297
0 0.955078 0.722656 0.046875 0.055664
0 0.015625 0.615234 0.03125 0.058594
