0 0.255859 0.668945 0.130859 0.120117
0 0.438477 0.047852 0.123047 0.095703
0 0.797852 0.543945 0.135742 0.110352
0 0.838867 0.630859 0.125 0.084961
0 0.834961 0.228516 0.133789 0.124023
0 0.833984 0.117188 0.09375 0.09668
0 0.334961 0.347656 0.130859 0.131836
0 0.730469 0.029297 0.107422 0.05957
0 0.414062 0.512695 0.091797 0.077148
0 0.224609 0.93457 0.123047 0.101562
0 0.022461 0.138672 0.044922 0.094727
0 0.107422 0.769531 0.080078 0.081055
0 0.123047 0.881836 0.087891 0.116211
0 0.522461 0.817383 0.137695 0.089844
0 0.244141 0.285156 0.165039 0.102539
0 0.77832 0.454102 0.099609 0.069336
0 0.543945 0.575195 0.165039 0.102539
0 0.492188 0.942383 0.161133 0.111328
0 0.933594 0.265625 0.130859 0.097656
0 0.517578 0.660156 0.12207 0.140625
0 0.023438 0.436523 0.046875 0.058594
0 0.959961 0.123047 0.080078 0.092773
0 0.482422 0.870117 0.125 0.083008
0 0.074219 0.957031 0.070312 0.060547
0 0.233398 0.227539 0.132812 0.092773
0 0.178711 0.033203 0.077148 0.060547
0 0.977539 0.045898 0.043945 0.087891
0 0.334961 0.606445 0.06543 0.070312
