0 0.099609 0.161133 0.106445 0.094727
0 0.119141 0.232422 0.145508 0.080078
0 0.235352 0.376953 0.166016 0.103516
0 0.53418 0.296875 0.079102 0.128906
0 0.655273 0.311523 0.133789 0.104492
0 0.717773 0.126953 0.143555 0.094727
0 0.625977 0.467773 0.104492 0.15918
0 0.485352 0.496094 0.068359 0.082031
0 0.474609 0.624023 0.12207 0.095703
0 0.751953 0.464844 0.054688 0.092773
0 0.823242 0.432617 0.09375 0.084961
0 0.957031 0.556641 0.084961 0.117188
0 0.754883 0.59668 0.100586 0.080078
0 0.586914 0.724609 0.100586 0.110352
0 0.417969 0.808594 0.155273 0.06543
0 0.205078 0.882812 0.147461 0.067383
0 0.066406 0.952148 0.101562 0.05957
0 0.40918 0.966797 0.083984 0.066406
0 0.793945 0.908203 0.104492 0.138672
0 0.947266 0.967773 0.105469 0.063477
0 0.018555 0.601562 0.037109 0.085938
0 0.328125 0.202148 0.083984 0.081055
0 0.899414 0.035156 0.073242 0.071289
0 0.768555 0.033203 0.12793 0.066406
