0 0.033203 0.078125 0.066406 0.060547
0 0.022461 0.883789 0.045898 0.0625
0 0.047852 0.793945 0.076172 0.088867
0 0.108398 0.632812 0.092773 0.061523
0 0.013672 0.537109 0.02832 0.071289
0 0.06543 0.412109 0.081055 0.060547
0 0.15332 0.366211 0.116211 0.075195
0 0.214844 0.430664 0.082031 0.064453
0 0.344727 0.419922 0.069336 0.083984
0 0.373047 0.624023 0.088867 0.061523
0 0.402344 0.814453 0.071289 0.09082
0 0.452148 0.896484 0.082031 0.101562
0 0.444336 0.766602 0.094727 0.083984
0 0.308594 0.720703 0.043945 0.0625
0 0.255859 0.670898 0.077148 0.064453
0 0.292969 0.975586 0.077148 0.048828
0 0.706055 0.962891 0.078125 0.074219
0 0.914062 0.967773 0.083984 0.063477
0 0.779297 0.911133 0.058594 0.072266
0 0.700195 0.838867 0.086914 0.060547
0 0.637695 0.739258 0.079102 0.081055
0 0.952148 0.624023 0.095703 0.066406
0 0.821289 0.557617 0.09375 0.050781
0 0.786133 0.473633 0.083008 0.075195
0 0.857422 0.487305 0.072266 0.078125
0 0.682617 0.617188 0.058594 0.050781
0 0.935547 0.77832 0.097656 0.098633
0 0.898438 0.700195 0.0625 0.056641
0 0.251953 0.261719 0.083984 0.057617
0 0.293945 0.202148 0.070312 0.087891
0 0.435547 0.338867 0.074219 0.103516
0 0.588867 0.448242 0.092773 0.123047
0 0.585938 0.345703 0.083984 0.058594
0 0.558594 0.28418 0.056641 0.057617
0 0.670898 0.240234 0.101562 0.058594
0 0.519531 0.145508 0.104492 0.108398
0 0.876953 0.211914 0.084961 0.101562
0 0.931641 0.289062 0.083008 0.048828
0 0.889648 0.055664 0.087891 0.0625
0 0.739258 0.016602 0.113281 0.03418
0 0.818359 0.638672 0.068359 0.052734
0 0.789062 0.588867 0.071289 0.057617
0 0.863281 0.597656 0.056641 0.041992
0 0.631836 0.654297 0.042969 0.045898
0 0.842773 0.954102 0.060547 0.053711
0 0.223633 0.530273 0.046875 0.042969
0 0.418945 0.560547 0.076172 0.053711
0 0.298828 0.352539 0.073242 0.041992
0 0.299805 0.800781 0.054688 0.048828
0 0.136719 0.800781 0.078125 0.052734
0 0.678711 0.03125 0.061523 0.043945
