0 0.021484 0.458984 0.043945 0.099609
0 0.097656 0.5 0.075195 0.094727
0 0.089844 0.591797 0.087891 0.077148
0 0.217773 0.214844 0.089844 0.095703
0 0.22168 0.042969 0.121094 0.082031
0 0.358398 0.109375 0.082031 0.083008
0 0.357422 0.053711 0.080078 0.063477
0 0.537109 0.195312 0.128906 0.120117
0 0.430664 0.326172 0.170898 0.138672
0 0.362305 0.568359 0.089844 0.129883
0 0.545898 0.539062 0.119141 0.165039
0 0.15918 0.798828 0.083984 0.113281
0 0.066406 0.941406 0.111328 0.084961
0 0.500977 0.972656 0.118164 0.054688
0 0.384766 0.990234 0.075195 0.019531
0 0.462891 0.9375 0.095703 0.100586
0 0.556641 0.763672 0.105469 0.085938
0 0.28125 0.990234 0.089844 0.019531
0 0.728516 0.917969 0.095703 0.109375
0 0.798828 0.792969 0.084961 0.105469
0 0.867188 0.711914 0.099609 0.066406
0 0.767578 0.629883 0.082031 0.120117
0 0.988281 0.619141 0.023438 0.103516
0 0.958984 0.854492 0.06543 0.061523
0 0.978516 0.74707 0.042969 0.092773
0 0.923828 0.170898 0.097656 0.080078
0 0.777344 0.180664 0.105469 0.071289
0 0.768555 0.103516 0.083984 0.094727
0 0.645508 0.076172 0.130859 0.073242
0 0.035156 0.164062 0.071289 0.099609
0 0.431641 0.134766 0.075195 0.126953
0 0.788086 0.021484 0.063477 0.043945
