0 0.249023 0.227539 0.113281 0.162109
0 0.361328 0.291016 0.066406 0.081055
0 0.4375 0.294922 0.049805 0.051758
0 0.436523 0.185547 0.072266 0.111328
0 0.557617 0.166992 0.066406 0.129883
0 0.55957 0.269531 0.099609 0.095703
0 0.62793 0.157227 0.054688 0.083984
0 0.767578 0.21875 0.083008 0.085938
0 0.873047 0.267578 0.068359 0.100586
0 0.920898 0.288086 0.075195 0.09082
0 0.87207 0.398438 0.06543 0.053711
0 0.913086 0.59668 0.087891 0.150391
0 0.763672 0.705078 0.083008 0.076172
0 0.755859 0.770508 0.050781 0.066406
0 0.835938 0.804688 0.073242 0.116211
0 0.845703 0.736328 0.064453 0.056641
0 0.712891 0.553711 0.078125 0.125977
0 0.658203 0.644531 0.055664 0.058594
0 0.591797 0.558594 0.09082 0.09375
0 0.449219 0.607422 0.172852 0.112305
0 0.30957 0.636719 0.079102 0.09082
0 0.415039 0.732422 0.145508 0.066406
0 0.638672 0.829102 0.061523 0.063477
0 0.582031 0.869141 0.054688 0.069336
0 0.806641 0.975586 0.074219 0.048828
0 0.802734 0.910156 0.064453 0.084961
0 0.87793 0.918945 0.05957 0.072266
0 0.557617 0.969727 0.057617 0.05957
0 0.428711 0.970703 0.048828 0.057617
0 0.298828 0.893555 0.064453 0.056641
0 0.234375 0.77832 0.079102 0.078125
0 0.129883 0.773438 0.091797 0.109375
0 0.18457 0.550781 0.057617 0.132812
0 0.125 0.546875 0.045898 0.086914
0 0.145508 0.439453 0.078125 0.060547
0 0.174805 0.368164 0.082031 0.057617
0 0.249023 0.392578 0.049805 0.076172
0 0.292969 0.470703 0.054688 0.080078
0 0.427734 0.475586 0.089844 0.070312
0 0.5 0.441406 0.047852 0.058594
0 0.378906 0.383789 0.044922 0.070312
0 0.423828 0.392578 0.058594 0.068359
0 0.112305 0.158203 0.094727 0.071289
0 0.03418 0.21582 0.069336 0.070312
0 0.117188 0.056641 0.055664 0.061523
0 0.258789 0.086914 0.115234 0.052734
0 0.345703 0.120117 0.054688 0.057617
0 0.235352 0.023438 0.054688 0.047852
0 0.964844 0.037109 0.064453 0.075195
0 0.051758 0.868164 0.046875 0.095703
0 0.494141 0.686523 0.081055 0.046875
0 0.569336 0.738281 0.056641 0.041992
0 0.860352 0.541992 0.120117 0.091797
0 0.800781 0.504883 0.086914 0.05957
