0 0.707031 0.023438 0.125 0.046875
0 0.214844 0.207031 0.115234 0.080078
0 0.733398 0.113281 0.152344 0.117188
0 0.070312 0.185547 0.141602 0.082031
0 0.509766 0.870117 0.070312 0.067383
0 0.639648 0.319336 0.105469 0.110352
0 0.422852 0.859375 0.112305 0.084961
0 0.499023 0.341797 0.100586 0.075195
0 0.623047 0.960938 0.162109 0.078125
0 0.123047 0.791992 0.12207 0.074219
0 0.094727 0.448242 0.115234 0.082031
0 0.060547 0.376953 0.12207 0.105469
0 0.082031 0.646484 0.164062 0.06543
0 0.568359 0.292969 0.113281 0.097656
0 0.089844 0.707031 0.160156 0.074219
0 0.578125 0.59668 0.171875 0.085938
0 0.554688 0.795898 0.082031 0.070312
0 0.417969 0.516602 0.140625 0.064453
