0 0.308594 0.796875 0.117188 0.099609
0 0.962891 0.888672 0.073242 0.152344
0 0.275391 0.180664 0.102539 0.112305
0 0.666016 0.649414 0.107422 0.120117
0 0.634766 0.905273 0.144531 0.131836
0 0.317383 0.291992 0.134766 0.095703
0 0.850586 0.399414 0.152344 0.165039
0 0.770508 0.302734 0.12207 0.112305
0 0.170898 0.387695 0.142578 0.137695
0 0.751953 0.928711 0.109375 0.104492
0 0.165039 0.050781 0.102539 0.101562
0 0.904297 0.164062 0.089844 0.084961
0 0.695312 0.427734 0.131836 0.12793
0 0.908203 0.095703 0.113281 0.072266
0 0.0625 0.128906 0.102539 0.129883
0 0.876953 0.914062 0.083984 0.129883
0 0.046875 0.006836 0.089844 0.014648
0 0.647461 0.030273 0.099609 0.061523
