0 0.082031 0.101562 0.061523 0.073242
0 0.250977 0.201172 0.103516 0.076172
0 0.332031 0.31543 0.064453 0.073242
0 0.28125 0.329102 0.054688 0.082031
0 0.05957 0.446289 0.060547 0.071289
0 0.121094 0.572266 0.092773 0.073242
0 0.072266 0.694336 0.113281 0.106445
0 0.348633 0.632812 0.091797 0.078125
0 0.410156 0.564453 0.089844 0.081055
0 0.370117 0.476562 0.085938 0.081055
0 0.5 0.476562 0.055664 0.05957
0 0.515625 0.367188 0.061523 0.079102
0 0.643555 0.274414 0.078125 0.069336
0 0.120117 0.149414 0.06543 0.052734
0 0.886719 0.5 0.051758 0.046875
0 0.351562 0.101562 0.075195 0.079102
0 0.407227 0.149414 0.05957 0.06543
0 0.478516 0.113281 0.077148 0.064453
0 0.521484 0.101562 0.05957 0.057617
0 0.557617 0.15625 0.077148 0.076172
0 0.738281 0.239258 0.085938 0.099609
0 0.772461 0.079102 0.071289 0.075195
0 0.811523 0.03418 0.091797 0.068359
0 0.944336 0.121094 0.095703 0.068359
0 0.970703 0.385742 0.057617 0.063477
0 0.868164 0.330078 0.088867 0.070312
0 0.744141 0.466797 0.110352 0.058594
0 0.878906 0.677734 0.079102 0.073242
0 0.876953 0.835938 0.075195 0.058594
0 0.708984 0.875 0.047852 0.071289
0 0.774414 0.90918 0.055664 0.055664
0 0.553711 0.924805 0.072266 0.140625
0 0.660156 0.970703 0.074219 0.057617
0 0.380859 0.898438 0.083008 0.070312
0 0.245117 0.767578 0.080078 0.052734
0 0.162109 0.836914 0.084961 0.069336
0 0.412109 0.958984 0.069336 0.081055
0 0.320312 0.431641 0.051758 0.046875
0 0.567383 0.27832 0.06543 0.063477
0 0.40918 0.787109 0.063477 0.087891
0 0.463867 0.077148 0.070312 0.054688
0 0.262695 0.642578 0.043945 0.055664
0 0.334961 0.855469 0.083008 0.074219
0 0.664062 0.739258 0.052734 0.095703
0 0.323242 0.682617 0.094727 0.066406
0 0.807617 0.126953 0.087891 0.036133
0 0.920898 0.445312 0.046875 0.051758
0 0.411133 0.114258 0.057617 0.047852
0 0.97168 0.47168 0.056641 0.071289
0 0.759766 0.133789 0.0625 0.052734
