0 0.538086 0.207031 0.103516 0.079102
0 0.682617 0.969727 0.12793 0.05957
0 0.617188 0.754883 0.109375 0.083008
0 0.206055 0.290039 0.087891 0.064453
0 0.342773 0.833008 0.078125 0.060547
0 0.470703 0.777344 0.113281 0.080078
0 0.717773 0.134766 0.164062 0.124023
0 0.298828 0.698242 0.094727 0.078125
0 0.335938 0.46582 0.071289 0.061523
0 0.231445 0.083008 0.084961 0.102539
0 0.511719 0.052734 0.111328 0.073242
0 0.603516 0.970703 0.087891 0.057617
0 0.345703 0.969727 0.097656 0.060547
0 0.771484 0.610352 0.094727 0.073242
0 0.28418 0.636719 0.080078 0.080078
0 0.293945 0.125977 0.084961 0.072266
0 0.277344 0.195312 0.080078 0.077148
0 0.969727 0.816406 0.05957 0.072266
0 0.374023 0.026367 0.075195 0.049805
0 0.976562 0.47168 0.046875 0.067383
