0 0.737305 0.071289 0.073242 0.106445
0 0.960938 0.220703 0.078125 0.09082
0 0.817383 0.103516 0.078125 0.107422
0 0.18457 0.298828 0.120117 0.061523
0 0.948242 0.741211 0.103516 0.054688
0 0.263672 0.067383 0.112305 0.087891
0 0.513672 0.186523 0.078125 0.101562
0 0.119141 0.431641 0.055664 0.081055
0 0.583984 0.960938 0.115234 0.071289
0 0.28418 0.243164 0.097656 0.061523
0 0.935547 0.62793 0.102539 0.087891
0 0.75293 0.616211 0.082031 0.077148
0 0.264648 0.702148 0.138672 0.082031
0 0.847656 0.512695 0.105469 0.069336
0 0.929688 0.916016 0.140625 0.100586
0 0.829102 0.59668 0.119141 0.100586
0 0.197266 0.587891 0.068359 0.097656
0 0.935547 0.848633 0.099609 0.114258
0 0.571289 0.757812 0.114258 0.150391
0 0.061523 0.939453 0.123047 0.098633
0 0.932617 0.77832 0.133789 0.094727
0 0.344727 0.97168 0.117188 0.052734
0 0.666992 0.710938 0.144531 0.053711
0 0.390625 0.158203 0.12793 0.086914
0 0.735352 0.369141 0.061523 0.079102
0 0.236328 0.361328 0.148438 0.054688
0 0.250977 0.646484 0.133789 0.057617
0 0.956055 0.467773 0.087891 0.057617
0 0.833984 0.75293 0.077148 0.077148
0 0.094727 0.209961 0.134766 0.050781
0 0.401367 0.270508 0.149414 0.168945
0 0.023438 0.641602 0.047852 0.068359
0 0.705078 0.958984 0.170898 0.061523
0 0.987305 0.579102 0.025391 0.15625
0 0.180664 0.103516 0.110352 0.048828
0 0.856445 0.205078 0.126953 0.046875
0 0.086914 0.023438 0.069336 0.046875
0 0.419922 0.016602 0.051758 0.03418
0 0.506836 0.765625 0.102539 0.055664
0 0.503906 0.603516 0.12793 0.035156
0 0.228516 0.195312 0.083984 0.035156
0 0.452148 0.568359 0.094727 0.033203
0 0.963867 0.987305 0.068359 0.024414
0 0.65332 0.052734 0.077148 0.056641
0 0.462891 0.081055 0.105469 0.064453
0 0.566406 0.341797 0.086914 0.036133
0 0.44043 0.116211 0.163086 0.039062
0 0.928711 0.238281 0.029297 0.05957
0 0.615234 0.268555 0.167969 0.072266
0 0.024414 0.210938 0.048828 0.03418
0 0.124023 0.651367 0.155273 0.036133
0 0.210938 0.557617 0.0625 0.03125
0 0.380859 0.353516 0.128906 0.02832
0 0.827148 0.803711 0.12207 0.03125
0 0.099609 0.328125 0.179688 0.133789
0 0.958984 0.59668 0.044922 0.044922
0 0.408203 0.958008 0.107422 0.027344
0 0.40625 0.575195 0.094727 0.054688
0 0.30957 0.538086 0.110352 0.041992
0 0.228516 0.232422 0.072266 0.080078
0 0.048828 0.892578 0.097656 0.033203
0 0.557617 0.938477 0.125 0.050781
0 0.379883 0.351562 0.149414 0.0625
0 0.038086 0.355469 0.077148 0.040039
0 0.424805 0.53418 0.094727 0.037109
0 0.1875 0.015625 0.117188 0.03125
0 0.915039 0.982422 0.03418 0.03418
0 0.188477 0.043945 0.087891 0.038086
0 0.094727 0.350586 0.185547 0.09375
0 0.835938 0.40625 0.134766 0.040039
0 0.428711 0.092773 0.180664 0.047852
0 0.544922 0.12207 0.047852 0.049805
0 0.484375 0.224609 0.104492 0.078125
0 0.547852 0.473633 0.182617 0.174805
0 0.679688 0.566406 0.089844 0.083984
0 0.786133 0.597656 0.095703 0.085938
0 0.128906 0.616211 0.129883 0.041016
0 0.330078 0.69043 0.086914 0.040039
0 0.84668 0.826172 0.109375 0.027344
0 0.754883 0.285156 0.079102 0.223633
0 0.285156 0.405273 0.097656 0.049805
0 0.049805 0.611328 0.074219 0.046875
