0 0.072266 0.707031 0.09668 0.068359
0 0.771484 0.574219 0.072266 0.080078
0 0.283203 0.710938 0.052734 0.12793
0 0.522461 0.790039 0.066406 0.069336
0 0.373047 0.113281 0.094727 0.073242
0 0.914062 0.056641 0.074219 0.055664
0 0.192383 0.564453 0.080078 0.074219
0 0.757812 0.454102 0.041992 0.09375
0 0.393555 0.242188 0.089844 0.09082
0 0.597656 0.303711 0.078125 0.057617
0 0.349609 0.06543 0.078125 0.055664
0 0.387695 0.366211 0.051758 0.071289
0 0.727539 0.371094 0.037109 0.087891
0 0.026367 0.828125 0.053711 0.083008
0 0.238281 0.469727 0.071289 0.070312
0 0.033203 0.443359 0.066406 0.082031
0 0.952148 0.196289 0.046875 0.09375
0 0.625 0.912109 0.071289 0.05957
0 0.942383 0.394531 0.099609 0.066406
0 0.589844 0.369141 0.095703 0.067383
0 0.149414 0.032227 0.083008 0.0625
0 0.078125 0.537109 0.073242 0.101562
0 0.475586 0.664062 0.083984 0.058594
0 0.045898 0.618164 0.091797 0.103516
0 0.929688 0.898438 0.044922 0.056641
0 0.963867 0.836914 0.072266 0.0625
0 0.811523 0.035156 0.052734 0.050781
0 0.673828 0.864258 0.061523 0.071289
0 0.545898 0.176758 0.069336 0.095703
0 0.756836 0.15918 0.067383 0.066406
0 0.661133 0.349609 0.038086 0.056641
0 0.380859 0.974609 0.036133 0.049805
0 0.62207 0.679688 0.072266 0.060547
0 0.71582 0.84082 0.066406 0.050781
0 0.126953 0.609375 0.060547 0.084961
0 0.829102 0.97168 0.055664 0.043945
0 0.289062 0.275391 0.049805 0.044922
0 0.466797 0.936523 0.060547 0.058594
0 0.894531 0.964844 0.073242 0.042969
0 0.65332 0.136719 0.054688 0.09668
0 0.823242 0.919922 0.058594 0.075195
0 0.775391 0.888672 0.044922 0.061523
0 0.792969 0.365234 0.063477 0.051758
0 0.22168 0.505859 0.046875 0.040039
0 0.025391 0.143555 0.050781 0.052734
0 0.59375 0.699219 0.041016 0.054688
0 0.030273 0.558594 0.061523 0.053711
0 0.301758 0.066406 0.055664 0.02832
0 0.163086 0.645508 0.043945 0.05957
0 0.598633 0.467773 0.055664 0.136719
0 0.493164 0.364258 0.053711 0.056641
0 0.896484 0.825195 0.061523 0.063477
0 0.539062 0.675781 0.056641 0.0625
0 0.348633 0.816406 0.068359 0.052734
