0 0.75293 0.018555 0.063477 0.037109
0 0.640625 0.231445 0.138672 0.106445
0 0.561523 0.227539 0.161133 0.133789
0 0.880859 0.338867 0.070312 0.119141
0 0.759766 0.329102 0.063477 0.075195
0 0.783203 0.399414 0.110352 0.082031
0 0.814453 0.328125 0.045898 0.058594
0 0.666016 0.356445 0.089844 0.110352
0 0.475586 0.328125 0.132812 0.069336
0 0.458984 0.25293 0.074219 0.068359
0 0.34082 0.192383 0.078125 0.088867
0 0.115234 0.237305 0.063477 0.121094
0 0.045898 0.331055 0.091797 0.053711
0 0.158203 0.385742 0.120117 0.066406
0 0.238281 0.447266 0.054688 0.076172
0 0.337891 0.34375 0.080078 0.076172
0 0.376953 0.335938 0.106445 0.058594
0 0.436523 0.383789 0.116211 0.071289
0 0.246094 0.3125 0.05957 0.056641
0 0.462891 0.526367 0.080078 0.079102
0 0.410156 0.579102 0.076172 0.118164
0 0.585938 0.624023 0.05957 0.085938
0 0.641602 0.569336 0.139648 0.102539
0 0.672852 0.539062 0.157227 0.100586
0 0.834961 0.578125 0.066406 0.06543
0 0.953125 0.532227 0.092773 0.147461
0 0.979492 0.647461 0.040039 0.116211
0 0.294922 0.666992 0.116211 0.06543
0 0.066406 0.657227 0.133789 0.061523
0 0.111328 0.731445 0.174805 0.0625
0 0.321289 0.743164 0.084961 0.057617
0 0.304688 0.789062 0.089844 0.061523
0 0.626953 0.96582 0.107422 0.067383
0 0.035156 0.375977 0.071289 0.042969
0 0.114258 0.275391 0.083984 0.042969
0 0.296875 0.368164 0.046875 0.038086
0 0.34082 0.397461 0.060547 0.043945
0 0.724609 0.725586 0.054688 0.053711
0 0.320312 0.828125 0.044922 0.053711
0 0.913086 0.610352 0.058594 0.083984
