0 0.085938 0.576172 0.097656 0.084961
0 0.306641 0.21875 0.094727 0.084961
0 0.967773 0.103516 0.064453 0.050781
0 0.808594 0.380859 0.1875 0.082031
0 0.075195 0.025391 0.112305 0.051758
0 0.592773 0.5625 0.185547 0.19043
0 0.464844 0.352539 0.105469 0.131836
0 0.524414 0.286133 0.095703 0.0625
0 0.533203 0.177734 0.087891 0.077148
0 0.06543 0.495117 0.069336 0.068359
0 0.674805 0.291016 0.150391 0.0625
0 0.928711 0.149414 0.081055 0.071289
0 0.631836 0.085938 0.150391 0.082031
0 0.334961 0.043945 0.080078 0.069336
0 0.912109 0.845703 0.105469 0.177734
0 0.099609 0.895508 0.118164 0.145508
0 0.049805 0.729492 0.070312 0.115234
0 0.511719 0.861328 0.080078 0.145508
0 0.027344 0.900391 0.054688 0.118164
0 0.795898 0.773438 0.087891 0.087891
0 0.605469 0.204102 0.112305 0.069336
0 0.808594 0.291016 0.222656 0.082031
0 0.427734 0.09082 0.073242 0.0625
0 0.467773 0.017578 0.118164 0.036133
0 0.408203 0.239258 0.091797 0.080078
0 0.120117 0.460938 0.082031 0.092773
0 0.018555 0.333008 0.038086 0.095703
0 0.708008 0.566406 0.107422 0.06543
0 0.314453 0.890625 0.076172 0.117188
0 0.418945 0.194336 0.075195 0.094727
0 0.624023 0.913086 0.100586 0.092773
0 0.654297 0.803711 0.075195 0.084961
0 0.037109 0.254883 0.074219 0.067383
0 0.605469 0.114258 0.067383 0.070312
0 0.536133 0.02832 0.097656 0.046875
0 0.955078 0.061523 0.083008 0.068359
0 0.15332 0.920898 0.099609 0.147461
0 0.291992 0.908203 0.072266 0.144531
0 0.475586 0.939453 0.137695 0.120117
0 0.745117 0.958008 0.077148 0.083008
0 0.961914 0.680664 0.076172 0.089844
0 0.368164 0.951172 0.068359 0.09668
