0 0.695312 0.9375 0.071289 0.12207
0 0.849609 0.891602 0.084961 0.087891
0 0.841797 0.808594 0.076172 0.074219
0 0.701172 0.786133 0.12207 0.125
0 0.726562 0.706055 0.079102 0.114258
0 0.698242 0.611328 0.091797 0.066406
0 0.469727 0.696289 0.080078 0.076172
0 0.421875 0.625 0.080078 0.107422
0 0.058594 0.616211 0.118164 0.095703
0 0.220703 0.668945 0.092773 0.098633
0 0.273438 0.738281 0.125 0.086914
0 0.324219 0.701172 0.049805 0.048828
0 0.181641 0.766602 0.073242 0.075195
0 0.21582 0.837891 0.086914 0.068359
0 0.275391 0.566406 0.050781 0.082031
0 0.816406 0.610352 0.078125 0.061523
0 0.884766 0.628906 0.087891 0.088867
0 0.926758 0.439453 0.05957 0.112305
0 0.459961 0.407227 0.075195 0.060547
0 0.72168 0.264648 0.09668 0.070312
0 0.513672 0.209961 0.067383 0.083984
0 0.460938 0.283203 0.101562 0.084961
0 0.293945 0.228516 0.095703 0.06543
0 0.332031 0.265625 0.104492 0.061523
0 0.183594 0.279297 0.0625 0.067383
0 0.361328 0.094727 0.079102 0.114258
0 0.164062 0.161133 0.087891 0.081055
0 0.080078 0.058594 0.066406 0.071289
0 0.397461 0.805664 0.072266 0.061523
0 0.345703 0.026367 0.068359 0.053711
0 0.583008 0.010742 0.054688 0.022461
0 0.53125 0.011719 0.050781 0.023438
0 0.047852 0.779297 0.066406 0.056641
