0 0.046875 0.290039 0.071289 0.066406
0 0.037109 0.354492 0.066406 0.069336
0 0.106445 0.410156 0.066406 0.078125
0 0.03418 0.50293 0.069336 0.095703
0 0.195312 0.560547 0.071289 0.09082
0 0.285156 0.661133 0.092773 0.125977
0 0.041992 0.96875 0.081055 0.0625
0 0.246094 0.952148 0.095703 0.094727
0 0.173828 0.84082 0.095703 0.068359
0 0.200195 0.805664 0.107422 0.083984
0 0.299805 0.776367 0.079102 0.060547
0 0.319336 0.861328 0.073242 0.075195
0 0.926758 0.989258 0.09082 0.021484
0 0.732422 0.972656 0.081055 0.054688
0 0.782227 0.920898 0.077148 0.068359
0 0.661133 0.837891 0.095703 0.080078
0 0.768555 0.810547 0.075195 0.066406
0 0.786133 0.739258 0.06543 0.063477
0 0.655273 0.671875 0.064453 0.044922
0 0.681641 0.722656 0.067383 0.053711
0 0.428711 0.771484 0.070312 0.0625
0 0.391602 0.820312 0.057617 0.060547
0 0.754883 0.668945 0.091797 0.066406
0 0.754883 0.638672 0.058594 0.039062
0 0.484375 0.527344 0.124023 0.103516
0 0.279297 0.505859 0.071289 0.070312
0 0.261719 0.400391 0.092773 0.134766
0 0.391602 0.40918 0.069336 0.063477
0 0.279297 0.265625 0.089844 0.060547
0 0.388672 0.235352 0.09375 0.132812
0 0.143555 0.182617 0.130859 0.083984
0 0.085938 0.131836 0.0625 0.125
0 0.575195 0.212891 0.106445 0.102539
0 0.594727 0.367188 0.095703 0.0625
0 0.770508 0.275391 0.083984 0.058594
0 0.791992 0.203125 0.078125 0.048828
0 0.916016 0.09082 0.09082 0.073242
0 0.878906 0.198242 0.080078 0.098633
0 0.947266 0.228516 0.074219 0.055664
0 0.948242 0.306641 0.086914 0.06543
0 0.890625 0.37793 0.095703 0.075195
0 0.861328 0.459961 0.070312 0.089844
0 0.923828 0.537109 0.056641 0.066406
0 0.938477 0.74707 0.079102 0.066406
0 0.883789 0.834961 0.057617 0.101562
0 0.9375 0.839844 0.048828 0.0625
0 0.884766 0.612305 0.089844 0.124023
0 0.707031 0.477539 0.073242 0.075195
0 0.589844 0.455078 0.087891 0.094727
0 0.556641 0.5 0.077148 0.09375
0 0.854492 0.291992 0.041016 0.056641
