0 0.352539 0.351562 0.092773 0.104492
0 0.423828 0.753906 0.094727 0.104492
0 0.444336 0.44043 0.084961 0.083008
0 0.342773 0.170898 0.108398 0.132812
0 0.455078 0.024414 0.083008 0.049805
0 0.172852 0.333008 0.112305 0.0625
0 0.858398 0.210938 0.103516 0.0625
0 0.833984 0.158203 0.110352 0.086914
0 0.87207 0.438477 0.080078 0.097656
0 0.262695 0.936523 0.092773 0.104492
0 0.130859 0.201172 0.107422 0.075195
0 0.96582 0.389648 0.068359 0.080078
0 0.964844 0.519531 0.070312 0.080078
0 0.111328 0.893555 0.084961 0.087891
0 0.472656 0.552734 0.118164 0.118164
0 0.521484 0.838867 0.069336 0.05957
0 0.72168 0.831055 0.084961 0.107422
0 0.34082 0.712891 0.068359 0.067383
0 0.798828 0.673828 0.084961 0.110352
0 0.238281 0.818359 0.078125 0.113281
0 0.725586 0.03418 0.082031 0.055664
0 0.678711 0.637695 0.075195 0.092773
0 0.24707 0.298828 0.089844 0.094727
0 0.18457 0.769531 0.080078 0.080078
0 0.550781 0.725586 0.078125 0.072266
0 0.961914 0.144531 0.075195 0.070312
0 0.06543 0.208984 0.107422 0.069336
0 0.327148 0.780273 0.105469 0.067383
0 0.249023 0.40332 0.084961 0.107422
0 0.033203 0.332031 0.0625 0.080078
0 0.905273 0.625977 0.073242 0.082031
0 0.958008 0.592773 0.083008 0.078125
0 0.03418 0.865234 0.069336 0.116211
0 0.793945 0.855469 0.075195 0.092773
0 0.894531 0.739258 0.074219 0.080078
0 0.415039 0.935547 0.102539 0.092773
0 0.949219 0.949219 0.100586 0.070312
0 0.295898 0.470703 0.092773 0.088867
