0 0.53125 0.943359 0.136719 0.112305
0 0.367188 0.955078 0.094727 0.088867
0 0.036133 0.871094 0.072266 0.094727
0 0.054688 0.298828 0.105469 0.077148
0 0.192383 0.722656 0.135742 0.099609
0 0.511719 0.609375 0.071289 0.067383
0 0.589844 0.432617 0.081055 0.071289
0 0.410156 0.443359 0.089844 0.069336
0 0.780273 0.587891 0.099609 0.077148
0 0.806641 0.737305 0.149414 0.097656
0 0.796875 0.833984 0.104492 0.076172
0 0.723633 0.915039 0.09375 0.09082
0 0.631836 0.855469 0.057617 0.063477
0 0.94043 0.880859 0.075195 0.131836
0 0.921875 0.464844 0.140625 0.087891
0 0.62207 0.338867 0.193359 0.144531
0 0.456055 0.282227 0.067383 0.071289
0 0.402344 0.223633 0.109375 0.081055
0 0.397461 0.135742 0.091797 0.073242
0 0.240234 0.235352 0.094727 0.077148
0 0.579102 0.167969 0.132812 0.09668
0 0.788086 0.151367 0.105469 0.080078
0 0.953125 0.212891 0.092773 0.077148
0 0.487305 0.057617 0.09375 0.067383
0 0.617188 0.027344 0.102539 0.055664
0 0.03125 0.436523 0.063477 0.080078
0 0.72168 0.245117 0.111328 0.077148
0 0.55957 0.231445 0.113281 0.071289
0 0.095703 0.791992 0.09082 0.100586
0 0.087891 0.662109 0.043945 0.055664
