0 0.426758 0.110352 0.116211 0.105469
0 0.604492 0.494141 0.115234 0.094727
0 0.283203 0.413086 0.123047 0.102539
0 0.291992 0.694336 0.089844 0.089844
0 0.616211 0.898438 0.086914 0.118164
0 0.424805 0.660156 0.099609 0.086914
0 0.526367 0.553711 0.100586 0.094727
0 0.416016 0.734375 0.107422 0.134766
0 0.710938 0.106445 0.097656 0.079102
0 0.242188 0.22168 0.109375 0.120117
0 0.50293 0.939453 0.119141 0.121094
0 0.394531 0.038086 0.105469 0.077148
0 0.826172 0.112305 0.144531 0.06543
0 0.479492 0.389648 0.084961 0.105469
0 0.167969 0.980469 0.09668 0.038086
0 0.191406 0.917969 0.112305 0.072266
0 0.385742 0.270508 0.082031 0.087891
0 0.484375 0.21582 0.075195 0.078125
