0 0.152344 0.322266 0.125 0.083008
0 0.026367 0.354492 0.053711 0.0625
0 0.032227 0.456055 0.064453 0.069336
0 0.03418 0.189453 0.068359 0.056641
0 0.180664 0.131836 0.072266 0.064453
0 0.345703 0.116211 0.114258 0.056641
0 0.46875 0.038086 0.078125 0.060547
0 0.575195 0.02832 0.108398 0.057617
0 0.666016 0.033203 0.148438 0.066406
0 0.641602 0.09668 0.12207 0.076172
0 0.637695 0.182617 0.108398 0.113281
0 0.949219 0.092773 0.101562 0.057617
0 0.964844 0.174805 0.070312 0.088867
0 0.852539 0.306641 0.130859 0.173828
0 0.957031 0.317383 0.084961 0.050781
0 0.959961 0.361328 0.080078 0.050781
0 0.475586 0.226562 0.12793 0.055664
0 0.539062 0.141602 0.043945 0.110352
0 0.364258 0.270508 0.087891 0.061523
0 0.530273 0.289062 0.114258 0.053711
0 0.484375 0.34082 0.083984 0.061523
0 0.490234 0.393555 0.106445 0.043945
0 0.50293 0.439453 0.079102 0.094727
0 0.662109 0.34082 0.048828 0.061523
0 0.729492 0.370117 0.06543 0.083984
0 0.819336 0.431641 0.069336 0.055664
0 0.874023 0.444336 0.0625 0.072266
0 0.864258 0.503906 0.107422 0.080078
0 0.737305 0.282227 0.069336 0.052734
0 0.90332 0.611328 0.124023 0.081055
0 0.791992 0.657227 0.152344 0.069336
0 0.583984 0.571289 0.064453 0.041016
0 0.553711 0.630859 0.071289 0.050781
0 0.625 0.649414 0.061523 0.043945
0 0.655273 0.765625 0.054688 0.075195
0 0.87207 0.770508 0.132812 0.069336
0 0.375977 0.681641 0.061523 0.057617
0 0.467773 0.714844 0.104492 0.05957
0 0.366211 0.762695 0.126953 0.069336
0 0.493164 0.802734 0.075195 0.057617
0 0.550781 0.785156 0.05957 0.0625
0 0.453125 0.879883 0.092773 0.058594
0 0.384766 0.898438 0.053711 0.047852
0 0.322266 0.848633 0.067383 0.068359
0 0.798828 0.920898 0.088867 0.060547
0 0.928711 0.967773 0.076172 0.063477
0 0.589844 0.977539 0.108398 0.044922
0 0.456055 0.983398 0.06543 0.033203
0 0.25 0.957031 0.06543 0.068359
0 0.03125 0.945312 0.0625 0.05957
0 0.061523 0.670898 0.072266 0.05957
0 0.066406 0.738281 0.076172 0.055664
0 0.132812 0.626953 0.084961 0.064453
0 0.202148 0.581055 0.077148 0.063477
0 0.206055 0.469727 0.06543 0.079102
0 0.275391 0.452148 0.068359 0.066406
0 0.311523 0.501953 0.0625 0.048828
0 0.021484 0.070312 0.043945 0.082031
0 0.068359 0.022461 0.074219 0.045898
0 0.030273 0.518555 0.060547 0.058594
0 0.628906 0.271484 0.107422 0.064453
0 0.946289 0.736328 0.071289 0.079102
