0 0.020508 0.075195 0.041992 0.083984
0 0.061523 0.054688 0.064453 0.110352
0 0.061523 0.129883 0.067383 0.067383
0 0.023438 0.176758 0.046875 0.111328
0 0.075195 0.244141 0.076172 0.079102
0 0.126953 0.084961 0.058594 0.088867
0 0.174805 0.083984 0.0625 0.088867
0 0.046875 0.907227 0.092773 0.113281
0 0.150391 0.50293 0.227539 0.076172
0 0.314453 0.267578 0.068359 0.176758
0 0.4375 0.368164 0.058594 0.054688
0 0.349609 0.520508 0.086914 0.09375
0 0.297852 0.611328 0.140625 0.101562
0 0.162109 0.822266 0.073242 0.076172
0 0.314453 0.847656 0.219727 0.125
0 0.303711 0.930664 0.12793 0.110352
0 0.583008 0.977539 0.125977 0.044922
0 0.673828 0.93457 0.143555 0.112305
0 0.607422 0.668945 0.121094 0.126953
0 0.757812 0.624023 0.071289 0.144531
0 0.797852 0.738281 0.102539 0.06543
0 0.862305 0.921875 0.102539 0.083008
0 0.928711 0.923828 0.06543 0.079102
0 0.896484 0.628906 0.19043 0.139648
0 0.960938 0.510742 0.077148 0.15625
0 0.71875 0.426758 0.069336 0.06543
0 0.676758 0.388672 0.119141 0.078125
0 0.6875 0.304688 0.067383 0.081055
0 0.633789 0.323242 0.068359 0.06543
0 0.729492 0.046875 0.077148 0.09375
0 0.579102 0.037109 0.077148 0.075195
0 0.057617 0.925781 0.077148 0.072266
0 0.341797 0.263672 0.083984 0.072266
0 0.857422 0.973633 0.118164 0.051758
0 0.06543 0.740234 0.050781 0.040039
