0 0.380859 0.493164 0.06543 0.101562
0 0.755859 0.926758 0.081055 0.136719
0 0.248047 0.298828 0.113281 0.075195
0 0.199219 0.441406 0.045898 0.082031
0 0.095703 0.311523 0.074219 0.071289
0 0.445312 0.151367 0.150391 0.057617
0 0.429688 0.391602 0.081055 0.094727
0 0.613281 0.527344 0.102539 0.076172
0 0.173828 0.711914 0.164062 0.086914
0 0.603516 0.705078 0.095703 0.102539
0 0.938477 0.826172 0.078125 0.087891
0 0.462891 0.491211 0.025391 0.106445
0 0.705078 0.390625 0.104492 0.108398
0 0.551758 0.079102 0.129883 0.061523
0 0.713867 0.136719 0.091797 0.051758
0 0.392578 0.8125 0.229492 0.072266
0 0.75293 0.072266 0.029297 0.097656
0 0.135742 0.774414 0.057617 0.104492
0 0.916016 0.34668 0.02832 0.086914
0 0.961914 0.619141 0.069336 0.050781
0 0.131836 0.522461 0.080078 0.044922
0 0.683594 0.833008 0.092773 0.114258
0 0.791992 0.654297 0.041016 0.09668
0 0.637695 0.796875 0.137695 0.060547
0 0.024414 0.573242 0.048828 0.036133
0 0.871094 0.479492 0.041992 0.05957
0 0.921875 0.235352 0.025391 0.061523
0 0.587891 0.025391 0.054688 0.051758
0 0.838867 0.368164 0.044922 0.060547
0 0.671875 0.969727 0.039062 0.05957
0 0.832031 0.695312 0.041016 0.066406
0 0.068359 0.570312 0.038086 0.072266
0 0.06543 0.897461 0.0625 0.03418
0 0.353516 0.857422 0.098633 0.024414
0 0.449219 0.026367 0.033203 0.052734
0 0.523438 0.848633 0.047852 0.025391
0 0.864258 0.569336 0.032227 0.057617
0 0.973633 0.515625 0.047852 0.058594
0 0.47168 0.765625 0.052734 0.068359
0 0.026367 0.583984 0.052734 0.039062
0 0.983398 0.410156 0.032227 0.049805
0 0.426758 0.193359 0.048828 0.078125
0 0.813477 0.640625 0.027344 0.083984
0 0.910156 0.707031 0.070312 0.041016
0 0.205078 0.201172 0.064453 0.058594
0 0.28125 0.827148 0.042969 0.069336
0 0.068359 0.185547 0.137695 0.061523
0 0.873047 0.775391 0.057617 0.051758
0 0.958008 0.166992 0.083008 0.069336
