0 0.013672 0.453125 0.02832 0.142578
0 0.191406 0.325195 0.083984 0.058594
0 0.283203 0.366211 0.109375 0.079102
0 0.331055 0.34082 0.053711 0.077148
0 0.47168 0.427734 0.181641 0.111328
0 0.359375 0.599609 0.175781 0.080078
0 0.298828 0.729492 0.077148 0.084961
0 0.40918 0.761719 0.108398 0.126953
0 0.430664 0.881836 0.085938 0.079102
0 0.297852 0.892578 0.081055 0.073242
0 0.225586 0.887695 0.083008 0.075195
0 0.237305 0.945312 0.101562 0.048828
0 0.592773 0.880859 0.111328 0.057617
0 0.613281 0.749023 0.124023 0.075195
0 0.858398 0.943359 0.099609 0.068359
0 0.941406 0.887695 0.116211 0.142578
0 0.648438 0.644531 0.070312 0.05957
0 0.68457 0.536133 0.107422 0.071289
0 0.860352 0.549805 0.06543 0.06543
0 0.928711 0.600586 0.068359 0.073242
0 0.866211 0.648438 0.0625 0.060547
0 0.859375 0.366211 0.074219 0.100586
0 0.924805 0.328125 0.124023 0.06543
0 0.888672 0.419922 0.133789 0.067383
0 0.932617 0.211914 0.108398 0.111328
0 0.712891 0.100586 0.077148 0.09668
0 0.617188 0.233398 0.113281 0.104492
0 0.488281 0.057617 0.119141 0.083984
0 0.228516 0.183594 0.100586 0.056641
0 0.172852 0.209961 0.069336 0.05957
0 0.277344 0.130859 0.076172 0.047852
0 0.44043 0.185547 0.071289 0.056641
0 0.380859 0.235352 0.073242 0.068359
0 0.581055 0.230469 0.079102 0.081055
0 0.098633 0.929688 0.078125 0.112305
0 0.115234 0.882812 0.066406 0.063477
