0 0.961914 0.629883 0.075195 0.125
0 0.907227 0.431641 0.089844 0.084961
0 0.660156 0.369141 0.077148 0.075195
0 0.537109 0.28418 0.089844 0.094727
0 0.454102 0.09668 0.085938 0.085938
0 0.880859 0.738281 0.142578 0.123047
0 0.735352 0.686523 0.077148 0.084961
0 0.754883 0.051758 0.092773 0.086914
0 0.771484 0.853516 0.120117 0.107422
0 0.676758 0.516602 0.160156 0.125
0 0.234375 0.207031 0.075195 0.085938
0 0.797852 0.956055 0.131836 0.087891
0 0.808594 0.234375 0.117188 0.134766
0 0.103516 0.137695 0.097656 0.083008
0 0.671875 0.961914 0.120117 0.075195
0 0.188477 0.807617 0.132812 0.147461
0 0.081055 0.019531 0.097656 0.039062
0 0.771484 0.193359 0.100586 0.087891
0 0.199219 0.037109 0.104492 0.074219
0 0.501953 0.960938 0.134766 0.078125
0 0.056641 0.378906 0.100586 0.100586
