0 0.300781 0.396484 0.079102 0.095703
0 0.306641 0.858398 0.061523 0.103516
0 0.984375 0.081055 0.030273 0.05957
0 0.797852 0.074219 0.058594 0.101562
0 0.603516 0.074219 0.066406 0.074219
0 0.952148 0.667969 0.094727 0.09082
0 0.730469 0.390625 0.048828 0.064453
0 0.666016 0.969727 0.120117 0.05957
0 0.503906 0.438477 0.107422 0.049805
0 0.678711 0.794922 0.0625 0.053711
0 0.991211 0.364258 0.016602 0.083984
0 0.274414 0.442383 0.09375 0.079102
0 0.486328 0.755859 0.064453 0.06543
0 0.53418 0.693359 0.080078 0.068359
0 0.479492 0.666016 0.069336 0.082031
0 0.793945 0.144531 0.101562 0.077148
0 0.057617 0.099609 0.116211 0.098633
0 0.733398 0.678711 0.081055 0.067383
0 0.546875 0.329102 0.064453 0.064453
0 0.419922 0.324219 0.070312 0.083008
0 0.674805 0.029297 0.075195 0.057617
0 0.320312 0.086914 0.132812 0.0625
0 0.269531 0.956055 0.070312 0.054688
0 0.933594 0.27832 0.078125 0.111328
0 0.638672 0.417969 0.068359 0.052734
0 0.234375 0.129883 0.085938 0.053711
0 0.941406 0.158203 0.079102 0.066406
0 0.670898 0.698242 0.054688 0.049805
0 0.119141 0.667969 0.130859 0.119141
0 0.637695 0.474609 0.082031 0.060547
0 0.363281 0.383789 0.066406 0.083008
0 0.5625 0.163086 0.091797 0.05957
0 0.990234 0.763672 0.019531 0.052734
0 0.835938 0.979492 0.054688 0.040039
0 0.375977 0.067383 0.12207 0.083008
0 0.043945 0.743164 0.087891 0.076172
0 0.764648 0.454102 0.066406 0.043945
0 0.080078 0.819336 0.160156 0.081055
0 0.262695 0.679688 0.143555 0.074219
0 0.96875 0.928711 0.0625 0.054688
0 0.882812 0.131836 0.053711 0.0625
0 0.882812 0.942383 0.06543 0.056641
0 0.833984 0.404297 0.105469 0.05957
0 0.386719 0.983398 0.0625 0.03125
0 0.358398 0.678711 0.087891 0.073242
0 0.926758 0.389648 0.056641 0.046875
0 0.03418 0.634766 0.058594 0.056641
0 0.74707 0.983398 0.058594 0.032227
0 0.435547 0.966797 0.079102 0.033203
0 0.691406 0.957031 0.077148 0.053711
0 0.865234 0.022461 0.054688 0.045898
0 0.583984 0.431641 0.09082 0.049805
0 0.842773 0.385742 0.060547 0.09082
0 0.644531 0.984375 0.098633 0.030273
0 0.068359 0.189453 0.137695 0.072266
0 0.024414 0.470703 0.047852 0.046875
0 0.072266 0.879883 0.144531 0.109375
0 0.338867 0.738281 0.068359 0.035156
0 0.636719 0.482422 0.081055 0.037109
0 0.433594 0.664062 0.076172 0.047852
0 0.081055 0.964844 0.163086 0.048828
0 0.15625 0.043945 0.110352 0.087891
0 0.251953 0.054688 0.063477 0.110352
0 0.364258 0.359375 0.066406 0.099609
0 0.580078 0.833008 0.061523 0.036133
0 0.459961 0.698242 0.083984 0.03125
0 0.982422 0.200195 0.03418 0.046875
0 0.050781 0.12207 0.102539 0.085938
0 0.508789 0.385742 0.060547 0.069336
0 0.448242 0.15918 0.180664 0.058594
0 0.454102 0.333008 0.068359 0.0625
0 0.362305 0.724609 0.05957 0.067383
0 0.566406 0.518555 0.064453 0.0625
0 0.265625 0.713867 0.083008 0.046875
0 0.027344 0.763672 0.055664 0.043945
0 0.881836 0.758789 0.075195 0.060547
0 0.983398 0.958984 0.033203 0.043945
0 0.068359 0.992188 0.053711 0.015625
0 0.162109 0.802734 0.06543 0.02832
0 0.106445 0.802734 0.070312 0.051758
0 0.222656 0.083984 0.120117 0.109375
0 0.941406 0.680664 0.053711 0.066406
0 0.826172 0.143555 0.099609 0.075195
0 0.938477 0.450195 0.0625 0.044922
0 0.508789 0.742188 0.060547 0.037109
0 0.067383 0.705078 0.085938 0.0625
0 0.152344 0.734375 0.117188 0.047852
