0 0.185547 0.9375 0.063477 0.085938
0 0.036133 0.925781 0.072266 0.078125
0 0.567383 0.942383 0.094727 0.053711
0 0.362305 0.176758 0.095703 0.085938
0 0.570312 0.363281 0.05957 0.069336
0 0.352539 0.626953 0.091797 0.071289
0 0.28418 0.25293 0.108398 0.0625
0 0.087891 0.116211 0.116211 0.043945
0 0.118164 0.327148 0.117188 0.101562
0 0.226562 0.619141 0.081055 0.076172
0 0.431641 0.123047 0.074219 0.053711
0 0.436523 0.390625 0.076172 0.043945
0 0.248047 0.083008 0.078125 0.049805
0 0.039062 0.491211 0.078125 0.067383
0 0.739258 0.80957 0.072266 0.071289
0 0.194336 0.469727 0.074219 0.084961
0 0.271484 0.451172 0.057617 0.058594
0 0.990234 0.404297 0.019531 0.038086
0 0.589844 0.19043 0.063477 0.051758
0 0.137695 0.410156 0.061523 0.039062
0 0.388672 0.573242 0.066406 0.039062
0 0.771484 0.024414 0.057617 0.046875
0 0.192383 0.569336 0.109375 0.041016
0 0.949219 0.96582 0.0625 0.0625
0 0.068359 0.55957 0.040039 0.06543
0 0.3125 0.095703 0.061523 0.051758
0 0.743164 0.450195 0.0625 0.03125
0 0.475586 0.056641 0.049805 0.035156
0 0.760742 0.666992 0.047852 0.069336
0 0.303711 0.400391 0.057617 0.046875
0 0.292969 0.870117 0.089844 0.03418
0 0.858398 0.369141 0.067383 0.049805
0 0.969727 0.762695 0.05957 0.047852
0 0.661133 0.146484 0.040039 0.081055
0 0.94043 0.011719 0.070312 0.024414
0 0.405273 0.479492 0.0625 0.043945
0 0.84082 0.073242 0.035156 0.0625
0 0.557617 0.225586 0.063477 0.040039
0 0.416992 0.293945 0.05957 0.036133
0 0.285156 0.923828 0.081055 0.038086
0 0.970703 0.355469 0.057617 0.057617
0 0.039062 0.984375 0.073242 0.03125
0 0.869141 0.74707 0.06543 0.044922
0 0.873047 0.355469 0.0625 0.040039
0 0.745117 0.111328 0.041992 0.054688
0 0.087891 0.621094 0.115234 0.046875
0 0.333984 0.504883 0.081055 0.047852
0 0.50293 0.856445 0.0625 0.036133
0 0.045898 0.425781 0.064453 0.046875
0 0.673828 0.363281 0.100586 0.041016
0 0.46582 0.516602 0.077148 0.05957
0 0.045898 0.296875 0.080078 0.071289
0 0.256836 0.851562 0.074219 0.040039
0 0.632812 0.322266 0.050781 0.074219
0 0.654297 0.52832 0.071289 0.041016
0 0.44043 0.972656 0.110352 0.047852
0 0.392578 0.707031 0.103516 0.050781
0 0.693359 0.905273 0.069336 0.050781
0 0.967773 0.69043 0.064453 0.042969
0 0.027344 0.657227 0.055664 0.046875
0 0.290039 0.904297 0.085938 0.032227
0 0.910156 0.425781 0.092773 0.050781
0 0.696289 0.177734 0.046875 0.044922
0 0.44043 0.349609 0.045898 0.045898
0 0.239258 0.838867 0.083008 0.041992
0 0.353516 0.384766 0.045898 0.060547
0 0.84668 0.53125 0.085938 0.045898
0 0.513672 0.362305 0.046875 0.036133
0 0.689453 0.744141 0.078125 0.043945
0 0.96582 0.675781 0.067383 0.030273
0 0.913086 0.907227 0.041992 0.042969
0 0.364258 0.007812 0.038086 0.016602
0 0.578125 0.992188 0.052734 0.014648
0 0.155273 0.724609 0.079102 0.041992
0 0.049805 0.763672 0.09375 0.045898
0 0.254883 0.948242 0.084961 0.035156
0 0.635742 0.091797 0.055664 0.037109
0 0.522461 0.69043 0.070312 0.033203
0 0.490234 0.654297 0.087891 0.041016
0 0.820312 0.580078 0.083984 0.050781
0 0.676758 0.571289 0.045898 0.053711
0 0.710938 0.541016 0.037109 0.047852
0 0.739258 0.555664 0.033203 0.035156
0 0.708008 0.332031 0.050781 0.03418
0 0.700195 0.345703 0.051758 0.026367
0 0.52832 0.526367 0.049805 0.049805
0 0.946289 0.595703 0.083984 0.047852
0 0.755859 0.140625 0.09375 0.046875
