0 0.181641 0.561523 0.114258 0.129883
0 0.957031 0.708008 0.080078 0.102539
0 0.274414 0.875977 0.150391 0.117188
0 0.96582 0.199219 0.068359 0.155273
0 0.717773 0.291992 0.086914 0.099609
0 0.645508 0.724609 0.12793 0.089844
0 0.867188 0.668945 0.080078 0.120117
0 0.883789 0.873047 0.084961 0.112305
0 0.155273 0.886719 0.083008 0.0625
0 0.321289 0.304688 0.129883 0.183594
0 0.865234 0.490234 0.098633 0.141602
0 0.857422 0.194336 0.102539 0.134766
0 0.635742 0.624023 0.072266 0.079102
0 0.891602 0.566406 0.080078 0.06543
0 0.907227 0.05957 0.087891 0.109375
0 0.779297 0.330078 0.070312 0.098633
0 0.675781 0.458984 0.097656 0.104492
0 0.298828 0.056641 0.075195 0.110352
0 0.042969 0.225586 0.083008 0.117188
0 0.166992 0.03418 0.074219 0.06543
0 0.850586 0.036133 0.048828 0.055664
