0 0.02832 0.045898 0.056641 0.091797
0 0.272461 0.085938 0.081055 0.064453
0 0.513672 0.060547 0.140625 0.113281
0 0.536133 0.151367 0.111328 0.099609
0 0.378906 0.239258 0.126953 0.133789
0 0.15918 0.211914 0.075195 0.083008
0 0.071289 0.232422 0.118164 0.115234
0 0.203125 0.423828 0.119141 0.089844
0 0.081055 0.400391 0.128906 0.085938
0 0.731445 0.317383 0.101562 0.105469
0 0.853516 0.207031 0.115234 0.088867
0 0.893555 0.462891 0.103516 0.111328
0 0.893555 0.606445 0.111328 0.077148
0 0.739258 0.629883 0.125 0.116211
0 0.630859 0.480469 0.075195 0.098633
0 0.727539 0.416992 0.070312 0.09082
0 0.361328 0.500977 0.134766 0.09668
0 0.474609 0.589844 0.091797 0.081055
0 0.056641 0.698242 0.061523 0.071289
0 0.032227 0.605469 0.06543 0.09082
0 0.103516 0.785156 0.123047 0.089844
0 0.166016 0.876953 0.101562 0.140625
0 0.273438 0.805664 0.083008 0.098633
0 0.398438 0.787109 0.089844 0.097656
0 0.678711 0.725586 0.15918 0.066406
0 0.68457 0.851562 0.111328 0.09082
0 0.716797 0.967773 0.070312 0.064453
0 0.399414 0.953125 0.146484 0.092773
0 0.286133 0.919922 0.061523 0.073242
0 0.945312 0.853516 0.108398 0.076172
0 0.866211 0.768555 0.081055 0.069336
0 0.942383 0.734375 0.09082 0.115234
