0 0.354492 0.238281 0.237305 0.083008
0 0.481445 0.05957 0.225586 0.092773
0 0.921875 0.442383 0.155273 0.110352
0 0.481445 0.498047 0.178711 0.084961
0 0.311523 0.854492 0.18457 0.088867
0 0.103516 0.360352 0.182617 0.099609
0 0.319336 0.029297 0.151367 0.05957
0 0.81543 0.289062 0.291992 0.087891
0 0.762695 0.478516 0.245117 0.09668
0 0.973633 0.260742 0.052734 0.082031
0 0.257812 0.207031 0.288086 0.06543
0 0.047852 0.643555 0.09668 0.103516
0 0.087891 0.710938 0.103516 0.09375
0 0.564453 0.90625 0.124023 0.1875
0 0.209961 0.259766 0.228516 0.091797
0 0.490234 0.378906 0.112305 0.051758
0 0.838867 0.347656 0.292969 0.15332
