0 0.019531 0.94043 0.040039 0.083008
0 0.328125 0.858398 0.115234 0.071289
0 0.364258 0.920898 0.071289 0.074219
0 0.422852 0.958008 0.09668 0.069336
0 0.318359 0.757812 0.069336 0.077148
0 0.22168 0.800781 0.056641 0.051758
0 0.15332 0.764648 0.095703 0.063477
0 0.013672 0.697266 0.027344 0.140625
0 0.039062 0.620117 0.0625 0.124023
0 0.083984 0.513672 0.069336 0.106445
0 0.015625 0.419922 0.032227 0.078125
0 0.021484 0.363281 0.043945 0.047852
0 0.091797 0.339844 0.103516 0.068359
0 0.241211 0.479492 0.107422 0.101562
0 0.375 0.428711 0.117188 0.103516
0 0.339844 0.543945 0.106445 0.095703
0 0.364258 0.323242 0.137695 0.123047
0 0.267578 0.282227 0.165039 0.108398
0 0.487305 0.452148 0.066406 0.074219
0 0.515625 0.333008 0.091797 0.102539
0 0.600586 0.400391 0.076172 0.113281
0 0.586914 0.483398 0.056641 0.055664
0 0.521484 0.640625 0.085938 0.073242
0 0.341797 0.696289 0.074219 0.070312
0 0.55957 0.774414 0.05957 0.073242
0 0.59082 0.817383 0.074219 0.072266
0 0.655273 0.767578 0.060547 0.074219
0 0.660156 0.884766 0.124023 0.067383
0 0.725586 0.941406 0.063477 0.112305
0 0.765625 0.578125 0.085938 0.088867
0 0.733398 0.439453 0.077148 0.0625
0 0.923828 0.522461 0.106445 0.091797
0 0.967773 0.726562 0.064453 0.12793
0 0.853516 0.955078 0.100586 0.088867
0 0.927734 0.96875 0.05957 0.061523
0 0.860352 0.229492 0.09375 0.087891
0 0.716797 0.226562 0.05957 0.06543
0 0.71875 0.174805 0.106445 0.057617
0 0.443359 0.22168 0.140625 0.143555
0 0.326172 0.107422 0.078125 0.101562
0 0.155273 0.068359 0.0625 0.05957
0 0.512695 0.12793 0.149414 0.256836
0 0.77832 0.041992 0.106445 0.070312
0 0.893555 0.023438 0.047852 0.047852
0 0.581055 0.301758 0.047852 0.048828
0 0.442383 0.410156 0.038086 0.076172
0 0.011719 0.322266 0.023438 0.086914
0 0.205078 0.987305 0.121094 0.024414
0 0.362305 0.976562 0.060547 0.045898
0 0.990234 0.866211 0.019531 0.057617
0 0.483398 0.980469 0.052734 0.038086
