0 0.035156 0.980469 0.071289 0.039062
0 0.035156 0.839844 0.070312 0.0625
0 0.104492 0.306641 0.079102 0.066406
0 0.082031 0.435547 0.052734 0.066406
0 0.022461 0.481445 0.045898 0.053711
0 0.027344 0.405273 0.054688 0.056641
0 0.125977 0.087891 0.109375 0.073242
0 0.211914 0.038086 0.0625 0.0625
0 0.292969 0.149414 0.114258 0.104492
0 0.230469 0.225586 0.094727 0.119141
0 0.28418 0.3125 0.069336 0.097656
0 0.345703 0.357422 0.091797 0.063477
0 0.3125 0.419922 0.070312 0.053711
0 0.186523 0.521484 0.069336 0.068359
0 0.191406 0.579102 0.05957 0.048828
0 0.389648 0.506836 0.055664 0.0625
0 0.301758 0.568359 0.070312 0.050781
0 0.359375 0.601562 0.094727 0.05957
0 0.350586 0.722656 0.081055 0.082031
0 0.259766 0.760742 0.057617 0.078125
0 0.176758 0.800781 0.070312 0.054688
0 0.328125 0.899414 0.094727 0.061523
0 0.452148 0.935547 0.078125 0.063477
0 0.589844 0.637695 0.083984 0.126953
0 0.581055 0.452148 0.068359 0.086914
0 0.546875 0.367188 0.09375 0.047852
0 0.617188 0.297852 0.064453 0.072266
0 0.568359 0.25 0.064453 0.072266
0 0.450195 0.180664 0.05957 0.097656
0 0.671875 0.106445 0.103516 0.053711
0 0.612305 0.026367 0.098633 0.052734
0 0.720703 0.37793 0.066406 0.077148
0 0.775391 0.469727 0.077148 0.050781
0 0.873047 0.498047 0.06543 0.06543
0 0.743164 0.587891 0.068359 0.072266
0 0.879883 0.601562 0.115234 0.101562
0 0.984375 0.53418 0.03125 0.070312
0 0.945312 0.436523 0.050781 0.070312
0 0.832031 0.248047 0.049805 0.095703
0 0.972656 0.268555 0.054688 0.055664
0 0.979492 0.21582 0.040039 0.05957
0 0.96875 0.102539 0.061523 0.117188
0 0.753906 0.056641 0.068359 0.066406
0 0.962891 0.724609 0.072266 0.070312
0 0.833984 0.780273 0.0625 0.068359
0 0.976562 0.811523 0.045898 0.070312
0 0.961914 0.929688 0.069336 0.077148
0 0.861328 0.889648 0.061523 0.091797
0 0.803711 0.945312 0.06543 0.09668
0 0.915039 0.97168 0.066406 0.056641
0 0.677734 0.946289 0.070312 0.066406
0 0.581055 0.933594 0.049805 0.050781
0 0.566406 0.986328 0.100586 0.026367
0 0.849609 0.984375 0.052734 0.03125
0 0.912109 0.896484 0.072266 0.036133
0 0.53418 0.610352 0.064453 0.070312
0 0.085938 0.378906 0.051758 0.070312
0 0.709961 0.216797 0.042969 0.094727
0 0.326172 0.020508 0.063477 0.041016
0 0.111328 0.470703 0.048828 0.051758
0 0.043945 0.59082 0.052734 0.138672
