0 0.015625 0.071289 0.03125 0.113281
0 0.038086 0.191406 0.077148 0.077148
0 0.202148 0.09668 0.09668 0.194336
0 0.318359 0.222656 0.102539 0.069336
0 0.204102 0.240234 0.106445 0.113281
0 0.145508 0.40625 0.139648 0.203125
0 0.038086 0.907227 0.076172 0.141602
0 0.274414 0.955078 0.072266 0.081055
0 0.59668 0.90918 0.09375 0.119141
0 0.691406 0.908203 0.066406 0.084961
0 0.760742 0.929688 0.092773 0.110352
0 0.397461 0.682617 0.09375 0.083984
0 0.411133 0.429688 0.095703 0.132812
0 0.482422 0.446289 0.055664 0.063477
0 0.577148 0.455078 0.137695 0.112305
0 0.624023 0.307617 0.152344 0.09668
0 0.587891 0.145508 0.078125 0.089844
0 0.427734 0.102539 0.143555 0.099609
0 0.500977 0.168945 0.113281 0.106445
0 0.694336 0.069336 0.086914 0.139648
0 0.862305 0.033203 0.053711 0.067383
0 0.938477 0.339844 0.064453 0.130859
0 0.935547 0.457031 0.05957 0.132812
0 0.750977 0.68457 0.051758 0.104492
0 0.833008 0.712891 0.09668 0.087891
0 0.826172 0.776367 0.060547 0.068359
0 0.928711 0.939453 0.066406 0.101562
0 0.992188 0.799805 0.014648 0.051758
0 0.973633 0.869141 0.051758 0.085938
0 0.546875 0.626953 0.080078 0.083008
0 0.597656 0.762695 0.081055 0.080078
0 0.650391 0.714844 0.083008 0.079102
0 0.963867 0.541016 0.071289 0.185547
0 0.257812 0.056641 0.083008 0.113281
