0 0.381836 0.483398 0.125 0.082031
0 0.214844 0.756836 0.089844 0.110352
0 0.323242 0.789062 0.082031 0.110352
0 0.770508 0.217773 0.102539 0.067383
0 0.947266 0.301758 0.105469 0.05957
0 0.280273 0.34082 0.163086 0.132812
0 0.149414 0.927734 0.060547 0.057617
0 0.454102 0.925781 0.069336 0.082031
0 0.676758 0.711914 0.070312 0.080078
0 0.535156 0.097656 0.086914 0.092773
0 0.765625 0.452148 0.0625 0.064453
0 0.700195 0.9375 0.083008 0.077148
0 0.100586 0.047852 0.087891 0.092773
0 0.46582 0.708984 0.078125 0.155273
0 0.055664 0.55957 0.082031 0.095703
0 0.135742 0.389648 0.078125 0.095703
0 0.083984 0.785156 0.080078 0.060547
0 0.089844 0.354492 0.070312 0.074219
0 0.131836 0.454102 0.080078 0.06543
0 0.354492 0.041992 0.115234 0.080078
0 0.924805 0.063477 0.117188 0.126953
0 0.56543 0.041016 0.083008 0.0625
0 0.702148 0.314453 0.089844 0.074219
0 0.848633 0.098633 0.142578 0.072266
0 0.445312 0.978516 0.083008 0.042969
0 0.791016 0.363281 0.0625 0.136719
0 0.654297 0.976562 0.06543 0.045898
0 0.041992 0.827148 0.084961 0.125
0 0.333984 0.694336 0.084961 0.080078
0 0.447266 0.273438 0.160156 0.107422
0 0.243164 0.092773 0.057617 0.057617
0 0.556641 0.355469 0.075195 0.072266
0 0.982422 0.094727 0.035156 0.070312
0 0.750977 0.041992 0.087891 0.080078
0 0.380859 0.083008 0.072266 0.057617
0 0.525391 0.307617 0.272461 0.083008
0 0.154297 0.026367 0.06543 0.049805
0 0.368164 0.685547 0.072266 0.0625
0 0.677734 0.016602 0.077148 0.030273
0 0.52832 0.023438 0.087891 0.042969
0 0.039062 0.021484 0.069336 0.040039
0 0.030273 0.082031 0.057617 0.060547
0 0.021484 0.671875 0.040039 0.070312
0 0.608398 0.367188 0.042969 0.054688
0 0.738281 0.336914 0.068359 0.095703
0 0.845703 0.045898 0.117188 0.072266
0 0.623047 0.789062 0.082031 0.03418
