0 0.022461 0.918945 0.045898 0.074219
0 0.932617 0.826172 0.089844 0.083008
0 0.881836 0.782227 0.05957 0.070312
0 0.824219 0.730469 0.109375 0.115234
0 0.798828 0.634766 0.088867 0.058594
0 0.811523 0.583008 0.053711 0.064453
0 0.910156 0.587891 0.091797 0.069336
0 0.882812 0.506836 0.072266 0.099609
0 0.785156 0.488281 0.083984 0.052734
0 0.704102 0.436523 0.107422 0.067383
0 0.629883 0.489258 0.073242 0.042969
0 0.693359 0.495117 0.066406 0.051758
0 0.719727 0.548828 0.063477 0.09375
0 0.557617 0.544922 0.111328 0.084961
0 0.359375 0.613281 0.185547 0.125
0 0.344727 0.885742 0.119141 0.073242
0 0.257812 0.935547 0.073242 0.0625
0 0.324219 0.969727 0.074219 0.05957
0 0.707031 0.987305 0.128906 0.023438
0 0.532227 0.96875 0.067383 0.061523
0 0.175781 0.65918 0.058594 0.06543
0 0.121094 0.952148 0.070312 0.095703
0 0.03125 0.845703 0.046875 0.072266
0 0.060547 0.661133 0.05957 0.18457
0 0.097656 0.533203 0.143555 0.12207
0 0.075195 0.383789 0.083984 0.170898
0 0.202148 0.362305 0.053711 0.148438
0 0.277344 0.396484 0.061523 0.09668
0 0.34082 0.452148 0.111328 0.082031
0 0.522461 0.444336 0.112305 0.101562
0 0.595703 0.322266 0.075195 0.076172
0 0.760742 0.266602 0.048828 0.135742
0 0.849609 0.240234 0.073242 0.052734
0 0.887695 0.293945 0.126953 0.073242
0 0.973633 0.370117 0.052734 0.073242
0 0.666992 0.961914 0.066406 0.073242
0 0.888672 0.19043 0.069336 0.071289
0 0.924805 0.174805 0.060547 0.082031
0 0.891602 0.068359 0.083984 0.102539
0 0.457031 0.236328 0.060547 0.064453
0 0.525391 0.19043 0.082031 0.077148
0 0.537109 0.086914 0.069336 0.067383
0 0.416992 0.141602 0.100586 0.073242
0 0.355469 0.223633 0.112305 0.068359
0 0.364258 0.282227 0.082031 0.071289
0 0.079102 0.181641 0.110352 0.05957
0 0.236328 0.131836 0.09668 0.069336
0 0.276367 0.061523 0.087891 0.085938
0 0.035156 0.052734 0.071289 0.05957
0 0.855469 0.43457 0.103516 0.063477
0 0.662109 0.02832 0.097656 0.056641
0 0.166016 0.452148 0.068359 0.05957
0 0.787109 0.628906 0.067383 0.061523
0 0.883789 0.644531 0.076172 0.050781
