0 0.837891 0.325195 0.073242 0.067383
0 0.866211 0.203125 0.107422 0.082031
0 0.768555 0.491211 0.097656 0.082031
0 0.198242 0.736328 0.082031 0.089844
0 0.134766 0.354492 0.099609 0.099609
0 0.626953 0.217773 0.116211 0.111328
0 0.206055 0.945312 0.107422 0.108398
0 0.069336 0.519531 0.125 0.09375
0 0.53418 0.435547 0.120117 0.077148
0 0.730469 0.910156 0.077148 0.112305
0 0.518555 0.865234 0.087891 0.12793
0 0.643555 0.030273 0.142578 0.061523
0 0.547852 0.962891 0.073242 0.0625
0 0.910156 0.264648 0.112305 0.064453
0 0.023438 0.291016 0.044922 0.070312
