0 0.023438 0.686523 0.046875 0.060547
0 0.024414 0.53125 0.048828 0.071289
0 0.032227 0.338867 0.064453 0.091797
0 0.142578 0.601562 0.057617 0.057617
0 0.195312 0.389648 0.088867 0.075195
0 0.283203 0.322266 0.063477 0.050781
0 0.339844 0.286133 0.074219 0.0625
0 0.143555 0.185547 0.107422 0.070312
0 0.0625 0.088867 0.0625 0.056641
0 0.037109 0.035156 0.075195 0.066406
0 0.174805 0.070312 0.067383 0.086914
0 0.233398 0.12793 0.051758 0.048828
0 0.323242 0.121094 0.076172 0.06543
0 0.321289 0.049805 0.132812 0.099609
0 0.395508 0.211914 0.076172 0.06543
0 0.436523 0.504883 0.083984 0.144531
0 0.474609 0.235352 0.075195 0.086914
0 0.550781 0.333008 0.064453 0.057617
0 0.583984 0.422852 0.066406 0.09668
0 0.532227 0.568359 0.080078 0.113281
0 0.508789 0.738281 0.076172 0.068359
0 0.304688 0.787109 0.076172 0.09668
0 0.103516 0.87793 0.074219 0.091797
0 0.205078 0.981445 0.083984 0.037109
0 0.367188 0.972656 0.056641 0.053711
0 0.919922 0.948242 0.095703 0.102539
0 0.854492 0.904297 0.052734 0.109375
0 0.55957 0.833984 0.125977 0.104492
0 0.649414 0.845703 0.056641 0.063477
0 0.632812 0.705078 0.063477 0.071289
0 0.783203 0.776367 0.066406 0.071289
0 0.976562 0.716797 0.046875 0.12793
0 0.84375 0.62793 0.072266 0.061523
0 0.667969 0.551758 0.053711 0.063477
0 0.677734 0.620117 0.053711 0.052734
0 0.893555 0.543945 0.092773 0.089844
0 0.713867 0.454102 0.068359 0.081055
0 0.939453 0.441406 0.06543 0.086914
0 0.589844 0.209961 0.053711 0.092773
0 0.665039 0.264648 0.061523 0.081055
0 0.49707 0.144531 0.057617 0.054688
0 0.460938 0.095703 0.060547 0.060547
0 0.740234 0.053711 0.097656 0.094727
0 0.800781 0.120117 0.140625 0.072266
0 0.647461 0.124023 0.066406 0.060547
0 0.902344 0.092773 0.074219 0.076172
0 0.829102 0.033203 0.047852 0.0625
0 0.920898 0.157227 0.068359 0.06543
0 0.958008 0.242188 0.063477 0.072266
0 0.791016 0.285156 0.054688 0.060547
0 0.791016 0.651367 0.055664 0.052734
0 0.749023 0.598633 0.043945 0.05957
0 0.544922 0.648438 0.070312 0.06543
0 0.046875 0.491211 0.050781 0.06543
0 0.817383 0.724609 0.0625 0.052734
0 0.77832 0.592773 0.058594 0.054688
0 0.630859 0.021484 0.075195 0.043945
0 0.780273 0.205078 0.048828 0.067383
0 0.707031 0.212891 0.035156 0.043945
0 0.533203 0.070312 0.036133 0.061523
0 0.386719 0.029297 0.058594 0.058594
0 0.142578 0.011719 0.050781 0.024414
0 0.589844 0.536133 0.043945 0.050781
0 0.635742 0.639648 0.041016 0.050781
