0 0.022461 0.058594 0.045898 0.117188
0 0.154297 0.012695 0.060547 0.026367
0 0.359375 0.010742 0.064453 0.022461
0 0.570312 0.041016 0.072266 0.05957
0 0.416016 0.09082 0.092773 0.12793
0 0.322266 0.211914 0.083008 0.057617
0 0.365234 0.25 0.066406 0.057617
0 0.294922 0.267578 0.073242 0.061523
0 0.049805 0.363281 0.09082 0.083984
0 0.073242 0.647461 0.078125 0.083008
0 0.167969 0.584961 0.075195 0.069336
0 0.137695 0.489258 0.064453 0.082031
0 0.196289 0.483398 0.06543 0.060547
0 0.21875 0.431641 0.0625 0.066406
0 0.082031 0.978516 0.088867 0.041992
0 0.095703 0.9375 0.081055 0.082031
0 0.152344 0.969727 0.075195 0.05957
0 0.268555 0.96582 0.112305 0.068359
0 0.140625 0.828125 0.072266 0.09082
0 0.411133 0.958984 0.119141 0.081055
0 0.444336 0.924805 0.083984 0.095703
0 0.585938 0.946289 0.074219 0.083984
0 0.65332 0.942383 0.102539 0.05957
0 0.295898 0.735352 0.075195 0.116211
0 0.354492 0.709961 0.073242 0.078125
0 0.375 0.780273 0.061523 0.068359
0 0.435547 0.756836 0.057617 0.061523
0 0.765625 0.724609 0.094727 0.063477
0 0.835938 0.838867 0.069336 0.060547
0 0.193359 0.828125 0.052734 0.042969
0 0.825195 0.661133 0.078125 0.103516
0 0.74707 0.600586 0.070312 0.060547
0 0.496094 0.516602 0.056641 0.066406
0 0.374023 0.5 0.064453 0.088867
0 0.433594 0.472656 0.077148 0.072266
0 0.493164 0.40332 0.079102 0.0625
0 0.688477 0.364258 0.111328 0.064453
0 0.47168 0.304688 0.063477 0.058594
0 0.5625 0.295898 0.061523 0.040039
0 0.852539 0.390625 0.075195 0.054688
0 0.912109 0.362305 0.094727 0.055664
0 0.993164 0.428711 0.013672 0.063477
0 0.967773 0.581055 0.0625 0.092773
0 0.953125 0.732422 0.0625 0.068359
0 0.969727 0.291992 0.060547 0.068359
0 0.973633 0.245117 0.051758 0.049805
0 0.947266 0.207031 0.105469 0.09375
0 0.958008 0.068359 0.083008 0.073242
0 0.885742 0.033203 0.100586 0.047852
0 0.607422 0.212891 0.0625 0.070312
0 0.624023 0.280273 0.060547 0.054688
0 0.5625 0.266602 0.064453 0.041016
0 0.955078 0.816406 0.089844 0.054688
0 0.967773 0.022461 0.046875 0.044922
0 0.632812 0.679688 0.048828 0.055664
0 0.080078 0.916016 0.070312 0.074219
0 0.661133 0.978516 0.075195 0.040039
0 0.84375 0.847656 0.067383 0.078125
