0 0.382812 0.197266 0.120117 0.101562
0 0.796875 0.229492 0.088867 0.064453
0 0.499316 0.808691 0.097363 0.060449
0 0.694336 0.932617 0.09668 0.042969
0 0.695312 0.286133 0.116211 0.079102
0 0.841797 0.179688 0.109375 0.125
0 0.599609 0.292969 0.085938 0.045898
0 0.597656 0.05957 0.083984 0.078125
0 0.526367 0.149414 0.087891 0.089844
0 0.053711 0.258789 0.108398 0.069336
0 0.317383 0.026367 0.083984 0.043945
0 0.557617 0.482422 0.039062 0.080078
0 0.750977 0.4375 0.098633 0.107422
0 0.422852 0.322266 0.084961 0.044922
0 0.305664 0.685547 0.055664 0.070312
0 0.666016 0.176758 0.086914 0.071289
0 0.143555 0.924805 0.104492 0.055664
0 0.676758 0.452148 0.058594 0.0625
0 0.352539 0.939453 0.115234 0.0625
0 0.182617 0.220703 0.105469 0.057617
0 0.65918 0.647461 0.072266 0.043945
0 0.802734 0.805664 0.084961 0.041016
0 0.853516 0.90332 0.064453 0.040039
0 0.976562 0.289062 0.046875 0.037109
0 0.926758 0.027344 0.078125 0.055664
0 0.539062 0.625 0.070312 0.045898
0 0.25293 0.712891 0.071289 0.042969
0 0.210938 0.612305 0.114258 0.0625
0 0.047852 0.166016 0.095703 0.051758
0 0.523438 0.750977 0.052734 0.054688
0 0.958984 0.84668 0.068359 0.043945
0 0.206055 0.881836 0.150391 0.043945
0 0.530273 0.901367 0.072266 0.040039
0 0.276367 0.988281 0.092773 0.018555
0 0.201172 0.469727 0.066406 0.040039
0 0.759766 0.989258 0.075195 0.017578
0 0.78125 0.28418 0.043945 0.033203
0 0.25 0.517578 0.098633 0.03418
0 0.930664 0.129883 0.061523 0.083984
0 0.1875 0.791016 0.101562 0.046875
0 0.142578 0.519531 0.115234 0.060547
0 0.333984 0.84082 0.170898 0.055664
0 0.832031 0.623047 0.048828 0.048828
0 0.035156 0.875 0.071289 0.043945
0 0.150391 0.689453 0.0625 0.041992
0 0.080078 0.782227 0.075195 0.055664
0 0.800781 0.051758 0.051758 0.049805
0 0.978516 0.180664 0.042969 0.043945
0 0.539062 0.558594 0.05957 0.049805
0 0.954102 0.192383 0.047852 0.063477
0 0.574219 0.157227 0.103516 0.081055
0 0.022461 0.611328 0.044922 0.040039
0 0.75 0.505859 0.107422 0.056641
0 0.539062 0.324219 0.099609 0.055664
0 0.750977 0.351562 0.103516 0.042969
0 0.727539 0.013672 0.038086 0.025391
0 0.503906 0.958984 0.079102 0.017578
0 0.951172 0.854492 0.0625 0.041992
0 0.37793 0.765625 0.055664 0.039062
0 0.021484 0.637695 0.042969 0.036133
0 0.503906 0.832031 0.087891 0.041016
0 0.217773 0.553711 0.117188 0.041016
0 0.250977 0.506836 0.098633 0.026367
0 0.060547 0.554688 0.097656 0.042969
0 0.34082 0.753906 0.049805 0.053711
0 0.458008 0.958008 0.032227 0.058594
0 0.133789 0.007812 0.050781 0.015625
0 0.084961 0.261719 0.095703 0.067383
0 0.075195 0.579102 0.078125 0.042969
0 0.291992 0.591797 0.178711 0.0625
0 0.419922 0.520508 0.09082 0.066406
0 0.852539 0.786133 0.077148 0.060547
0 0.958984 0.358398 0.041016 0.053711
0 0.236328 0.819336 0.067383 0.043945
0 0.166992 0.773438 0.068359 0.040039
0 0.552734 0.28418 0.092773 0.051758
0 0.047852 0.200195 0.041992 0.032227
0 0.817383 0.112305 0.043945 0.061523
0 0.779297 0.170898 0.058594 0.046875
