0 0.730469 0.140625 0.061523 0.081055
0 0.823242 0.035156 0.068359 0.071289
0 0.916992 0.072266 0.092773 0.118164
0 0.967773 0.047852 0.063477 0.095703
0 0.705078 0.051758 0.076172 0.104492
0 0.645508 0.139648 0.072266 0.091797
0 0.727539 0.251953 0.064453 0.058594
0 0.543945 0.103516 0.069336 0.074219
0 0.505859 0.217773 0.080078 0.09668
0 0.430664 0.254883 0.06543 0.082031
0 0.458984 0.334961 0.05957 0.066406
0 0.503906 0.365234 0.094727 0.120117
0 0.677734 0.371094 0.06543 0.068359
0 0.236328 0.042969 0.094727 0.085938
0 0.338867 0.051758 0.082031 0.104492
0 0.017578 0.137695 0.035156 0.114258
0 0.196289 0.375977 0.06543 0.101562
0 0.192383 0.329102 0.130859 0.058594
0 0.075195 0.402344 0.058594 0.0625
0 0.148438 0.576172 0.151367 0.147461
0 0.28418 0.618164 0.080078 0.097656
0 0.382812 0.625 0.072266 0.063477
0 0.416016 0.475586 0.064453 0.075195
0 0.435547 0.428711 0.069336 0.051758
0 0.567383 0.584961 0.107422 0.09668
0 0.660156 0.540039 0.057617 0.06543
0 0.732422 0.598633 0.071289 0.101562
0 0.661133 0.673828 0.106445 0.05957
0 0.642578 0.71875 0.072266 0.056641
0 0.710938 0.780273 0.116211 0.079102
0 0.720703 0.842773 0.112305 0.060547
0 0.558594 0.868164 0.087891 0.085938
0 0.46875 0.820312 0.073242 0.075195
0 0.188477 0.734375 0.072266 0.12207
0 0.135742 0.729492 0.068359 0.085938
0 0.068359 0.644531 0.079102 0.072266
0 0.244141 0.820312 0.102539 0.051758
0 0.12793 0.888672 0.101562 0.09082
0 0.042969 0.954102 0.085938 0.091797
0 0.443359 0.952148 0.070312 0.095703
0 0.486328 0.953125 0.084961 0.092773
0 0.980469 0.582031 0.039062 0.074219
0 0.893555 0.425781 0.064453 0.087891
0 0.887695 0.307617 0.076172 0.054688
0 0.943359 0.972656 0.094727 0.054688
0 0.086914 0.077148 0.083008 0.052734
0 0.749023 0.033203 0.063477 0.067383
0 0.75 0.082031 0.080078 0.072266
0 0.115234 0.259766 0.037109 0.056641
0 0.110352 0.799805 0.073242 0.05957
