0 0.075195 0.019531 0.098633 0.039062
0 0.160156 0.019531 0.070312 0.039062
0 0.058594 0.288086 0.117188 0.06543
0 0.029297 0.475586 0.05957 0.12793
0 0.047852 0.634766 0.086914 0.111328
0 0.135742 0.728516 0.092773 0.121094
0 0.03125 0.895508 0.063477 0.111328
0 0.108398 0.897461 0.103516 0.078125
0 0.188477 0.974609 0.085938 0.049805
0 0.195312 0.919922 0.075195 0.074219
0 0.72168 0.977539 0.071289 0.043945
0 0.677734 0.954102 0.067383 0.072266
0 0.577148 0.915039 0.167969 0.100586
0 0.577148 0.983398 0.126953 0.032227
0 0.400391 0.96875 0.063477 0.0625
0 0.383789 0.897461 0.081055 0.071289
0 0.787109 0.850586 0.119141 0.083984
0 0.883789 0.875977 0.081055 0.046875
0 0.879883 0.941406 0.088867 0.097656
0 0.992188 0.907227 0.015625 0.068359
0 0.966797 0.816406 0.06543 0.080078
0 0.956055 0.744141 0.081055 0.064453
0 0.741211 0.737305 0.083984 0.064453
0 0.302734 0.729492 0.087891 0.078125
0 0.451172 0.030273 0.084961 0.058594
0 0.285156 0.09082 0.074219 0.09668
0 0.317383 0.113281 0.075195 0.092773
0 0.525391 0.106445 0.066406 0.06543
0 0.546875 0.069336 0.0625 0.053711
0 0.572266 0.006836 0.066406 0.014648
0 0.663086 0.186523 0.077148 0.063477
0 0.776367 0.142578 0.125 0.056641
0 0.887695 0.021484 0.101562 0.042969
0 0.904297 0.101562 0.078125 0.067383
0 0.958984 0.005859 0.05957 0.012695
0 0.921875 0.244141 0.068359 0.078125
0 0.972656 0.273438 0.054688 0.083984
0 0.74707 0.300781 0.075195 0.094727
0 0.947266 0.380859 0.105469 0.071289
0 0.984375 0.450195 0.03125 0.066406
0 0.852539 0.513672 0.161133 0.072266
0 0.801758 0.620117 0.086914 0.118164
0 0.507812 0.476562 0.178711 0.077148
0 0.494141 0.525391 0.085938 0.045898
0 0.311523 0.644531 0.097656 0.088867
0 0.217773 0.516602 0.075195 0.195312
0 0.188477 0.691406 0.068359 0.103516
0 0.270508 0.384766 0.163086 0.064453
0 0.231445 0.009766 0.083984 0.020508
0 0.607422 0.860352 0.0625 0.057617
