0 0.404297 0.980469 0.074219 0.039062
0 0.577148 0.949219 0.086914 0.088867
0 0.771484 0.894531 0.072266 0.155273
0 0.932617 0.957031 0.113281 0.080078
0 0.976562 0.842773 0.045898 0.085938
0 0.890625 0.773438 0.075195 0.06543
0 0.624023 0.794922 0.071289 0.061523
0 0.575195 0.734375 0.078125 0.071289
0 0.476562 0.692383 0.074219 0.066406
0 0.395508 0.670898 0.052734 0.060547
0 0.3125 0.592773 0.0625 0.085938
0 0.351562 0.517578 0.097656 0.072266
0 0.474609 0.600586 0.080078 0.09082
0 0.542969 0.587891 0.0625 0.06543
0 0.609375 0.583984 0.086914 0.066406
0 0.683594 0.541992 0.073242 0.054688
0 0.504883 0.433594 0.078125 0.100586
0 0.31543 0.355469 0.049805 0.089844
0 0.327148 0.279297 0.078125 0.079102
0 0.260742 0.234375 0.074219 0.0625
0 0.198242 0.381836 0.063477 0.066406
0 0.172852 0.494141 0.058594 0.056641
0 0.227539 0.543945 0.047852 0.052734
0 0.142578 0.310547 0.060547 0.0625
0 0.140625 0.219727 0.05957 0.071289
0 0.448242 0.288086 0.0625 0.069336
0 0.520508 0.280273 0.074219 0.067383
0 0.515625 0.232422 0.075195 0.068359
0 0.614258 0.209961 0.110352 0.06543
0 0.506836 0.12793 0.063477 0.060547
0 0.360352 0.119141 0.046875 0.060547
0 0.449219 0.045898 0.05957 0.066406
0 0.30957 0.053711 0.080078 0.097656
0 0.183594 0.030273 0.091797 0.058594
0 0.021484 0.570312 0.042969 0.074219
0 0.178711 0.65332 0.0625 0.0625
0 0.089844 0.896484 0.076172 0.125
0 0.949219 0.186523 0.094727 0.064453
0 0.9375 0.455078 0.075195 0.074219
0 0.951172 0.59375 0.067383 0.088867
0 0.848633 0.630859 0.09082 0.063477
0 0.951172 0.693359 0.070312 0.0625
0 0.103516 0.143555 0.069336 0.0625
0 0.958008 0.539062 0.079102 0.063477
0 0.516602 0.178711 0.073242 0.063477
0 0.495117 0.024414 0.079102 0.049805
0 0.954102 0.498047 0.083008 0.0625
