0 0.012695 0.904297 0.025391 0.163086
0 0.009766 0.384766 0.019531 0.056641
0 0.196289 0.288086 0.087891 0.061523
0 0.102539 0.523438 0.070312 0.135742
0 0.213867 0.567383 0.078125 0.098633
0 0.334961 0.505859 0.113281 0.068359
0 0.354492 0.597656 0.137695 0.092773
0 0.083984 0.751953 0.168945 0.099609
0 0.102539 0.835938 0.132812 0.179688
0 0.383789 0.836914 0.123047 0.100586
0 0.396484 0.768555 0.21582 0.125
0 0.264648 0.96582 0.075195 0.068359
0 0.417969 0.9375 0.086914 0.125
0 0.543945 0.923828 0.051758 0.151367
0 0.537109 0.506836 0.104492 0.114258
0 0.4375 0.27832 0.086914 0.105469
0 0.367188 0.332031 0.074219 0.05957
0 0.335938 0.21875 0.095703 0.109375
0 0.257812 0.250977 0.049805 0.076172
0 0.201172 0.163086 0.078125 0.070312
0 0.161133 0.09668 0.052734 0.038086
0 0.228516 0.013672 0.133789 0.027344
0 0.335938 0.104492 0.133789 0.120117
0 0.344727 0.06543 0.084961 0.050781
0 0.402344 0.011719 0.121094 0.024414
0 0.477539 0.108398 0.063477 0.092773
0 0.516602 0.050781 0.058594 0.097656
0 0.014648 0.174805 0.030273 0.097656
0 0.038086 0.227539 0.050781 0.087891
0 0.035156 0.103516 0.071289 0.064453
0 0.033203 0.511719 0.067383 0.050781
0 0.024414 0.586914 0.048828 0.182617
0 0.572266 0.061523 0.058594 0.077148
0 0.617188 0.018555 0.087891 0.037109
0 0.704102 0.053711 0.067383 0.05957
0 0.567383 0.021484 0.0625 0.043945
0 0.887695 0.078125 0.075195 0.057617
0 0.876953 0.162109 0.12207 0.099609
0 0.666992 0.267578 0.106445 0.061523
0 0.725586 0.342773 0.053711 0.047852
0 0.666016 0.393555 0.057617 0.087891
0 0.700195 0.407227 0.050781 0.076172
0 0.597656 0.421875 0.086914 0.078125
0 0.818359 0.441406 0.114258 0.086914
0 0.873047 0.582031 0.144531 0.075195
0 0.799805 0.647461 0.138672 0.163086
0 0.936523 0.518555 0.076172 0.086914
0 0.84375 0.328125 0.141602 0.09668
0 0.914062 0.342773 0.129883 0.097656
0 0.62207 0.918945 0.077148 0.15332
0 0.954102 0.867188 0.09082 0.146484
0 0.961914 0.268555 0.076172 0.054688
