0 0.108398 0.086914 0.146484 0.0625
0 0.416016 0.040039 0.086914 0.078125
0 0.327148 0.185547 0.094727 0.061523
0 0.558594 0.095703 0.105469 0.081055
0 0.537109 0.279297 0.140625 0.088867
0 0.728516 0.353516 0.067383 0.079102
0 0.838867 0.22168 0.071289 0.045898
0 0.987305 0.302734 0.025391 0.075195
0 0.96582 0.418945 0.068359 0.086914
0 0.743164 0.44043 0.072266 0.084961
0 0.670898 0.549805 0.072266 0.081055
0 0.511719 0.402344 0.086914 0.055664
0 0.209961 0.429688 0.112305 0.072266
0 0.212891 0.336914 0.097656 0.095703
0 0.041016 0.3125 0.082031 0.09668
0 0.043945 0.631836 0.088867 0.086914
0 0.507812 0.630859 0.083008 0.092773
0 0.667969 0.65625 0.083984 0.089844
0 0.681641 0.735352 0.164062 0.072266
0 0.883789 0.783203 0.086914 0.085938
0 0.952148 0.745117 0.074219 0.110352
0 0.983398 0.541016 0.033203 0.085938
0 0.405273 0.875977 0.106445 0.110352
0 0.600586 0.862305 0.079102 0.071289
0 0.867188 0.939453 0.116211 0.080078
0 0.047852 0.983398 0.09668 0.033203
0 0.046875 0.803711 0.09375 0.080078
0 0.227539 0.836914 0.070312 0.102539
0 0.329102 0.757812 0.050781 0.043945
0 0.808594 0.060547 0.081055 0.056641
0 0.612305 0.513672 0.056641 0.066406
