0 0.490234 0.222656 0.082031 0.109375
0 0.509766 0.648438 0.104492 0.083008
0 0.589844 0.05957 0.077148 0.103516
0 0.591797 0.94043 0.100586 0.071289
0 0.84375 0.361328 0.083984 0.091797
0 0.571289 0.234375 0.09375 0.067383
0 0.853516 0.487305 0.082031 0.050781
0 0.740234 0.040039 0.075195 0.081055
0 0.254883 0.336914 0.126953 0.081055
0 0.349609 0.469727 0.126953 0.053711
0 0.666016 0.02832 0.035156 0.056641
0 0.444336 0.546875 0.041016 0.083008
0 0.069336 0.839844 0.098633 0.081055
0 0.547852 0.524414 0.147461 0.0625
0 0.685547 0.493164 0.113281 0.058594
0 0.154297 0.6875 0.088867 0.045898
0 0.509766 0.461914 0.097656 0.077148
0 0.236328 0.963867 0.05957 0.071289
0 0.435547 0.927734 0.118164 0.077148
0 0.790039 0.172852 0.082031 0.088867
0 0.761719 0.410156 0.097656 0.056641
0 0.916016 0.298828 0.12207 0.137695
0 0.583984 0.620117 0.112305 0.044922
0 0.834961 0.59082 0.091797 0.074219
0 0.731445 0.201172 0.131836 0.109375
0 0.412109 0.851562 0.151367 0.167969
0 0.277344 0.961914 0.091797 0.037109
0 0.810547 0.135742 0.142578 0.051758
0 0.966797 0.648438 0.06543 0.069336
0 0.382812 0.635742 0.115234 0.041992
0 0.130859 0.151367 0.104492 0.094727
0 0.530273 0.577148 0.146484 0.056641
0 0.988281 0.544922 0.022461 0.02832
0 0.317383 0.146484 0.169922 0.070312
0 0.369141 0.733398 0.083984 0.033203
0 0.22168 0.901367 0.051758 0.067383
0 0.125 0.927734 0.076172 0.041992
0 0.186523 0.930664 0.09375 0.054688
0 0.716797 0.574219 0.072266 0.063477
0 0.851562 0.625 0.085938 0.050781
0 0.405273 0.854492 0.173828 0.060547
0 0.054688 0.638672 0.109375 0.043945
0 0.952148 0.828125 0.094727 0.051758
0 0.413086 0.271484 0.130859 0.041992
0 0.59082 0.796875 0.084961 0.037109
0 0.400391 0.714844 0.067383 0.025391
0 0.023438 0.942383 0.044922 0.045898
0 0.944336 0.708008 0.111328 0.061523
0 0.986328 0.306641 0.027344 0.060547
0 0.041016 0.560547 0.083008 0.048828
0 0.185547 0.157227 0.183594 0.070312
0 0.25 0.682617 0.103516 0.048828
0 0.851562 0.410156 0.295898 0.09375
0 0.604492 0.660156 0.054688 0.044922
