0 0.513672 0.946289 0.076172 0.103516
0 0.176758 0.916992 0.087891 0.125
0 0.750977 0.102539 0.067383 0.100586
0 0.525391 0.416016 0.054688 0.078125
0 0.670898 0.568359 0.053711 0.125977
0 0.578125 0.132812 0.081055 0.086914
0 0.931641 0.164062 0.044922 0.111328
0 0.3125 0.135742 0.068359 0.078125
0 0.25293 0.477539 0.058594 0.092773
0 0.161133 0.174805 0.080078 0.09082
0 0.731445 0.72168 0.027344 0.126953
0 0.523438 0.318359 0.060547 0.115234
0 0.866211 0.681641 0.050781 0.082031
0 0.65625 0.080078 0.055664 0.084961
0 0.391602 0.662109 0.107422 0.050781
0 0.769531 0.65918 0.044922 0.114258
0 0.369141 0.806641 0.09668 0.092773
0 0.959961 0.771484 0.079102 0.086914
0 0.722656 0.15625 0.098633 0.100586
0 0.932617 0.850586 0.047852 0.091797
0 0.088867 0.958984 0.056641 0.070312
0 0.899414 0.049805 0.051758 0.097656
0 0.493164 0.130859 0.058594 0.128906
0 0.953125 0.412109 0.09375 0.061523
0 0.513672 0.047852 0.0625 0.09668
0 0.152344 0.433594 0.088867 0.106445
0 0.045898 0.373047 0.044922 0.103516
0 0.894531 0.842773 0.050781 0.078125
0 0.875977 0.044922 0.061523 0.087891
0 0.338867 0.520508 0.115234 0.091797
0 0.981445 0.095703 0.036133 0.086914
0 0.605469 0.057617 0.044922 0.103516
0 0.435547 0.360352 0.074219 0.104492
0 0.417969 0.186523 0.066406 0.102539
0 0.629883 0.244141 0.058594 0.048828
0 0.597656 0.516602 0.0625 0.064453
0 0.881836 0.484375 0.069336 0.077148
0 0.098633 0.085938 0.03418 0.067383
0 0.25293 0.954102 0.079102 0.036133
0 0.723633 0.115234 0.064453 0.072266
0 0.442383 0.818359 0.029297 0.083984
0 0.40625 0.439453 0.072266 0.042969
0 0.830078 0.697266 0.074219 0.049805
0 0.885742 0.37793 0.063477 0.094727
0 0.545898 0.874023 0.054688 0.086914
0 0.295898 0.708984 0.086914 0.057617
0 0.324219 0.551758 0.068359 0.049805
0 0.449219 0.097656 0.038086 0.106445
0 0.259766 0.708984 0.081055 0.079102
0 0.057617 0.082031 0.063477 0.057617
0 0.56543 0.754883 0.076172 0.041992
0 0.124023 0.46582 0.077148 0.092773
0 0.210938 0.810547 0.041016 0.107422
0 0.194336 0.519531 0.09668 0.107422
0 0.668945 0.973633 0.074219 0.042969
0 0.807617 0.526367 0.057617 0.116211
0 0.413086 0.537109 0.05957 0.043945
0 0.027344 0.415039 0.055664 0.061523
0 0.672852 0.491211 0.050781 0.054688
0 0.152344 0.80957 0.071289 0.058594
0 0.882812 0.685547 0.041016 0.073242
0 0.712891 0.539062 0.036133 0.048828
0 0.186523 0.06543 0.054688 0.055664
0 0.59082 0.074219 0.071289 0.112305
0 0.147461 0.21875 0.055664 0.039062
0 0.199219 0.900391 0.047852 0.055664
0 0.139648 0.959961 0.085938 0.041016
0 0.486328 0.489258 0.051758 0.036133
0 0.832031 0.216797 0.03125 0.056641
0 0.776367 0.831055 0.097656 0.038086
0 0.237305 0.266602 0.051758 0.051758
0 0.416992 0.035156 0.067383 0.066406
0 0.988281 0.423828 0.023438 0.038086
0 0.032227 0.103516 0.064453 0.051758
0 0.895508 0.430664 0.037109 0.078125
0 0.800781 0.78125 0.086914 0.051758
0 0.854492 0.539062 0.058594 0.089844
0 0.776367 0.517578 0.041016 0.076172
0 0.169922 0.032227 0.040039 0.064453
0 0.80957 0.878906 0.033203 0.056641
0 0.017578 0.347656 0.036133 0.100586
0 0.915039 0.870117 0.03418 0.080078
0 0.363281 0.738281 0.092773 0.057617
0 0.933594 0.463867 0.074219 0.038086
0 0.195312 0.293945 0.080078 0.189453
0 0.552734 0.540039 0.056641 0.042969
0 0.022461 0.839844 0.044922 0.069336
0 0.975586 0.753906 0.041992 0.083008
0 0.630859 0.8125 0.039062 0.069336
0 0.657227 0.801758 0.091797 0.076172
