0 0.961914 0.50293 0.076172 0.300781
0 0.783203 0.894531 0.139648 0.165039
0 0.764648 0.529297 0.095703 0.106445
0 0.043945 0.151367 0.088867 0.087891
0 0.033203 0.633789 0.067383 0.136719
0 0.640625 0.946289 0.132812 0.098633
0 0.109375 0.966797 0.135742 0.066406
0 0.484375 0.367188 0.133789 0.192383
0 0.316406 0.90332 0.09082 0.083008
0 0.157227 0.905273 0.125 0.068359
0 0.124023 0.750977 0.0625 0.15332
0 0.19043 0.786133 0.067383 0.085938
0 0.866211 0.350586 0.173828 0.094727
0 0.610352 0.358398 0.139648 0.09375
0 0.556641 0.264648 0.100586 0.071289
0 0.479492 0.256836 0.162109 0.103516
