0 0.991211 0.393555 0.016602 0.104492
0 0.71582 0.413086 0.086914 0.088867
0 0.78418 0.171875 0.15625 0.110352
0 0.943359 0.253906 0.112305 0.09668
0 0.323242 0.174805 0.117188 0.09082
0 0.435547 0.277344 0.099609 0.083984
0 0.548828 0.380859 0.104492 0.097656
0 0.223633 0.269531 0.126953 0.114258
0 0.005859 0.311523 0.012695 0.085938
0 0.111328 0.636719 0.060547 0.063477
0 0.199219 0.740234 0.138672 0.110352
0 0.361328 0.833008 0.119141 0.108398
0 0.636719 0.915039 0.100586 0.111328
0 0.779297 0.728516 0.113281 0.072266
0 0.037109 0.976562 0.075195 0.045898
0 0.158203 0.380859 0.097656 0.107422
0 0.326172 0.360352 0.066406 0.106445
0 0.248047 0.495117 0.0625 0.069336
0 0.292969 0.522461 0.05957 0.077148
0 0.202148 0.62207 0.057617 0.069336
0 0.019531 0.029297 0.040039 0.058594
0 0.044922 0.949219 0.089844 0.049805
0 0.450195 0.453125 0.09375 0.068359
0 0.427734 0.621094 0.098633 0.105469
0 0.463867 0.770508 0.074219 0.068359
0 0.267578 0.708008 0.072266 0.078125
0 0.094727 0.589844 0.089844 0.042969
0 0.862305 0.621094 0.080078 0.119141
0 0.824219 0.606445 0.053711 0.126953
0 0.796875 0.342773 0.123047 0.081055
0 0.841797 0.022461 0.081055 0.044922
0 0.829102 0.088867 0.058594 0.036133
0 0.645508 0.723633 0.111328 0.055664
0 0.790039 0.788086 0.138672 0.073242
0 0.020508 0.554688 0.041016 0.046875
