0 0.057617 0.414062 0.112305 0.169922
0 0.036133 0.015625 0.072266 0.032227
0 0.842773 0.300781 0.137695 0.091797
0 0.560547 0.050781 0.101562 0.102539
0 0.364258 0.248047 0.117188 0.094727
0 0.243164 0.02832 0.117188 0.056641
0 0.240234 0.837891 0.15332 0.102539
0 0.767578 0.490234 0.12207 0.09668
0 0.232422 0.726562 0.102539 0.104492
0 0.69043 0.580078 0.102539 0.112305
0 0.585938 0.631836 0.117188 0.115234
0 0.100586 0.869141 0.102539 0.089844
0 0.217773 0.543945 0.129883 0.102539
0 0.504883 0.263672 0.072266 0.072266
0 0.916016 0.477539 0.117188 0.085938
0 0.806641 0.233398 0.157227 0.092773
0 0.65332 0.319336 0.091797 0.080078
0 0.603516 0.37207 0.109375 0.089844
0 0.270508 0.250977 0.110352 0.105469
0 0.166992 0.950195 0.150391 0.092773
0 0.78418 0.572266 0.104492 0.080078
0 0.015625 0.614258 0.032227 0.104492
0 0.961914 0.767578 0.075195 0.080078
0 0.94043 0.291992 0.102539 0.115234
