0 0.12207 0.020508 0.129883 0.041016
0 0.780273 0.864258 0.112305 0.089844
0 0.351562 0.695312 0.114258 0.092773
0 0.181641 0.836914 0.129883 0.080078
0 0.467773 0.510742 0.108398 0.072266
0 0.841797 0.020508 0.063477 0.041016
0 0.016602 0.594727 0.033203 0.105469
0 0.152344 0.354492 0.089844 0.053711
0 0.439453 0.655273 0.099609 0.083008
0 0.917969 0.551758 0.112305 0.089844
0 0.327148 0.347656 0.154297 0.077148
0 0.96875 0.436523 0.0625 0.079102
0 0.573242 0.344727 0.162109 0.080078
0 0.496094 0.476562 0.072266 0.06543
0 0.444336 0.000977 0.064453 0.001953
0 0.318359 0.027344 0.072266 0.054688
0 0.756836 0.068359 0.075195 0.046875
0 0.753906 0.069336 0.069336 0.044922
0 0.591797 0.019531 0.080078 0.039062
0 0.956055 0.931641 0.086914 0.085938
0 0.735352 0.599609 0.077148 0.060547
0 0.185547 0.248047 0.0625 0.067383
0 0.412109 0.024414 0.109375 0.049805
