0 0.650391 0.855469 0.137695 0.102539
0 0.560547 0.714844 0.120117 0.117188
0 0.618164 0.273438 0.124023 0.152344
0 0.796875 0.832031 0.150391 0.115234
0 0.494141 0.947266 0.129883 0.105469
0 0.917969 0.771484 0.12793 0.128906
0 0.573242 0.59082 0.142578 0.123047
0 0.25293 0.165039 0.135742 0.113281
0 0.831055 0.462891 0.131836 0.115234
0 0.535156 0.05957 0.102539 0.115234
0 0.207031 0.832031 0.124023 0.097656
0 0.838867 0.641602 0.081055 0.129883
0 0.882812 0.966797 0.182617 0.06543
0 0.692383 0.091797 0.141602 0.074219
0 0.105469 0.412109 0.207031 0.125977
0 0.261719 0.050781 0.169922 0.097656
0 0.055664 0.96875 0.107422 0.0625
0 0.058594 0.033203 0.097656 0.0625
0 0.768555 0.683594 0.09375 0.112305
0 0.673828 0.128906 0.151367 0.082031
0 0.917969 0.454102 0.094727 0.108398
0 0.357422 0.550781 0.089844 0.081055
