0 0.02832 0.022461 0.057617 0.044922
0 0.045898 0.964844 0.056641 0.052734
0 0.168945 0.931641 0.074219 0.089844
0 0.03418 0.869141 0.068359 0.051758
0 0.03125 0.738281 0.054688 0.080078
0 0.100586 0.759766 0.050781 0.053711
0 0.154297 0.788086 0.069336 0.102539
0 0.206055 0.836914 0.089844 0.076172
0 0.292969 0.795898 0.074219 0.058594
0 0.219727 0.739258 0.061523 0.053711
0 0.232422 0.689453 0.0625 0.05957
0 0.285156 0.665039 0.0625 0.064453
0 0.229492 0.617188 0.061523 0.068359
0 0.289062 0.586914 0.073242 0.082031
0 0.369141 0.592773 0.05957 0.088867
0 0.208008 0.503906 0.080078 0.073242
0 0.099609 0.378906 0.064453 0.069336
0 0.09375 0.191406 0.072266 0.061523
0 0.146484 0.229492 0.061523 0.05957
0 0.175781 0.176758 0.079102 0.048828
0 0.238281 0.206055 0.068359 0.051758
0 0.243164 0.285156 0.089844 0.075195
0 0.301758 0.256836 0.083008 0.0625
0 0.347656 0.331055 0.05957 0.066406
0 0.40625 0.3125 0.05957 0.045898
0 0.444336 0.274414 0.09668 0.058594
0 0.53125 0.266602 0.067383 0.063477
0 0.506836 0.143555 0.082031 0.076172
0 0.449219 0.123047 0.074219 0.048828
0 0.357422 0.125 0.067383 0.082031
0 0.34082 0.052734 0.074219 0.083984
0 0.21582 0.0625 0.084961 0.118164
0 0.1875 0.021484 0.074219 0.042969
0 0.40918 0.048828 0.064453 0.079102
0 0.46875 0.058594 0.066406 0.0625
0 0.539062 0.057617 0.09668 0.088867
0 0.900391 0.054688 0.081055 0.071289
0 0.858398 0.170898 0.073242 0.071289
0 0.761719 0.297852 0.06543 0.133789
0 0.59082 0.30957 0.05957 0.085938
0 0.899414 0.380859 0.106445 0.053711
0 0.574219 0.402344 0.054688 0.056641
0 0.649414 0.553711 0.064453 0.109375
0 0.597656 0.571289 0.049805 0.068359
0 0.524414 0.680664 0.064453 0.124023
0 0.572266 0.693359 0.069336 0.135742
0 0.449219 0.803711 0.053711 0.050781
0 0.501953 0.837891 0.064453 0.0625
0 0.432617 0.870117 0.050781 0.085938
0 0.344727 0.926758 0.083008 0.091797
0 0.836914 0.951172 0.066406 0.058594
0 0.77832 0.941406 0.054688 0.074219
0 0.506836 0.954102 0.054688 0.081055
0 0.545898 0.90918 0.056641 0.074219
0 0.589844 0.916992 0.074219 0.085938
0 0.652344 0.904297 0.070312 0.057617
0 0.727539 0.885742 0.075195 0.09375
0 0.670898 0.803711 0.072266 0.082031
0 0.880859 0.743164 0.119141 0.100586
0 0.901367 0.814453 0.082031 0.05957
0 0.96582 0.881836 0.067383 0.091797
0 0.927734 0.605469 0.106445 0.102539
0 0.958984 0.526367 0.082031 0.070312
0 0.969727 0.258789 0.060547 0.056641
0 0.801758 0.900391 0.067383 0.061523
0 0.989258 0.411133 0.021484 0.078125
0 0.274414 0.731445 0.056641 0.05957
0 0.390625 0.992188 0.101562 0.015625
0 0.705078 0.625 0.03125 0.101562
0 0.789062 0.338867 0.049805 0.037109
