0 0.292969 0.678711 0.112305 0.084961
0 0.762695 0.019531 0.086914 0.039062
0 0.335938 0.760742 0.107422 0.078125
0 0.860352 0.03418 0.112305 0.05957
0 0.03418 0.519531 0.069336 0.099609
0 0.342773 0.121094 0.105469 0.05957
0 0.728516 0.546875 0.087891 0.075195
0 0.716797 0.467773 0.139648 0.067383
0 0.443359 0.074219 0.152344 0.070312
0 0.106445 0.302734 0.075195 0.05957
0 0.363281 0.624023 0.177734 0.05957
0 0.12793 0.166016 0.072266 0.0625
0 0.852539 0.430664 0.102539 0.082031
0 0.163086 0.856445 0.0625 0.129883
0 0.837891 0.265625 0.1875 0.087891
0 0.297852 0.330078 0.09668 0.067383
0 0.033203 0.765625 0.066406 0.06543
0 0.517578 0.819336 0.067383 0.054688
0 0.31543 0.855469 0.163086 0.12207
0 0.610352 0.094727 0.083008 0.064453
0 0.172852 0.541992 0.078125 0.15332
0 0.043945 0.639648 0.05957 0.060547
0 0.833008 0.211914 0.132812 0.075195
0 0.520508 0.474609 0.057617 0.089844
0 0.594727 0.583008 0.064453 0.092773
0 0.248047 0.453125 0.097656 0.112305
0 0.451172 0.121094 0.107422 0.052734
0 0.488281 0.338867 0.072266 0.05957
0 0.821289 0.674805 0.06543 0.089844
0 0.629883 0.486328 0.067383 0.084961
0 0.941406 0.238281 0.084961 0.056641
0 0.634766 0.769531 0.105469 0.080078
0 0.674805 0.731445 0.089844 0.05957
0 0.871094 0.845703 0.197266 0.113281
0 0.083008 0.833008 0.087891 0.083008
0 0.670898 0.071289 0.052734 0.06543
0 0.623047 0.662109 0.172852 0.074219
0 0.25 0.924805 0.075195 0.144531
0 0.432617 0.254883 0.086914 0.102539
0 0.545898 0.207031 0.087891 0.064453
0 0.632812 0.239258 0.166992 0.049805
0 0.793945 0.956055 0.075195 0.087891
0 0.588867 0.811523 0.05957 0.05957
0 0.942383 0.707031 0.115234 0.064453
0 0.023438 0.219727 0.047852 0.045898
0 0.369141 0.238281 0.129883 0.068359
0 0.296875 0.280273 0.054688 0.051758
0 0.03418 0.162109 0.06543 0.050781
0 0.911133 0.020508 0.097656 0.041992
0 0.633789 0.640625 0.05957 0.137695
0 0.011719 0.891602 0.024414 0.080078
0 0.78125 0.641602 0.084961 0.05957
0 0.050781 0.900391 0.078125 0.118164
0 0.941406 0.333984 0.104492 0.03418
0 0.03418 0.302734 0.068359 0.05957
0 0.140625 0.597656 0.042969 0.131836
0 0.164062 0.587891 0.040039 0.107422
0 0.850586 0.957031 0.097656 0.080078
0 0.9375 0.925781 0.125 0.097656
0 0.30957 0.499023 0.074219 0.079102
0 0.680664 0.245117 0.057617 0.102539
0 0.926758 0.091797 0.035156 0.099609
0 0.834961 0.302734 0.157227 0.047852
0 0.036133 0.254883 0.072266 0.039062
