0 0.117188 0.037109 0.179688 0.075195
0 0.970703 0.074219 0.057617 0.148438
0 0.547852 0.439453 0.164062 0.082031
0 0.464844 0.099609 0.192383 0.198242
0 0.182617 0.116211 0.109375 0.135742
0 0.674805 0.035156 0.110352 0.070312
0 0.078125 0.74707 0.157227 0.130859
0 0.111328 0.367188 0.109375 0.09668
0 0.362305 0.833984 0.324219 0.123047
0 0.561523 0.274414 0.186523 0.219727
0 0.68457 0.722656 0.21875 0.208984
0 0.845703 0.860352 0.117188 0.192383
0 0.331055 0.939453 0.355469 0.112305
0 0.748047 0.970703 0.119141 0.058594
0 0.509766 0.049805 0.138672 0.100586
0 0.568359 0.489258 0.129883 0.077148
0 0.884766 0.34082 0.100586 0.196289
0 0.328125 0.345703 0.219727 0.135742
0 0.386719 0.322266 0.143555 0.175781
0 0.419922 0.27832 0.167969 0.222656
0 0.93457 0.088867 0.129883 0.077148
