0 0.866211 0.118164 0.209961 0.112305
0 0.106445 0.234375 0.110352 0.075195
0 0.59082 0.158203 0.132812 0.0625
0 0.245117 0.213867 0.12793 0.06543
0 0.293945 0.720703 0.110352 0.087891
0 0.686523 0.279297 0.119141 0.075195
0 0.426758 0.837891 0.129883 0.077148
0 0.02832 0.03125 0.054688 0.060547
0 0.59668 0.314453 0.120117 0.070312
0 0.599609 0.393555 0.109375 0.052734
0 0.225586 0.379883 0.123047 0.067383
0 0.599609 0.905273 0.09668 0.089844
0 0.041992 0.942383 0.084961 0.115234
0 0.463867 0.977539 0.163086 0.043945
0 0.890625 0.302734 0.212891 0.102539
0 0.263672 0.539062 0.112305 0.086914
0 0.246094 0.135742 0.197266 0.068359
0 0.524414 0.753906 0.105469 0.075195
0 0.106445 0.699219 0.104492 0.125
0 0.606445 0.077148 0.145508 0.060547
0 0.020508 0.614258 0.041992 0.139648
0 0.203125 0.845703 0.112305 0.087891
0 0.416992 0.917969 0.130859 0.0625
0 0.725586 0.078125 0.132812 0.052734
0 0.038086 0.697266 0.077148 0.070312
0 0.219727 0.951172 0.099609 0.097656
0 0.861328 0.726562 0.077148 0.078125
0 0.259766 0.474609 0.107422 0.067383
0 0.885742 0.244141 0.177734 0.145508
0 0.270508 0.041992 0.087891 0.047852
