0 0.451172 0.033203 0.147461 0.067383
0 0.602539 0.052734 0.113281 0.106445
0 0.775391 0.197266 0.120117 0.125977
0 0.544922 0.186523 0.144531 0.152344
0 0.645508 0.482422 0.137695 0.109375
0 0.875977 0.410156 0.110352 0.104492
0 0.825195 0.632812 0.208984 0.200195
0 0.955078 0.887695 0.089844 0.124023
0 0.641602 0.65625 0.121094 0.108398
0 0.451172 0.514648 0.075195 0.075195
0 0.432617 0.713867 0.104492 0.169922
0 0.571289 0.782227 0.120117 0.146484
0 0.611328 0.93457 0.146484 0.129883
0 0.165039 0.702148 0.110352 0.154297
0 0.224609 0.530273 0.108398 0.214844
0 0.145508 0.924805 0.162109 0.108398
0 0.230469 0.861328 0.108398 0.081055
0 0.051758 0.103516 0.104492 0.12207
0 0.201172 0.112305 0.160156 0.083008
0 0.512695 0.585938 0.087891 0.079102
