0 0.685547 0.073242 0.154297 0.104492
0 0.933594 0.016602 0.132812 0.033203
0 0.97168 0.068359 0.055664 0.063477
0 0.963867 0.353516 0.058594 0.066406
0 0.958008 0.735352 0.054688 0.170898
0 0.902344 0.878906 0.055664 0.132812
0 0.956055 0.905273 0.074219 0.087891
0 0.801758 0.794922 0.103516 0.088867
0 0.723633 0.871094 0.091797 0.087891
0 0.754883 0.962891 0.072266 0.073242
0 0.735352 0.442383 0.069336 0.067383
0 0.677734 0.494141 0.066406 0.039062
0 0.805664 0.702148 0.09375 0.077148
0 0.664062 0.616211 0.095703 0.09375
0 0.613281 0.713867 0.064453 0.058594
0 0.484375 0.818359 0.079102 0.077148
0 0.331055 0.985352 0.095703 0.029297
0 0.202148 0.977539 0.082031 0.043945
0 0.219727 0.902344 0.067383 0.060547
0 0.085938 0.832031 0.086914 0.066406
0 0.116211 0.743164 0.081055 0.066406
0 0.125 0.675781 0.0625 0.075195
0 0.069336 0.632812 0.073242 0.063477
0 0.05957 0.549805 0.120117 0.087891
0 0.40918 0.742188 0.063477 0.069336
0 0.364258 0.791016 0.081055 0.109375
0 0.508789 0.688477 0.082031 0.076172
0 0.427734 0.568359 0.067383 0.073242
0 0.357422 0.456055 0.079102 0.095703
0 0.442383 0.483398 0.060547 0.054688
0 0.511719 0.419922 0.089844 0.09082
0 0.324219 0.289062 0.064453 0.061523
0 0.206055 0.382812 0.076172 0.066406
0 0.178711 0.310547 0.080078 0.069336
0 0.457031 0.083008 0.120117 0.080078
0 0.307617 0.03418 0.09082 0.069336
0 0.672852 0.194336 0.083008 0.067383
0 0.197266 0.051758 0.064453 0.061523
0 0.037109 0.070312 0.075195 0.069336
0 0.040039 0.15918 0.077148 0.067383
0 0.254883 0.636719 0.067383 0.060547
0 0.172852 0.706055 0.083008 0.077148
0 0.216797 0.109375 0.077148 0.072266
0 0.305664 0.481445 0.06543 0.066406
