0 0.552734 0.164062 0.073242 0.105469
0 0.536133 0.772461 0.104492 0.083008
0 0.172852 0.547852 0.073242 0.05957
0 0.379883 0.412109 0.057617 0.082031
0 0.862305 0.033203 0.050781 0.06543
0 0.295898 0.493164 0.069336 0.072266
0 0.266602 0.791016 0.092773 0.068359
0 0.325195 0.713867 0.071289 0.084961
0 0.782227 0.137695 0.048828 0.083008
0 0.483398 0.481445 0.06543 0.077148
0 0.044922 0.139648 0.09082 0.095703
0 0.549805 0.34375 0.071289 0.110352
0 0.382812 0.214844 0.069336 0.083008
0 0.068359 0.467773 0.084961 0.118164
0 0.866211 0.462891 0.051758 0.082031
0 0.333984 0.604492 0.043945 0.097656
0 0.883789 0.264648 0.076172 0.130859
0 0.779297 0.591797 0.098633 0.134766
0 0.989258 0.253906 0.020508 0.12793
0 0.418945 0.297852 0.09668 0.141602
0 0.038086 0.750977 0.057617 0.114258
0 0.083984 0.949219 0.113281 0.094727
0 0.574219 0.488281 0.050781 0.09668
0 0.206055 0.697266 0.044922 0.131836
0 0.332031 0.381836 0.068359 0.069336
0 0.473633 0.847656 0.060547 0.057617
0 0.794922 0.229492 0.105469 0.083008
0 0.385742 0.322266 0.047852 0.081055
0 0.951172 0.641602 0.049805 0.09668
0 0.228516 0.419922 0.067383 0.0625
0 0.410156 0.201172 0.050781 0.058594
0 0.489258 0.681641 0.080078 0.083984
0 0.109375 0.862305 0.132812 0.055664
0 0.506836 0.597656 0.048828 0.048828
0 0.0625 0.614258 0.050781 0.162109
0 0.25 0.140625 0.041992 0.053711
0 0.177734 0.72168 0.0625 0.09082
0 0.152344 0.504883 0.071289 0.041992
0 0.393555 0.863281 0.082031 0.053711
0 0.453125 0.665039 0.054688 0.081055
0 0.148438 0.470703 0.038086 0.072266
0 0.236328 0.375977 0.061523 0.047852
0 0.132812 0.911133 0.056641 0.05957
0 0.030273 0.080078 0.051758 0.061523
0 0.238281 0.672852 0.033203 0.060547
0 0.048828 0.827148 0.082031 0.041992
0 0.025391 0.855469 0.051758 0.064453
0 0.486328 0.972656 0.068359 0.047852
0 0.939453 0.014648 0.047852 0.02832
0 0.083008 0.073242 0.166992 0.097656
0 0.092773 0.032227 0.09668 0.064453
0 0.751953 0.899414 0.085938 0.051758
0 0.518555 0.427734 0.086914 0.109375
0 0.75 0.837891 0.148438 0.05957
0 0.029297 0.035156 0.056641 0.069336
0 0.665039 0.361328 0.057617 0.089844
