0 0.737305 0.071289 0.069336 0.095703
0 0.347656 0.305664 0.054688 0.080078
0 0.75 0.22168 0.060547 0.102539
0 0.459961 0.170898 0.091797 0.048828
0 0.433594 0.569336 0.09082 0.063477
0 0.708984 0.675781 0.066406 0.037109
0 0.805664 0.521484 0.060547 0.076172
0 0.34668 0.088867 0.063477 0.09668
0 0.785156 0.709961 0.054688 0.074219
0 0.21582 0.234375 0.088867 0.06543
0 0.038086 0.430664 0.076172 0.041016
0 0.432617 0.924805 0.053711 0.035156
0 0.226562 0.298828 0.100586 0.054688
0 0.87793 0.865234 0.046875 0.067383
0 0.974609 0.539062 0.050781 0.076172
0 0.203125 0.916992 0.080078 0.053711
0 0.927734 0.591797 0.063477 0.057617
0 0.59082 0.09082 0.060547 0.052734
0 0.110352 0.104492 0.092773 0.060547
0 0.018555 0.463867 0.037109 0.035156
0 0.222656 0.955078 0.09375 0.049805
0 0.430664 0.104492 0.089844 0.067383
0 0.385742 0.466797 0.092773 0.064453
0 0.037109 0.032227 0.072266 0.048828
0 0.956055 0.337891 0.087891 0.100586
0 0.732422 0.620117 0.044922 0.101562
0 0.313477 0.569336 0.107422 0.075195
0 0.977539 0.267578 0.044922 0.043945
0 0.553711 0.9375 0.109375 0.064453
0 0.952148 0.554688 0.063477 0.060547
0 0.027344 0.397461 0.054688 0.035156
0 0.099609 0.973633 0.107422 0.043945
0 0.661133 0.027344 0.050781 0.052734
0 0.350586 0.623047 0.078125 0.057617
0 0.133789 0.515625 0.053711 0.070312
0 0.535156 0.262695 0.118164 0.089844
0 0.123047 0.549805 0.039062 0.038086
0 0.136719 0.02832 0.058594 0.054688
0 0.773438 0.397461 0.046875 0.060547
0 0.542969 0.351562 0.048828 0.057617
0 0.461914 0.452148 0.061523 0.043945
0 0.986328 0.914062 0.026367 0.037109
0 0.132812 0.580078 0.099609 0.083008
0 0.044922 0.946289 0.060547 0.042969
0 0.208984 0.986328 0.102539 0.024414
0 0.702148 0.319336 0.049805 0.058594
0 0.234375 0.438477 0.057617 0.040039
0 0.014648 0.775391 0.029297 0.032227
0 0.204102 0.644531 0.100586 0.047852
0 0.455078 0.072266 0.097656 0.055664
0 0.076172 0.609375 0.080078 0.071289
0 0.276367 0.381836 0.083008 0.039062
0 0.360352 0.837891 0.095703 0.06543
0 0.462891 0.038086 0.063477 0.018555
0 0.896484 0.691406 0.043945 0.03418
0 0.015625 0.65625 0.029297 0.038086
0 0.919922 0.96582 0.043945 0.049805
0 0.647461 0.099609 0.066406 0.048828
0 0.586914 0.367188 0.041992 0.046875
0 0.507812 0.148438 0.068359 0.036133
0 0.644531 0.706055 0.046875 0.033203
0 0.208008 0.744141 0.080078 0.033203
0 0.087891 0.677734 0.076172 0.039062
0 0.586914 0.704102 0.076172 0.047852
0 0.629883 0.955078 0.055664 0.0625
0 0.25 0.850586 0.076172 0.092773
0 0.014648 0.923828 0.029297 0.036133
0 0.40625 0.750977 0.071289 0.038086
0 0.984375 0.311523 0.03125 0.056641
0 0.991211 0.750977 0.017578 0.017578
0 0.525391 0.980469 0.050781 0.032227
0 0.844727 0.044922 0.072266 0.075195
0 0.84668 0.941406 0.040039 0.041992
0 0.710938 0.569336 0.080078 0.078125
0 0.589844 0.558594 0.095703 0.094727
0 0.556641 0.496094 0.074219 0.046875
0 0.581055 0.585938 0.060547 0.051758
0 0.59668 0.494141 0.045898 0.051758
0 0.873047 0.109375 0.06543 0.066406
0 0.259766 0.041016 0.075195 0.077148
0 0.853516 0.731445 0.048828 0.063477
0 0.975586 0.728516 0.044922 0.061523
0 0.803711 0.220703 0.045898 0.053711
