0 0.054688 0.503906 0.109375 0.104492
0 0.507812 0.583984 0.192383 0.084961
0 0.029297 0.357422 0.05957 0.067383
0 0.842773 0.313477 0.217773 0.082031
0 0.24707 0.550781 0.074219 0.072266
0 0.124023 0.797852 0.075195 0.086914
0 0.69043 0.538086 0.142578 0.087891
0 0.307617 0.786133 0.102539 0.052734
0 0.629883 0.46582 0.227539 0.107422
0 0.337891 0.87207 0.172852 0.109375
0 0.339844 0.291992 0.080078 0.070312
0 0.444336 0.400391 0.209961 0.202148
0 0.385742 0.142578 0.078125 0.282227
0 0.438477 0.735352 0.132812 0.077148
0 0.87207 0.491211 0.134766 0.254883
0 0.53125 0.954102 0.095703 0.081055
0 0.626953 0.0625 0.379883 0.112305
0 0.462891 0.25293 0.1875 0.118164
0 0.34668 0.360352 0.125 0.102539
0 0.797852 0.126953 0.217773 0.195312
0 0.068359 0.048828 0.136719 0.094727
0 0.198242 0.246094 0.126953 0.267578
0 0.739258 0.079102 0.06543 0.155273
0 0.685547 0.787109 0.292969 0.189453
0 0.945312 0.367188 0.086914 0.064453
0 0.211914 0.099609 0.109375 0.195312
0 0.850586 0.21582 0.067383 0.052734
0 0.574219 0.306641 0.075195 0.25
0 0.657227 0.602539 0.105469 0.047852
0 0.488281 0.722656 0.203125 0.163086
0 0.791016 0.591797 0.0625 0.099609
0 0.050781 0.445312 0.101562 0.077148
0 0.09082 0.0625 0.097656 0.047852
0 0.397461 0.96875 0.088867 0.061523
0 0.584961 0.951172 0.075195 0.097656
0 0.924805 0.870117 0.150391 0.067383
0 0.790039 0.915039 0.067383 0.092773
0 0.835938 0.912109 0.0625 0.074219
0 0.932617 0.978516 0.089844 0.040039
0 0.842773 0.932617 0.135742 0.134766
0 0.417969 0.817383 0.24707 0.102539
0 0.958008 0.601562 0.083008 0.05957
0 0.980469 0.65918 0.038086 0.049805
0 0.59668 0.436523 0.160156 0.055664
0 0.568359 0.026367 0.0625 0.049805
0 0.291016 0.078125 0.107422 0.152344
