0 0.09375 0.068359 0.076172 0.092773
0 0.049805 0.133789 0.100586 0.085938
0 0.149414 0.223633 0.135742 0.110352
0 0.255859 0.181641 0.117188 0.105469
0 0.43457 0.273438 0.094727 0.066406
0 0.350586 0.428711 0.074219 0.083008
0 0.621094 0.299805 0.083008 0.075195
0 0.757812 0.374023 0.09082 0.077148
0 0.703125 0.317383 0.083984 0.101562
0 0.84375 0.295898 0.091797 0.091797
0 0.891602 0.105469 0.100586 0.094727
0 0.756836 0.045898 0.081055 0.087891
0 0.629883 0.038086 0.116211 0.063477
0 0.975586 0.386719 0.048828 0.063477
0 0.768555 0.667969 0.073242 0.061523
0 0.675781 0.624023 0.069336 0.06543
0 0.314453 0.628906 0.115234 0.12207
0 0.529297 0.737305 0.09375 0.053711
0 0.352539 0.827148 0.092773 0.05957
0 0.241211 0.852539 0.112305 0.088867
0 0.071289 0.838867 0.083008 0.105469
0 0.164062 0.961914 0.074219 0.075195
0 0.051758 0.970703 0.067383 0.057617
0 0.476562 0.979492 0.119141 0.041016
0 0.543945 0.898438 0.05957 0.074219
0 0.516602 0.84375 0.126953 0.052734
0 0.672852 0.824219 0.110352 0.061523
0 0.84375 0.814453 0.080078 0.084961
0 0.776367 0.967773 0.091797 0.064453
0 0.892578 0.946289 0.078125 0.101562
0 0.985352 0.848633 0.029297 0.077148
0 0.332031 0.953125 0.061523 0.061523
0 0.959961 0.90332 0.080078 0.075195
