0 0.931641 0.68457 0.075195 0.060547
0 0.749023 0.423828 0.063477 0.089844
0 0.650391 0.664062 0.073242 0.06543
0 0.674805 0.332031 0.075195 0.087891
0 0.717773 0.160156 0.077148 0.112305
0 0.916016 0.467773 0.097656 0.111328
0 0.730469 0.541992 0.072266 0.064453
0 0.727539 0.707031 0.067383 0.074219
0 0.775391 0.963867 0.077148 0.06543
0 0.617188 0.558594 0.058594 0.049805
0 0.894531 0.589844 0.064453 0.080078
0 0.025391 0.699219 0.050781 0.083008
0 0.864258 0.248047 0.075195 0.12207
0 0.865234 0.128906 0.086914 0.110352
0 0.525391 0.308594 0.083008 0.0625
0 0.93457 0.850586 0.095703 0.072266
0 0.960938 0.921875 0.077148 0.0625
0 0.743164 0.607422 0.0625 0.067383
0 0.056641 0.245117 0.081055 0.089844
0 0.862305 0.367188 0.068359 0.077148
0 0.079102 0.65332 0.066406 0.123047
0 0.56543 0.242188 0.086914 0.080078
0 0.758789 0.045898 0.075195 0.087891
0 0.899414 0.324219 0.054688 0.134766
0 0.819336 0.613281 0.054688 0.072266
