0 0.078125 0.333008 0.076172 0.119141
0 0.12793 0.34082 0.069336 0.083008
0 0.039062 0.610352 0.077148 0.064453
0 0.248047 0.681641 0.144531 0.155273
0 0.177734 0.46875 0.116211 0.056641
0 0.243164 0.520508 0.160156 0.086914
0 0.40918 0.5 0.104492 0.085938
0 0.612305 0.583008 0.139648 0.066406
0 0.600586 0.5 0.06543 0.047852
0 0.499023 0.416992 0.072266 0.092773
0 0.444336 0.237305 0.148438 0.144531
0 0.800781 0.441406 0.082031 0.072266
0 0.302734 0.042969 0.079102 0.078125
0 0.708984 0.020508 0.100586 0.041992
0 0.796875 0.095703 0.083008 0.138672
0 0.669922 0.092773 0.108398 0.088867
0 0.579102 0.150391 0.071289 0.076172
0 0.958984 0.172852 0.074219 0.15625
0 0.942383 0.3125 0.080078 0.114258
0 0.768555 0.614258 0.094727 0.121094
0 0.848633 0.542969 0.051758 0.073242
0 0.901367 0.494141 0.051758 0.061523
0 0.053711 0.958008 0.095703 0.082031
0 0.080078 0.852539 0.083984 0.05957
0 0.249023 0.935547 0.069336 0.077148
0 0.3125 0.916016 0.078125 0.091797
0 0.467773 0.768555 0.069336 0.087891
0 0.411133 0.97168 0.049805 0.055664
0 0.613281 0.961914 0.083984 0.076172
0 0.578125 0.785156 0.082031 0.076172
0 0.719727 0.766602 0.097656 0.054688
0 0.816406 0.833008 0.074219 0.171875
0 0.853516 0.876953 0.137695 0.108398
0 0.572266 0.645508 0.092773 0.051758
0 0.805664 0.293945 0.052734 0.055664
