0 0.055664 0.894531 0.112305 0.099609
0 0.441406 0.920898 0.123047 0.110352
0 0.594727 0.349609 0.25293 0.129883
0 0.602539 0.959961 0.137695 0.080078
0 0.233398 0.599609 0.132812 0.195312
0 0.920898 0.962891 0.107422 0.073242
0 0.645508 0.188477 0.174805 0.150391
0 0.711914 0.075195 0.129883 0.147461
0 0.479492 0.557617 0.199219 0.163086
0 0.032227 0.25293 0.064453 0.086914
0 0.394531 0.055664 0.175781 0.107422
0 0.12207 0.375977 0.172852 0.124023
0 0.964844 0.172852 0.070312 0.137695
0 0.450195 0.65332 0.126953 0.111328
0 0.950195 0.066406 0.091797 0.107422
0 0.544922 0.161133 0.09668 0.124023
