0 0.042969 0.552734 0.086914 0.136719
0 0.298828 0.941406 0.137695 0.067383
0 0.445312 0.521484 0.143555 0.133789
0 0.054688 0.401367 0.107422 0.128906
0 0.37207 0.388672 0.173828 0.097656
0 0.149414 0.761719 0.134766 0.092773
0 0.421875 0.197266 0.150391 0.125
0 0.742188 0.685547 0.169922 0.101562
0 0.25293 0.499023 0.097656 0.209961
0 0.833008 0.324219 0.137695 0.125
0 0.129883 0.670898 0.15918 0.084961
0 0.569336 0.621094 0.197266 0.074219
0 0.767578 0.916992 0.227539 0.12207
0 0.136719 0.858398 0.160156 0.082031
0 0.631836 0.822266 0.118164 0.0625
0 0.30957 0.980469 0.080078 0.038086
0 0.318359 0.755859 0.092773 0.078125
0 0.052734 0.086914 0.105469 0.170898
0 0.836914 0.131836 0.142578 0.155273
0 0.883789 0.762695 0.222656 0.131836
0 0.103516 0.922852 0.150391 0.074219
0 0.706055 0.192383 0.157227 0.099609
0 0.415039 0.892578 0.109375 0.086914
0 0.232422 0.042969 0.112305 0.083008
0 0.456055 0.918945 0.089844 0.080078
0 0.957031 0.350586 0.081055 0.15332
0 0.698242 0.020508 0.102539 0.037109
