0 0.268555 0.823242 0.063477 0.113281
0 0.916992 0.147461 0.043945 0.088867
0 0.749023 0.077148 0.058594 0.095703
0 0.170898 0.24707 0.053711 0.104492
0 0.154297 0.150391 0.072266 0.132812
0 0.057617 0.572266 0.070312 0.089844
0 0.645508 0.135742 0.069336 0.12207
0 0.273438 0.250977 0.0625 0.076172
0 0.3125 0.126953 0.045898 0.100586
0 0.599609 0.857422 0.05957 0.076172
0 0.624023 0.80957 0.0625 0.067383
0 0.6875 0.366211 0.029297 0.174805
0 0.472656 0.510742 0.109375 0.054688
0 0.941406 0.557617 0.041016 0.104492
0 0.240234 0.833984 0.070312 0.098633
0 0.607422 0.194336 0.02832 0.125977
0 0.204102 0.55957 0.106445 0.115234
0 0.442383 0.442383 0.035156 0.092773
0 0.014648 0.540039 0.029297 0.046875
0 0.802734 0.803711 0.026367 0.117188
0 0.006836 0.926758 0.014648 0.040039
0 0.084961 0.197266 0.141602 0.046875
0 0.273438 0.542969 0.076172 0.060547
0 0.716797 0.496094 0.044922 0.0625
0 0.210938 0.522461 0.061523 0.073242
0 0.405273 0.300781 0.058594 0.03125
0 0.020508 0.294922 0.041016 0.063477
0 0.009766 0.595703 0.020508 0.083008
0 0.498047 0.018555 0.138672 0.038086
0 0.90332 0.517578 0.053711 0.099609
0 0.470703 0.451172 0.03125 0.083984
0 0.011719 0.648438 0.023438 0.049805
0 0.06543 0.037109 0.12207 0.036133
0 0.755859 0.65625 0.051758 0.082031
0 0.382812 0.574219 0.084961 0.038086
0 0.744141 0.179688 0.026367 0.146484
0 0.499023 0.707031 0.053711 0.032227
0 0.963867 0.975586 0.072266 0.022461
0 0.883789 0.834961 0.036133 0.092773
0 0.655273 0.710938 0.069336 0.055664
0 0.274414 0.914062 0.050781 0.050781
0 0.883789 0.916992 0.094727 0.049805
0 0.250977 0.651367 0.067383 0.040039
0 0.900391 0.692383 0.048828 0.070312
0 0.311523 0.064453 0.023438 0.080078
0 0.547852 0.427734 0.032227 0.125
0 0.892578 0.018555 0.032227 0.038086
0 0.75 0.902344 0.043945 0.041992
0 0.929688 0.866211 0.083008 0.019531
0 0.84375 0.381836 0.049805 0.045898
0 0.195312 0.59082 0.044922 0.068359
0 0.005859 0.614258 0.012695 0.030273
0 0.488281 0.976562 0.033203 0.045898
0 0.298828 0.032227 0.09082 0.025391
0 0.526367 0.5 0.042969 0.061523
0 0.453125 0.369141 0.09375 0.067383
0 0.049805 0.841797 0.032227 0.041016
0 0.234082 0.314453 0.048047 0.072852
0 0.404297 0.411133 0.054688 0.038086
0 0.021484 0.822266 0.043945 0.05957
0 0.637695 0.62793 0.053711 0.03418
0 0.929688 0.902344 0.040039 0.056641
0 0.897461 0.073242 0.046875 0.032227
0 0.50293 0.582031 0.052734 0.02832
0 0.550781 0.256836 0.057617 0.058594
0 0.146484 0.46875 0.058594 0.06543
0 0.201172 0.639648 0.073242 0.061523
0 0.144531 0.510742 0.064453 0.042969
