0 0.037109 0.164062 0.074219 0.071289
0 0.107422 0.225586 0.09668 0.064453
0 0.044922 0.269531 0.054688 0.078125
0 0.119141 0.31543 0.108398 0.0625
0 0.06543 0.376953 0.054688 0.070312
0 0.197266 0.416016 0.108398 0.092773
0 0.231445 0.376953 0.045898 0.043945
0 0.342773 0.34375 0.140625 0.066406
0 0.21875 0.330078 0.086914 0.05957
0 0.275391 0.285156 0.144531 0.041016
0 0.263672 0.241211 0.075195 0.043945
0 0.333008 0.220703 0.073242 0.063477
0 0.397461 0.233398 0.081055 0.099609
0 0.292969 0.181641 0.067383 0.045898
0 0.241211 0.157227 0.064453 0.063477
0 0.297852 0.061523 0.076172 0.101562
0 0.506836 0.139648 0.130859 0.076172
0 0.618164 0.194336 0.104492 0.056641
0 0.759766 0.203125 0.112305 0.048828
0 0.795898 0.139648 0.086914 0.102539
0 0.722656 0.061523 0.083008 0.042969
0 0.814453 0.09082 0.057617 0.056641
0 0.828125 0.041016 0.092773 0.083008
0 0.52832 0.037109 0.115234 0.072266
0 0.670898 0.024414 0.0625 0.048828
0 0.908203 0.041992 0.063477 0.082031
0 0.938477 0.176758 0.078125 0.069336
0 0.963867 0.248047 0.072266 0.058594
0 0.936523 0.303711 0.053711 0.054688
0 0.841797 0.289062 0.071289 0.045898
0 0.835938 0.381836 0.084961 0.054688
0 0.766602 0.366211 0.066406 0.054688
0 0.753906 0.432617 0.070312 0.073242
0 0.774414 0.506836 0.06543 0.092773
0 0.703125 0.382812 0.0625 0.128906
0 0.513672 0.34668 0.066406 0.057617
0 0.506836 0.395508 0.075195 0.05957
0 0.455078 0.470703 0.114258 0.060547
0 0.551758 0.524414 0.09375 0.056641
0 0.527344 0.59668 0.071289 0.082031
0 0.601562 0.638672 0.072266 0.05957
0 0.369141 0.529297 0.072266 0.066406
0 0.370117 0.576172 0.077148 0.058594
0 0.230469 0.595703 0.108398 0.104492
0 0.263672 0.700195 0.073242 0.067383
0 0.219727 0.755859 0.142578 0.043945
0 0.168945 0.827148 0.074219 0.066406
0 0.298828 0.818359 0.06543 0.061523
0 0.467773 0.751953 0.069336 0.054688
0 0.568359 0.771484 0.119141 0.051758
0 0.599609 0.807617 0.113281 0.041992
0 0.602539 0.856445 0.098633 0.053711
0 0.694336 0.845703 0.041992 0.086914
0 0.745117 0.863281 0.05957 0.083984
0 0.827148 0.834961 0.100586 0.052734
0 0.957031 0.719727 0.078125 0.079102
0 0.96582 0.541016 0.068359 0.120117
0 0.975586 0.425781 0.047852 0.064453
0 0.461914 0.888672 0.106445 0.054688
0 0.430664 0.938477 0.097656 0.052734
0 0.584961 0.956055 0.084961 0.055664
0 0.662109 0.978516 0.045898 0.041992
0 0.707031 0.950195 0.066406 0.045898
0 0.794922 0.922852 0.09375 0.0625
0 0.925781 0.982422 0.066406 0.03418
0 0.969727 0.879883 0.05957 0.070312
0 0.210938 0.96582 0.140625 0.068359
0 0.291016 0.954102 0.079102 0.077148
0 0.046875 0.915039 0.063477 0.068359
0 0.052734 0.75293 0.106445 0.135742
0 0.053711 0.688477 0.083008 0.083984
0 0.066406 0.532227 0.046875 0.123047
