0 0.84668 0.394531 0.099609 0.050781
0 0.048828 0.225586 0.098633 0.091797
0 0.569336 0.947266 0.040039 0.069336
0 0.188477 0.037109 0.069336 0.075195
0 0.280273 0.462891 0.091797 0.069336
0 0.542969 0.418945 0.084961 0.063477
0 0.930664 0.114258 0.083984 0.116211
0 0.788086 0.573242 0.06543 0.083984
0 0.739258 0.229492 0.077148 0.089844
0 0.338867 0.541992 0.151367 0.123047
0 0.936523 0.439453 0.032227 0.081055
0 0.541992 0.680664 0.072266 0.06543
0 0.891602 0.359375 0.087891 0.066406
0 0.756836 0.446289 0.09375 0.087891
0 0.59668 0.266602 0.094727 0.046875
0 0.931641 0.203125 0.092773 0.097656
0 0.908203 0.700195 0.056641 0.053711
0 0.22168 0.646484 0.108398 0.038086
0 0.334961 0.395508 0.113281 0.060547
0 0.009766 0.397461 0.020508 0.0625
0 0.177734 0.817383 0.121094 0.025391
0 0.115234 0.898438 0.083008 0.049805
0 0.332031 0.155273 0.077148 0.053711
0 0.749023 0.291016 0.044922 0.092773
0 0.191406 0.390625 0.085938 0.086914
0 0.603516 0.881836 0.057617 0.061523
0 0.31543 0.924805 0.146484 0.072266
0 0.626953 0.606445 0.097656 0.037109
0 0.242188 0.77832 0.175781 0.038086
0 0.641602 0.768555 0.083008 0.045898
0 0.283203 0.239258 0.055664 0.050781
0 0.015625 0.44043 0.03125 0.032227
0 0.18457 0.727539 0.083984 0.044922
0 0.822266 0.017578 0.045898 0.033203
0 0.637695 0.811523 0.089844 0.043945
0 0.513672 0.595703 0.125977 0.12207
0 0.207031 0.865234 0.149414 0.052734
0 0.833984 0.300781 0.066406 0.042969
0 0.886719 0.490234 0.154297 0.047852
0 0.037109 0.765625 0.075195 0.027344
0 0.234375 0.956055 0.108398 0.040039
0 0.831055 0.427734 0.078125 0.049805
0 0.425781 0.384766 0.150391 0.119141
0 0.898438 0.869141 0.05957 0.044922
0 0.973633 0.453125 0.052734 0.041992
0 0.698242 0.299805 0.082031 0.083984
0 0.460938 0.34375 0.043945 0.042969
0 0.237305 0.344727 0.101562 0.033203
0 0.670898 0.722656 0.085938 0.057617
0 0.984375 0.018555 0.03125 0.038086
0 0.226562 0.018555 0.033203 0.037109
0 0.961914 0.049805 0.072266 0.021484
0 0.662109 0.703125 0.079102 0.046875
0 0.623047 0.755859 0.05957 0.0625
0 0.239258 0.076172 0.043945 0.053711
0 0.546875 0.765625 0.099609 0.020508
0 0.301758 0.728516 0.045898 0.040039
0 0.207031 0.84375 0.064453 0.022461
0 0.603516 0.669922 0.132812 0.066406
0 0.867188 0.263672 0.077148 0.09375
0 0.137695 0.475586 0.089844 0.044922
0 0.170898 0.463867 0.077148 0.039062
