0 0.030273 0.456055 0.052734 0.082031
0 0.773438 0.053711 0.089844 0.069336
0 0.969727 0.454102 0.05957 0.09375
0 0.410156 0.942383 0.047852 0.112305
0 0.139648 0.599609 0.101562 0.081055
0 0.146484 0.734375 0.057617 0.076172
0 0.15332 0.391602 0.094727 0.06543
0 0.418945 0.542969 0.082031 0.069336
0 0.399414 0.756836 0.095703 0.117188
0 0.433594 0.183594 0.068359 0.074219
0 0.338867 0.610352 0.0625 0.071289
0 0.40918 0.033203 0.058594 0.066406
0 0.958984 0.739258 0.0625 0.06543
0 0.294922 0.362305 0.084961 0.067383
0 0.488281 0.071289 0.069336 0.047852
0 0.356445 0.357422 0.071289 0.061523
0 0.845703 0.831055 0.076172 0.09082
0 0.381836 0.336914 0.073242 0.057617
0 0.014648 0.582031 0.030273 0.05957
0 0.388672 0.84375 0.080078 0.079102
0 0.242188 0.442383 0.078125 0.053711
0 0.748047 0.358398 0.0625 0.042969
0 0.560547 0.498047 0.054688 0.056641
0 0.269531 0.646484 0.060547 0.039062
0 0.071289 0.859375 0.111328 0.050781
0 0.490234 0.749023 0.0625 0.040039
0 0.333984 0.025391 0.061523 0.051758
0 0.486328 0.612305 0.0625 0.048828
0 0.481445 0.821289 0.072266 0.030273
0 0.881836 0.242969 0.075195 0.038086
0 0.566406 0.760742 0.063477 0.025391
0 0.414062 0.479492 0.043945 0.052734
0 0.587891 0.052734 0.0625 0.042969
0 0.832031 0.041016 0.069336 0.043945
0 0.149414 0.818359 0.097656 0.02832
0 0.507812 0.547852 0.054688 0.063477
0 0.862305 0.722656 0.051758 0.042969
0 0.438477 0.667969 0.078125 0.039062
0 0.754883 0.691406 0.041992 0.072266
0 0.141602 0.648438 0.139648 0.069336
0 0.703125 0.026367 0.038086 0.052734
0 0.105469 0.894531 0.094727 0.040039
0 0.270508 0.59082 0.070312 0.06543
0 0.041992 0.746094 0.06543 0.040039
0 0.429688 0.134766 0.120117 0.048828
0 0.525391 0.268555 0.071289 0.054688
0 0.74707 0.432617 0.054688 0.047852
0 0.646484 0.040039 0.049805 0.051758
0 0.577148 0.987305 0.058594 0.019531
0 0.912109 0.330078 0.039062 0.040039
0 0.374023 0.106445 0.056641 0.033203
0 0.143555 0.990234 0.09668 0.019531
0 0.099609 0.910156 0.075195 0.048828
0 0.112305 0.396484 0.053711 0.026367
0 0.051758 0.692383 0.066406 0.02832
0 0.621094 0.585938 0.039062 0.051758
0 0.526367 0.010742 0.041992 0.022461
0 0.283203 0.493164 0.049805 0.02832
0 0.914062 0.583008 0.043945 0.025391
0 0.635742 0.849609 0.071289 0.039062
0 0.043945 0.597656 0.088867 0.070312
0 0.053711 0.955078 0.061523 0.029297
0 0.441406 0.880859 0.073242 0.044922
0 0.198242 0.583984 0.088867 0.033203
0 0.967773 0.137695 0.049805 0.046875
0 0.226562 0.282227 0.037109 0.054688
0 0.595703 0.251953 0.043945 0.05957
0 0.793945 0.575195 0.049805 0.039062
0 0.701172 0.706055 0.044922 0.038086
0 0.601562 0.573242 0.03418 0.056641
0 0.287109 0.099609 0.09375 0.049805
0 0.985352 0.541016 0.029297 0.053711
0 0.939453 0.019531 0.087891 0.040039
