0 0.633789 0.491211 0.176758 0.112305
0 0.432617 0.474609 0.193359 0.104492
0 0.49707 0.741211 0.123047 0.133789
0 0.94043 0.232422 0.119141 0.103516
0 0.957031 0.049805 0.085938 0.099609
0 0.364258 0.874023 0.099609 0.081055
0 0.561523 0.828125 0.105469 0.082031
0 0.956055 0.816406 0.087891 0.079102
0 0.819336 0.71582 0.095703 0.073242
0 0.333984 0.705078 0.135742 0.151367
0 0.203125 0.981445 0.140625 0.037109
0 0.018555 0.374023 0.037109 0.157227
0 0.275391 0.213867 0.117188 0.075195
0 0.631836 0.195312 0.083008 0.086914
0 0.086914 0.052734 0.111328 0.066406
0 0.134766 0.217773 0.078125 0.084961
0 0.237305 0.324219 0.12207 0.060547
0 0.133789 0.318359 0.081055 0.064453
0 0.079102 0.411133 0.060547 0.0625
0 0.209961 0.466797 0.068359 0.06543
0 0.213867 0.582031 0.087891 0.084961
0 0.077148 0.512695 0.088867 0.084961
0 0.472656 0.338867 0.146484 0.110352
0 0.624023 0.318359 0.069336 0.091797
0 0.474609 0.392578 0.089844 0.055664
0 0.578125 0.115234 0.087891 0.082031
0 0.724609 0.055664 0.080078 0.076172
0 0.697266 0.196289 0.060547 0.081055
0 0.723633 0.329102 0.0625 0.09668
0 0.463867 0.664062 0.081055 0.064453
0 0.033203 0.769531 0.066406 0.054688
0 0.018555 0.951172 0.038086 0.089844
0 0.181641 0.860352 0.078125 0.077148
0 0.710938 0.835938 0.077148 0.094727
0 0.823242 0.838867 0.070312 0.0625
0 0.746094 0.897461 0.079102 0.063477
0 0.958008 0.919922 0.083008 0.069336
0 0.913086 0.976562 0.098633 0.046875
0 0.818359 0.943359 0.092773 0.085938
0 0.910156 0.558594 0.076172 0.075195
0 0.8125 0.509766 0.078125 0.110352
0 0.899414 0.463867 0.080078 0.049805
0 0.949219 0.391602 0.074219 0.081055
0 0.880859 0.314453 0.126953 0.064453
0 0.788086 0.380859 0.067383 0.071289
0 0.860352 0.183594 0.080078 0.080078
0 0.827148 0.104492 0.115234 0.09082
0 0.587891 0.942383 0.116211 0.111328
0 0.771484 0.262695 0.066406 0.072266
0 0.796875 0.076172 0.084961 0.112305
