0 0.176758 0.220703 0.078125 0.130859
0 0.088867 0.043945 0.070312 0.086914
0 0.366211 0.052734 0.165039 0.066406
0 0.518555 0.230469 0.084961 0.067383
0 0.488281 0.28125 0.094727 0.147461
0 0.150391 0.358398 0.098633 0.0625
0 0.417969 0.222656 0.053711 0.066406
0 0.618164 0.048828 0.076172 0.061523
0 0.222656 0.476562 0.061523 0.073242
0 0.110352 0.573242 0.083008 0.068359
0 0.029297 0.694336 0.048828 0.094727
0 0.211914 0.719727 0.064453 0.115234
0 0.293945 0.788086 0.0625 0.107422
0 0.520508 0.789062 0.083008 0.063477
0 0.420898 0.910156 0.103516 0.089844
0 0.269531 0.955078 0.080078 0.088867
0 0.838867 0.983398 0.061523 0.033203
0 0.669922 0.920898 0.094727 0.083984
0 0.660156 0.856445 0.137695 0.103516
0 0.577148 0.862305 0.105469 0.054688
0 0.566406 0.928711 0.066406 0.066406
0 0.878906 0.758789 0.094727 0.071289
0 0.804688 0.797852 0.069336 0.081055
0 0.978516 0.891602 0.041992 0.080078
0 0.513672 0.545898 0.074219 0.138672
0 0.581055 0.501953 0.063477 0.154297
0 0.678711 0.504883 0.083984 0.057617
0 0.755859 0.535156 0.073242 0.076172
0 0.702148 0.636719 0.066406 0.066406
0 0.708984 0.400391 0.077148 0.088867
0 0.84375 0.366211 0.115234 0.095703
0 0.801758 0.307617 0.081055 0.118164
0 0.758789 0.245117 0.06543 0.072266
0 0.959961 0.429688 0.080078 0.071289
0 0.960938 0.515625 0.078125 0.064453
0 0.834961 0.120117 0.047852 0.098633
0 0.902344 0.113281 0.103516 0.118164
0 0.948242 0.139648 0.05957 0.071289
0 0.911133 0.200195 0.078125 0.053711
0 0.222656 0.015625 0.155273 0.032227
0 0.65332 0.021484 0.061523 0.042969
0 0.587891 0.022461 0.094727 0.044922
0 0.570312 0.28418 0.050781 0.054688
0 0.885742 0.879883 0.057617 0.053711
0 0.992188 0.566406 0.014648 0.054688
0 0.660156 0.992188 0.030273 0.013672
0 0.953125 0.988281 0.086914 0.022461
0 0.990234 0.806641 0.017578 0.02832
