0 0.417969 0.144531 0.125 0.085938
0 0.398438 0.203125 0.082031 0.087891
0 0.27832 0.251953 0.077148 0.075195
0 0.152344 0.25 0.124023 0.075195
0 0.455078 0.324219 0.12793 0.056641
0 0.47168 0.321289 0.076172 0.106445
0 0.125 0.371094 0.09082 0.053711
0 0.049805 0.461914 0.100586 0.098633
0 0.407227 0.4375 0.077148 0.101562
0 0.325195 0.457031 0.077148 0.085938
0 0.300781 0.400391 0.081055 0.057617
0 0.697266 0.376953 0.09668 0.087891
0 0.84668 0.303711 0.095703 0.080078
0 0.741211 0.133789 0.088867 0.083984
0 0.545898 0.09668 0.072266 0.055664
0 0.650391 0.131836 0.042969 0.054688
0 0.952148 0.036133 0.094727 0.072266
0 0.865234 0.602539 0.051758 0.081055
0 0.897461 0.650391 0.048828 0.077148
0 0.625 0.532227 0.133789 0.076172
0 0.458984 0.543945 0.083008 0.054688
0 0.424805 0.638672 0.108398 0.09082
0 0.047852 0.632812 0.095703 0.075195
0 0.306641 0.730469 0.130859 0.072266
0 0.28418 0.686523 0.148438 0.064453
0 0.415039 0.804688 0.100586 0.071289
0 0.605469 0.832031 0.072266 0.064453
0 0.338867 0.963867 0.101562 0.071289
0 0.217773 0.920898 0.106445 0.066406
0 0.053711 0.881836 0.06543 0.061523
0 0.875977 0.895508 0.081055 0.080078
0 0.665039 0.185547 0.091797 0.089844
