0 0.391602 0.023438 0.106445 0.046875
0 0.274414 0.038086 0.069336 0.077148
0 0.303711 0.109375 0.121094 0.073242
0 0.212891 0.052734 0.076172 0.106445
0 0.364258 0.258789 0.134766 0.081055
0 0.389648 0.201172 0.063477 0.0625
0 0.101562 0.211914 0.077148 0.068359
0 0.136719 0.291016 0.057617 0.061523
0 0.625977 0.133789 0.091797 0.080078
0 0.594727 0.173828 0.082031 0.066406
0 0.614258 0.248047 0.083984 0.095703
0 0.640625 0.34082 0.174805 0.167969
0 0.543945 0.371094 0.061523 0.057617
0 0.608398 0.415039 0.079102 0.107422
0 0.832031 0.266602 0.098633 0.073242
0 0.69043 0.208984 0.066406 0.063477
0 0.788086 0.199219 0.101562 0.083984
0 0.855469 0.162109 0.086914 0.0625
0 0.922852 0.115234 0.108398 0.048828
0 0.93457 0.381836 0.0625 0.069336
0 0.678711 0.5 0.055664 0.15625
0 0.535156 0.599609 0.09375 0.06543
0 0.3125 0.619141 0.060547 0.068359
0 0.613281 0.681641 0.118164 0.066406
0 0.334961 0.40918 0.149414 0.208008
0 0.279297 0.432617 0.220703 0.087891
0 0.165039 0.597656 0.101562 0.06543
0 0.191406 0.645508 0.054688 0.072266
0 0.211914 0.533203 0.077148 0.048828
0 0.077148 0.635742 0.083984 0.078125
0 0.134766 0.669922 0.077148 0.074219
0 0.012695 0.579102 0.025391 0.106445
0 0.972656 0.570312 0.053711 0.086914
0 0.888672 0.541016 0.066406 0.05957
0 0.928711 0.321289 0.051758 0.045898
0 0.74707 0.967773 0.072266 0.063477
0 0.458984 0.97168 0.080078 0.054688
0 0.949219 0.9375 0.0625 0.088867
0 0.048828 0.092773 0.046875 0.057617
0 0.09668 0.680664 0.080078 0.063477
0 0.080078 0.038086 0.051758 0.055664
