0 0.130859 0.561523 0.074219 0.071289
0 0.636719 0.384766 0.098633 0.054688
0 0.65625 0.265625 0.066406 0.071289
0 0.735352 0.305664 0.076172 0.082031
0 0.832031 0.18457 0.09375 0.081055
0 0.720703 0.142578 0.201172 0.063477
0 0.525391 0.147461 0.105469 0.061523
0 0.453125 0.106445 0.061523 0.120117
0 0.578125 0.047852 0.068359 0.095703
0 0.267578 0.038086 0.061523 0.076172
0 0.338867 0.06543 0.09375 0.06543
0 0.361328 0.133789 0.09082 0.058594
0 0.338867 0.198242 0.087891 0.070312
0 0.282227 0.251953 0.069336 0.084961
0 0.263672 0.361328 0.077148 0.066406
0 0.226562 0.313477 0.046875 0.036133
0 0.176758 0.277344 0.039062 0.066406
0 0.219727 0.25 0.055664 0.069336
0 0.105469 0.292969 0.050781 0.0625
0 0.032227 0.186523 0.050781 0.055664
0 0.103516 0.15918 0.053711 0.067383
0 0.033203 0.259766 0.053711 0.058594
0 0.209961 0.135742 0.094727 0.109375
0 0.172852 0.033203 0.055664 0.066406
0 0.733398 0.051758 0.069336 0.047852
0 0.933594 0.117188 0.052734 0.047852
0 0.920898 0.205078 0.076172 0.069336
0 0.957031 0.271484 0.084961 0.06543
0 0.890625 0.333008 0.112305 0.060547
0 0.853516 0.400391 0.101562 0.057617
0 0.960938 0.509766 0.078125 0.091797
0 0.96875 0.053711 0.0625 0.036133
0 0.261719 0.685547 0.054688 0.044922
0 0.126953 0.735352 0.051758 0.054688
0 0.175781 0.730469 0.03418 0.050781
0 0.227539 0.759766 0.089844 0.047852
0 0.324219 0.735352 0.074219 0.061523
0 0.446289 0.709961 0.067383 0.046875
0 0.475586 0.758789 0.078125 0.064453
0 0.382812 0.795898 0.044922 0.040039
0 0.436523 0.830078 0.049805 0.039062
0 0.501953 0.829102 0.06543 0.047852
0 0.509766 0.889648 0.072266 0.057617
0 0.648438 0.913086 0.072266 0.053711
0 0.584961 0.822266 0.067383 0.061523
0 0.620117 0.764648 0.056641 0.046875
0 0.553711 0.709961 0.081055 0.058594
0 0.651367 0.619141 0.057617 0.073242
0 0.716797 0.701172 0.061523 0.076172
0 0.757812 0.774414 0.054688 0.075195
0 0.80957 0.768555 0.038086 0.05957
0 0.865234 0.724609 0.069336 0.06543
0 0.94043 0.750977 0.079102 0.067383
0 0.87793 0.776367 0.039062 0.051758
0 0.961914 0.824219 0.070312 0.064453
0 0.750977 0.835938 0.104492 0.061523
0 0.75 0.875 0.142578 0.067383
0 0.760742 0.925781 0.082031 0.043945
0 0.977539 0.938477 0.043945 0.069336
0 0.591797 0.961914 0.070312 0.051758
0 0.349609 0.864258 0.079102 0.050781
0 0.068359 0.970703 0.074219 0.057617
0 0.023438 0.78418 0.047852 0.048828
0 0.111328 0.798828 0.076172 0.044922
0 0.068359 0.728516 0.051758 0.050781
0 0.263672 0.561523 0.129883 0.136719
0 0.110352 0.407227 0.0625 0.043945
0 0.671875 0.75293 0.047852 0.038086
0 0.94043 0.34668 0.118164 0.09668
0 0.791992 0.331055 0.049805 0.038086
0 0.668945 0.323242 0.087891 0.049805
0 0.066406 0.141602 0.036133 0.03125
0 0.154297 0.125 0.060547 0.061523
