0 0.400391 0.030273 0.131836 0.060547
0 0.234375 0.015625 0.098633 0.03125
0 0.827148 0.073242 0.097656 0.118164
0 0.87207 0.15625 0.088867 0.09668
0 0.953125 0.179688 0.09375 0.141602
0 0.423828 0.175781 0.107422 0.128906
0 0.422852 0.305664 0.050781 0.0625
0 0.304688 0.398438 0.075195 0.063477
0 0.209961 0.213867 0.101562 0.124023
0 0.030273 0.21582 0.060547 0.084961
0 0.058594 0.371094 0.082031 0.049805
0 0.102539 0.467773 0.075195 0.077148
0 0.323242 0.525391 0.094727 0.068359
0 0.163086 0.615234 0.09668 0.086914
0 0.234375 0.706055 0.129883 0.101562
0 0.09375 0.848633 0.09668 0.135742
0 0.165039 0.910156 0.068359 0.108398
0 0.324219 0.808594 0.118164 0.145508
0 0.522461 0.841797 0.063477 0.053711
0 0.595703 0.755859 0.041992 0.056641
0 0.660156 0.601562 0.097656 0.193359
0 0.770508 0.792969 0.080078 0.074219
0 0.868164 0.726562 0.043945 0.055664
0 0.90918 0.661133 0.072266 0.139648
0 0.953125 0.5 0.088867 0.088867
0 0.928711 0.80957 0.064453 0.089844
0 0.617188 0.945312 0.044922 0.045898
0 0.507812 0.959961 0.048828 0.048828
0 0.358398 0.978516 0.06543 0.041992
0 0.299805 0.982422 0.057617 0.03418
0 0.010742 0.722656 0.021484 0.071289
0 0.023438 0.641602 0.047852 0.074219
0 0.520508 0.611328 0.09375 0.144531
