0 0.101562 0.297852 0.088867 0.091797
0 0.319336 0.222656 0.086914 0.083984
0 0.072266 0.072266 0.087891 0.131836
0 0.177734 0.03418 0.080078 0.069336
0 0.28418 0.035156 0.103516 0.071289
0 0.398438 0.113281 0.071289 0.12793
0 0.426758 0.263672 0.064453 0.121094
0 0.375 0.381836 0.082031 0.118164
0 0.328125 0.469727 0.081055 0.135742
0 0.362305 0.592773 0.125977 0.085938
0 0.450195 0.524414 0.052734 0.081055
0 0.501953 0.526367 0.06543 0.100586
0 0.571289 0.408203 0.057617 0.107422
0 0.568359 0.250977 0.110352 0.075195
0 0.054688 0.637695 0.101562 0.094727
0 0.066406 0.512695 0.114258 0.076172
0 0.360352 0.769531 0.06543 0.078125
0 0.630859 0.581055 0.078125 0.097656
0 0.50293 0.635742 0.060547 0.058594
0 0.602539 0.75 0.077148 0.068359
0 0.039062 0.970703 0.079102 0.057617
0 0.173828 0.897461 0.081055 0.108398
0 0.12207 0.890625 0.083984 0.09082
0 0.277344 0.988281 0.061523 0.023438
0 0.783203 0.895508 0.070312 0.056641
0 0.62793 0.921875 0.094727 0.087891
0 0.416992 0.847656 0.068359 0.063477
0 0.694336 0.65332 0.047852 0.055664
0 0.892578 0.694336 0.105469 0.05957
0 0.805664 0.68457 0.06543 0.070312
0 0.871094 0.817383 0.069336 0.069336
0 0.613281 0.491211 0.06543 0.0625
0 0.712891 0.483398 0.041992 0.083984
0 0.764648 0.50293 0.060547 0.064453
0 0.912109 0.610352 0.057617 0.113281
0 0.791992 0.598633 0.082031 0.057617
0 0.897461 0.420898 0.06543 0.069336
0 0.743164 0.370117 0.080078 0.113281
0 0.864258 0.279297 0.100586 0.091797
0 0.979492 0.308594 0.041016 0.097656
0 0.891602 0.231445 0.063477 0.047852
0 0.956055 0.185547 0.087891 0.080078
0 0.848633 0.111328 0.076172 0.076172
0 0.857422 0.010742 0.051758 0.022461
0 0.585938 0.091797 0.058594 0.097656
0 0.614258 0.174805 0.076172 0.052734
0 0.351562 0.836914 0.069336 0.066406
0 0.350586 0.283203 0.078125 0.115234
0 0.455078 0.012695 0.066406 0.026367
0 0.8125 0.930664 0.060547 0.038086
0 0.114258 0.244141 0.135742 0.057617
