0 0.142578 0.061523 0.079102 0.107422
0 0.035156 0.020508 0.071289 0.041016
0 0.700195 0.044922 0.094727 0.077148
0 0.724609 0.132812 0.085938 0.070312
0 0.841797 0.060547 0.079102 0.094727
0 0.943359 0.164062 0.113281 0.085938
0 0.764648 0.237305 0.174805 0.100586
0 0.711914 0.27832 0.098633 0.074219
0 0.938477 0.422852 0.078125 0.168945
0 0.40332 0.464844 0.180664 0.204102
0 0.302734 0.680664 0.106445 0.105469
0 0.405273 0.714844 0.071289 0.084961
0 0.508789 0.722656 0.057617 0.082031
0 0.530273 0.859375 0.104492 0.092773
0 0.374023 0.879883 0.082031 0.082031
0 0.141602 0.785156 0.12793 0.102539
0 0.035156 0.833008 0.070312 0.105469
0 0.100586 0.943359 0.061523 0.054688
0 0.214844 0.960938 0.125 0.0625
0 0.50293 0.958984 0.107422 0.077148
0 0.704102 0.967773 0.092773 0.064453
0 0.864258 0.910156 0.081055 0.094727
0 0.844727 0.800781 0.097656 0.088867
0 0.955078 0.867188 0.089844 0.073242
0 0.958984 0.96875 0.082031 0.0625
