0 0.026367 0.242188 0.053711 0.081055
0 0.485352 0.489258 0.054688 0.083984
0 0.322266 0.476562 0.060547 0.101562
0 0.574219 0.433594 0.051758 0.085938
0 0.452148 0.176758 0.060547 0.094727
0 0.136719 0.399414 0.064453 0.085938
0 0.803711 0.045898 0.045898 0.09082
0 0.011719 0.338867 0.023438 0.098633
0 0.292969 0.165039 0.049805 0.110352
0 0.302734 0.394531 0.078125 0.102539
0 0.494141 0.328125 0.058594 0.084961
0 0.160156 0.128906 0.068359 0.103516
0 0.270508 0.782227 0.05957 0.100586
0 0.744141 0.677734 0.069336 0.084961
0 0.375977 0.68457 0.047852 0.084961
0 0.709961 0.155273 0.043945 0.098633
0 0.383789 0.484375 0.044922 0.092773
0 0.948242 0.046875 0.039062 0.092773
0 0.479492 0.693359 0.048828 0.107422
0 0.853516 0.169922 0.067383 0.089844
0 0.058594 0.614258 0.050781 0.101562
0 0.729492 0.06543 0.047852 0.098633
0 0.623047 0.841797 0.055664 0.104492
0 0.305664 0.74707 0.046875 0.104492
0 0.388672 0.959961 0.037109 0.073242
0 0.265625 0.542969 0.047852 0.071289
0 0.249023 0.126953 0.066406 0.075195
0 0.875 0.089844 0.033203 0.091797
0 0.445312 0.357422 0.077148 0.098633
0 0.143555 0.798828 0.071289 0.068359
0 0.355469 0.483398 0.056641 0.082031
0 0.44043 0.770508 0.041016 0.081055
0 0.582031 0.704102 0.043945 0.09082
0 0.557617 0.760742 0.027344 0.087891
0 0.814453 0.154297 0.049805 0.09375
0 0.623047 0.360352 0.025391 0.107422
0 0.876953 0.793945 0.03125 0.083008
0 0.40625 0.613281 0.095703 0.060547
0 0.683594 0.725586 0.045898 0.078125
0 0.236328 0.347656 0.046875 0.123047
0 0.033203 0.137695 0.066406 0.078125
0 0.791992 0.482422 0.03125 0.094727
0 0.930664 0.130859 0.061523 0.0625
0 0.730469 0.952148 0.041992 0.068359
0 0.961914 0.445312 0.024414 0.094727
0 0.974609 0.693359 0.037109 0.091797
0 0.786133 0.889648 0.043945 0.076172
0 0.395508 0.425781 0.05957 0.109375
0 0.65332 0.740234 0.061523 0.075195
0 0.926758 0.269531 0.033203 0.076172
0 0.331055 0.713867 0.038086 0.083008
0 0.121094 0.742188 0.079102 0.074219
0 0.929688 0.428711 0.030273 0.087891
0 0.732422 0.398438 0.083984 0.112305
0 0.758789 0.143555 0.027344 0.09375
0 0.768555 0.630859 0.03418 0.074219
0 0.874023 0.891602 0.029297 0.088867
0 0.035156 0.499023 0.070312 0.098633
0 0.418945 0.90332 0.047852 0.06543
0 0.019531 0.44043 0.039062 0.071289
0 0.099609 0.819336 0.058594 0.069336
0 0.016602 0.338867 0.03418 0.085938
0 0.511719 0.790039 0.050781 0.081055
0 0.675781 0.208984 0.02832 0.056641
0 0.446289 0.114258 0.051758 0.074219
0 0.828125 0.027344 0.035156 0.052734
0 0.829102 0.714844 0.033203 0.068359
0 0.742188 0.831055 0.052734 0.061523
0 0.264648 0.65625 0.032227 0.09082
0 0.254883 0.828125 0.045898 0.060547
0 0.217773 0.283203 0.041992 0.083008
0 0.676758 0.379883 0.060547 0.081055
0 0.576172 0.341797 0.039062 0.0625
0 0.089844 0.984375 0.03418 0.030273
0 0.759766 0.625977 0.044922 0.066406
0 0.641602 0.795898 0.048828 0.091797
0 0.018555 0.542969 0.038086 0.055664
0 0.635742 0.833008 0.051758 0.104492
0 0.621094 0.765625 0.049805 0.102539
0 0.936523 0.679688 0.035156 0.06543
0 0.901367 0.702148 0.03418 0.110352
