0 0.15918 0.960938 0.114258 0.078125
0 0.025391 0.832031 0.050781 0.067383
0 0.201172 0.820312 0.118164 0.087891
0 0.3125 0.782227 0.073242 0.074219
0 0.401367 0.844727 0.101562 0.109375
0 0.327148 0.875 0.076172 0.113281
0 0.717773 0.984375 0.068359 0.030273
0 0.793945 0.956055 0.111328 0.086914
0 0.730469 0.869141 0.058594 0.089844
0 0.810547 0.791992 0.067383 0.097656
0 0.552734 0.728516 0.066406 0.089844
0 0.579102 0.650391 0.067383 0.074219
0 0.347656 0.678711 0.092773 0.115234
0 0.938477 0.624023 0.058594 0.05957
0 0.958008 0.789062 0.083984 0.072266
0 0.97168 0.904297 0.055664 0.085938
0 0.945312 0.490234 0.080078 0.071289
0 0.59668 0.506836 0.076172 0.072266
0 0.730469 0.451172 0.079102 0.102539
0 0.544922 0.405273 0.072266 0.086914
0 0.462891 0.392578 0.113281 0.125977
0 0.374023 0.385742 0.06543 0.089844
0 0.336914 0.426758 0.06543 0.083984
0 0.580078 0.288086 0.085938 0.089844
0 0.695312 0.335938 0.114258 0.069336
0 0.754883 0.347656 0.05957 0.086914
0 0.865234 0.416992 0.073242 0.072266
0 0.979492 0.267578 0.040039 0.067383
0 0.93457 0.27832 0.071289 0.102539
0 0.675781 0.15625 0.123047 0.06543
0 0.454102 0.18457 0.083008 0.078125
0 0.376953 0.262695 0.068359 0.107422
0 0.268555 0.210938 0.075195 0.125977
0 0.173828 0.188477 0.060547 0.080078
0 0.295898 0.300781 0.081055 0.072266
0 0.198242 0.28418 0.091797 0.060547
0 0.25293 0.320312 0.073242 0.084961
0 0.157227 0.350586 0.107422 0.125977
0 0.064453 0.303711 0.071289 0.074219
0 0.202148 0.466797 0.068359 0.097656
0 0.019531 0.1875 0.040039 0.098633
0 0.036133 0.44043 0.072266 0.068359
0 0.045898 0.519531 0.088867 0.071289
0 0.018555 0.55957 0.038086 0.048828
0 0.711914 0.397461 0.079102 0.083984
0 0.233398 0.166992 0.066406 0.112305
0 0.541992 0.264648 0.079102 0.058594
0 0.893555 0.290039 0.042969 0.049805
0 0.991211 0.407227 0.017578 0.0625
0 0.983398 0.50293 0.029297 0.077148
0 0.894531 0.387695 0.073242 0.069336
0 0.632812 0.386719 0.048828 0.041016
0 0.695312 0.1875 0.046875 0.040039
0 0.657227 0.21582 0.070312 0.072266
0 0.225586 0.37793 0.060547 0.077148
0 0.415039 0.990234 0.025391 0.019531
0 0.389648 0.992188 0.024414 0.014648
0 0.246094 0.993164 0.03418 0.013672
0 0.894531 0.987305 0.035156 0.025391
0 0.117188 0.301758 0.056641 0.050781
0 0.927734 0.602539 0.060547 0.061523
0 0.158203 0.21582 0.041992 0.071289
