0 0.044922 0.123047 0.089844 0.09082
0 0.039062 0.220703 0.078125 0.146484
0 0.02832 0.53418 0.056641 0.070312
0 0.974609 0.083008 0.049805 0.074219
0 0.836914 0.326172 0.09082 0.09375
0 0.136719 0.549805 0.143555 0.086914
0 0.102539 0.9375 0.099609 0.086914
0 0.128906 0.415039 0.087891 0.080078
0 0.321289 0.688477 0.067383 0.079102
0 0.197266 0.212891 0.133789 0.203125
0 0.267578 0.325195 0.0625 0.108398
0 0.115234 0.289062 0.139648 0.073242
0 0.192383 0.685547 0.091797 0.172852
0 0.290039 0.78418 0.087891 0.110352
0 0.888672 0.163086 0.147461 0.228516
0 0.356445 0.837891 0.088867 0.149414
0 0.611328 0.888672 0.116211 0.067383
0 0.229492 0.925781 0.128906 0.073242
0 0.563477 0.28418 0.126953 0.163086
0 0.740234 0.645508 0.15918 0.126953
0 0.183594 0.356445 0.092773 0.097656
0 0.305664 0.357422 0.081055 0.092773
0 0.013672 0.665039 0.02832 0.061523
0 0.275391 0.588867 0.056641 0.063477
0 0.234375 0.676758 0.144531 0.097656
0 0.402344 0.425781 0.023438 0.029297
