0 0.054688 0.881836 0.109375 0.110352
0 0.229492 0.404297 0.118164 0.069336
0 0.108398 0.026367 0.115234 0.053711
0 0.216797 0.276367 0.095703 0.066406
0 0.780273 0.87207 0.102539 0.105469
0 0.876953 0.796875 0.150391 0.105469
0 0.735352 0.108398 0.136719 0.058594
0 0.535156 0.022461 0.092773 0.044922
0 0.100586 0.603516 0.092773 0.082031
0 0.910156 0.123047 0.083008 0.082031
0 0.15918 0.845703 0.098633 0.078125
0 0.520508 0.516602 0.077148 0.05957
0 0.525391 0.230469 0.067383 0.057617
0 0.835938 0.543945 0.167969 0.180664
0 0.637695 0.724609 0.089844 0.067383
0 0.96875 0.05957 0.0625 0.064453
0 0.901367 0.745117 0.129883 0.0625
0 0.607422 0.816406 0.107422 0.083008
0 0.518555 0.771484 0.132812 0.082031
