0 0.744141 0.451172 0.09375 0.101562
0 0.026367 0.902344 0.053711 0.120117
0 0.334961 0.399414 0.134766 0.081055
0 0.951172 0.436523 0.05957 0.068359
0 0.222656 0.501953 0.123047 0.108398
0 0.845703 0.554688 0.074219 0.110352
0 0.867188 0.648438 0.110352 0.107422
0 0.858398 0.378906 0.100586 0.087891
0 0.902344 0.820312 0.09668 0.140625
0 0.984375 0.635742 0.03125 0.087891
0 0.456055 0.625 0.074219 0.115234
0 0.296875 0.505859 0.076172 0.089844
0 0.09375 0.941406 0.124023 0.116211
0 0.279297 0.882812 0.108398 0.074219
0 0.176758 0.143555 0.057617 0.102539
0 0.717773 0.483398 0.126953 0.100586
0 0.063477 0.032227 0.126953 0.064453
0 0.454102 0.858398 0.186523 0.12793
0 0.204102 0.678711 0.067383 0.063477
0 0.391602 0.067383 0.079102 0.134766
0 0.723633 0.94043 0.219727 0.119141
0 0.268555 0.969727 0.101562 0.060547
0 0.503906 0.149414 0.185547 0.143555
0 0.625977 0.791016 0.09375 0.09668
0 0.084961 0.404297 0.095703 0.115234
0 0.951172 0.875977 0.097656 0.165039
0 0.076172 0.541016 0.148438 0.075195
0 0.1875 0.820312 0.09082 0.056641
0 0.268555 0.800781 0.051758 0.079102
0 0.401367 0.782227 0.139648 0.048828
0 0.295898 0.569336 0.072266 0.03418
0 0.800781 0.933594 0.088867 0.052734
0 0.93457 0.302734 0.060547 0.066406
