0 0.106445 0.166992 0.083984 0.077148
0 0.047852 0.771484 0.095703 0.109375
0 0.15625 0.422852 0.083008 0.097656
0 0.263672 0.330078 0.078125 0.066406
0 0.290039 0.685547 0.070312 0.067383
0 0.680664 0.916016 0.0625 0.104492
0 0.881836 0.90332 0.110352 0.12793
0 0.751953 0.792969 0.074219 0.09668
0 0.680664 0.810547 0.072266 0.073242
0 0.407227 0.853516 0.092773 0.097656
0 0.367188 0.796875 0.083008 0.056641
0 0.507812 0.674805 0.067383 0.066406
0 0.710938 0.605469 0.100586 0.064453
0 0.631836 0.555664 0.099609 0.097656
0 0.868164 0.483398 0.06543 0.069336
0 0.942383 0.438477 0.067383 0.068359
0 0.790039 0.392578 0.052734 0.085938
0 0.634766 0.398438 0.083984 0.088867
0 0.724609 0.375977 0.06543 0.06543
0 0.741211 0.31543 0.072266 0.060547
0 0.611328 0.304688 0.067383 0.054688
0 0.496094 0.320312 0.095703 0.087891
0 0.44043 0.225586 0.056641 0.078125
0 0.357422 0.106445 0.082031 0.085938
0 0.686523 0.203125 0.086914 0.061523
0 0.78125 0.189453 0.070312 0.070312
0 0.933594 0.213867 0.086914 0.105469
0 0.930664 0.135742 0.129883 0.082031
0 0.924805 0.007812 0.048828 0.015625
0 0.500977 0.018555 0.09082 0.037109
0 0.354492 0.012695 0.078125 0.026367
0 0.262695 0.025391 0.063477 0.050781
0 0.774414 0.242188 0.088867 0.080078
0 0.84082 0.392578 0.048828 0.058594
0 0.063477 0.631836 0.029297 0.041992
