0 0.085938 0.105469 0.060547 0.175781
0 0.202148 0.130859 0.1875 0.170898
0 0.46875 0.039062 0.076172 0.079102
0 0.220703 0.265625 0.133789 0.09668
0 0.469727 0.25293 0.095703 0.129883
0 0.345703 0.375 0.084961 0.117188
0 0.203125 0.583008 0.083984 0.074219
0 0.352539 0.435547 0.0625 0.05957
0 0.62793 0.458008 0.099609 0.060547
0 0.703125 0.334961 0.078125 0.125
0 0.782227 0.380859 0.081055 0.157227
0 0.841797 0.326172 0.068359 0.110352
0 0.844727 0.257812 0.086914 0.138672
0 0.895508 0.248047 0.054688 0.131836
0 0.364258 0.761719 0.086914 0.100586
0 0.129883 0.750977 0.15332 0.138672
0 0.09375 0.822266 0.146484 0.067383
0 0.219727 0.958984 0.053711 0.081055
0 0.585938 0.869141 0.098633 0.168945
0 0.944336 0.811523 0.111328 0.097656
0 0.935547 0.55957 0.100586 0.087891
0 0.976562 0.449219 0.043945 0.192383
0 0.939453 0.421875 0.070312 0.196289
0 0.271484 0.037109 0.086914 0.072266
0 0.845703 0.244141 0.049805 0.091797
0 0.183594 0.444336 0.095703 0.043945
0 0.037109 0.583984 0.074219 0.076172
0 0.101562 0.110352 0.149414 0.106445
0 0.061523 0.021484 0.079102 0.043945
0 0.03125 0.165039 0.063477 0.043945
