0 0.047852 0.837891 0.095703 0.0625
0 0.111328 0.9375 0.068359 0.108398
0 0.057617 0.935547 0.077148 0.09668
0 0.149414 0.1875 0.09375 0.126953
0 0.094727 0.196289 0.058594 0.100586
0 0.070312 0.427734 0.141602 0.09082
0 0.076172 0.330078 0.073242 0.102539
0 0.020508 0.333008 0.041992 0.098633
0 0.339844 0.109375 0.09082 0.072266
0 0.313477 0.166016 0.088867 0.077148
0 0.521484 0.066406 0.09375 0.054688
0 0.802734 0.116211 0.146484 0.103516
0 0.765625 0.249023 0.080078 0.120117
0 0.614258 0.355469 0.075195 0.063477
0 0.420898 0.344727 0.09082 0.052734
0 0.478516 0.256836 0.114258 0.063477
0 0.500977 0.40625 0.077148 0.085938
0 0.458984 0.460938 0.051758 0.077148
0 0.584961 0.579102 0.067383 0.051758
0 0.749023 0.616211 0.128906 0.094727
0 0.958008 0.55957 0.083984 0.046875
0 0.204102 0.548828 0.072266 0.085938
0 0.413086 0.617188 0.097656 0.104492
0 0.30957 0.701172 0.06543 0.105469
0 0.30957 0.898438 0.081055 0.080078
0 0.410156 0.953125 0.076172 0.069336
0 0.552734 0.979492 0.098633 0.041016
0 0.763672 0.904297 0.12207 0.05957
0 0.634766 0.888672 0.078125 0.070312
0 0.482422 0.889648 0.071289 0.072266
0 0.696289 0.348633 0.075195 0.081055
0 0.837891 0.319336 0.160156 0.060547
0 0.913086 0.363281 0.12793 0.070312
0 0.950195 0.261719 0.098633 0.074219
0 0.943359 0.15918 0.081055 0.137695
0 0.84375 0.213867 0.0625 0.072266
