0 0.705078 0.057617 0.12793 0.077148
0 0.703125 0.150391 0.107422 0.0625
0 0.865234 0.133789 0.147461 0.094727
0 0.882812 0.220703 0.147461 0.082031
0 0.855469 0.368164 0.137695 0.046875
0 0.763672 0.467773 0.097656 0.057617
0 0.823242 0.542969 0.212891 0.057617
0 0.952148 0.613281 0.09082 0.054688
0 0.908203 0.292969 0.117188 0.077148
0 0.895508 0.027344 0.12793 0.055664
0 0.804688 0.026367 0.070312 0.049805
0 0.8125 0.412109 0.12793 0.043945
0 0.975586 0.036133 0.048828 0.060547
0 0.952148 0.755859 0.095703 0.042969
