0 0.205078 0.164062 0.147461 0.095703
0 0.341797 0.216797 0.136719 0.104492
0 0.385742 0.095703 0.09668 0.080078
0 0.485352 0.236328 0.083008 0.092773
0 0.570312 0.158203 0.168945 0.151367
0 0.574219 0.255859 0.141602 0.070312
0 0.65918 0.263672 0.126953 0.053711
0 0.679688 0.157227 0.104492 0.114258
0 0.759766 0.092773 0.085938 0.076172
0 0.911133 0.102539 0.087891 0.108398
0 0.535156 0.389648 0.072266 0.067383
0 0.391602 0.601562 0.067383 0.055664
0 0.323242 0.676758 0.076172 0.061523
0 0.074219 0.714844 0.146484 0.138672
0 0.117188 0.744141 0.092773 0.098633
0 0.217773 0.830078 0.0625 0.061523
0 0.5625 0.725586 0.086914 0.09668
0 0.917969 0.796875 0.085938 0.089844
0 0.959961 0.644531 0.080078 0.092773
0 0.885742 0.614258 0.076172 0.086914
0 0.808594 0.681641 0.083984 0.072266
0 0.746094 0.648438 0.056641 0.050781
0 0.927734 0.486328 0.144531 0.108398
0 0.979492 0.299805 0.040039 0.070312
0 0.90918 0.323242 0.069336 0.0625
0 0.570312 0.121094 0.089844 0.058594
