0 0.882812 0.140625 0.131836 0.155273
0 0.874023 0.179688 0.106445 0.066406
0 0.925781 0.163086 0.137695 0.092773
0 0.920898 0.467773 0.125977 0.046875
0 0.650391 0.232422 0.070312 0.070312
0 0.424805 0.249023 0.075195 0.064453
0 0.493164 0.233398 0.088867 0.067383
0 0.470703 0.120117 0.131836 0.143555
0 0.303711 0.074219 0.084961 0.091797
0 0.265625 0.115234 0.05957 0.100586
0 0.109375 0.103516 0.121094 0.114258
0 0.113281 0.191406 0.082031 0.109375
0 0.029297 0.25293 0.05957 0.074219
0 0.033203 0.320312 0.067383 0.0625
0 0.220703 0.307617 0.063477 0.041016
0 0.134766 0.446289 0.079102 0.095703
0 0.212891 0.455078 0.042969 0.112305
0 0.073242 0.538086 0.12793 0.058594
0 0.128906 0.579102 0.083984 0.074219
0 0.296875 0.642578 0.081055 0.051758
0 0.556641 0.572266 0.076172 0.051758
0 0.612305 0.602539 0.119141 0.054688
0 0.793945 0.736328 0.121094 0.05957
0 0.575195 0.700195 0.094727 0.072266
0 0.355469 0.730469 0.070312 0.081055
0 0.439453 0.828125 0.098633 0.055664
0 0.704102 0.863281 0.066406 0.085938
0 0.889648 0.94043 0.125 0.097656
0 0.462891 0.972656 0.067383 0.053711
0 0.112305 0.699219 0.123047 0.06543
0 0.0625 0.755859 0.105469 0.080078
0 0.047852 0.895508 0.095703 0.100586
