0 0.532227 0.084961 0.056641 0.085938
0 0.389648 0.070312 0.048828 0.108398
0 0.325195 0.460938 0.051758 0.09668
0 0.364258 0.925781 0.060547 0.083008
0 0.182617 0.359375 0.069336 0.101562
0 0.105469 0.801758 0.060547 0.083008
0 0.786133 0.139648 0.057617 0.074219
0 0.404297 0.615234 0.053711 0.098633
0 0.018555 0.288086 0.038086 0.070312
0 0.669922 0.494141 0.083008 0.110352
0 0.262695 0.862305 0.077148 0.072266
0 0.057617 0.110352 0.100586 0.074219
0 0.793945 0.360352 0.029297 0.112305
0 0.224609 0.058594 0.042969 0.108398
0 0.15625 0.037109 0.070312 0.074219
0 0.206055 0.623047 0.072266 0.067383
0 0.014648 0.572266 0.029297 0.055664
0 0.46582 0.547852 0.070312 0.138672
0 0.479492 0.373047 0.050781 0.080078
0 0.09082 0.246094 0.064453 0.117188
0 0.435547 0.259766 0.049805 0.074219
0 0.02832 0.874023 0.056641 0.052734
0 0.398438 0.731445 0.095703 0.043945
0 0.504883 0.780273 0.050781 0.077148
0 0.011719 0.037109 0.023438 0.072266
0 0.168945 0.401367 0.067383 0.070312
0 0.889648 0.337891 0.068359 0.076172
0 0.158203 0.259766 0.095703 0.066406
0 0.650391 0.551758 0.043945 0.086914
0 0.90625 0.457031 0.029297 0.072266
0 0.618164 0.670898 0.099609 0.045898
0 0.254883 0.541016 0.054688 0.073242
0 0.094727 0.5 0.069336 0.070312
0 0.791992 0.475586 0.068359 0.074219
0 0.208984 0.484375 0.057617 0.077148
0 0.21875 0.696289 0.064453 0.135742
0 0.160156 0.749023 0.074219 0.070312
0 0.041016 0.454102 0.058594 0.082031
0 0.143555 0.195312 0.064453 0.115234
0 0.803711 0.769531 0.036133 0.064453
0 0.029297 0.766602 0.058594 0.087891
0 0.421875 0.167969 0.050781 0.069336
0 0.635742 0.344727 0.035156 0.077148
0 0.428711 0.536133 0.035156 0.082031
0 0.228516 0.351562 0.075195 0.073242
0 0.045898 0.37793 0.054688 0.061523
0 0.802734 0.639648 0.044922 0.074219
0 0.081055 0.737305 0.083984 0.051758
0 0.424805 0.398438 0.049805 0.05957
0 0.725586 0.080078 0.045898 0.0625
0 0.606445 0.041016 0.036133 0.082031
0 0.577148 0.12793 0.042969 0.06543
0 0.347656 0.785156 0.049805 0.057617
0 0.932617 0.231445 0.035156 0.05957
0 0.970703 0.701172 0.025391 0.067383
0 0.145508 0.425781 0.047852 0.087891
0 0.029297 0.664062 0.047852 0.055664
0 0.704102 0.382812 0.047852 0.063477
0 0.692383 0.147461 0.032227 0.069336
0 0.410156 0.325195 0.057617 0.051758
0 0.084961 0.707031 0.098633 0.033203
0 0.626953 0.489258 0.047852 0.140625
0 0.160156 0.515625 0.058594 0.042969
0 0.882812 0.300781 0.047852 0.056641
0 0.663086 0.774414 0.039062 0.035156
0 0.213867 0.939453 0.066406 0.05957
0 0.269531 0.014648 0.03125 0.029297
0 0.789062 0.837891 0.051758 0.048828
0 0.750977 0.505859 0.051758 0.101562
