0 0.234375 0.543945 0.043945 0.040039
0 0.050781 0.973633 0.058594 0.025391
0 0.641602 0.59082 0.0625 0.044922
0 0.157227 0.819336 0.12793 0.087891
0 0.767578 0.543945 0.079102 0.069336
0 0.40625 0.354492 0.053711 0.049805
0 0.759766 0.946289 0.114258 0.107422
0 0.584961 0.09668 0.120117 0.045898
0 0.575195 0.75293 0.101562 0.066406
0 0.322266 0.333984 0.083008 0.081055
0 0.967773 0.223633 0.063477 0.0625
0 0.480469 0.966797 0.057617 0.066406
0 0.130859 0.666016 0.078125 0.041992
0 0.806641 0.09668 0.078125 0.060547
0 0.512695 0.254883 0.048828 0.056641
0 0.076172 0.706055 0.083008 0.069336
0 0.942383 0.642578 0.049805 0.063477
0 0.390625 0.049805 0.092773 0.068359
0 0.291016 0.632812 0.106445 0.055664
0 0.682617 0.413086 0.061523 0.056641
0 0.661133 0.463867 0.063477 0.061523
0 0.12793 0.584961 0.054688 0.036133
0 0.833984 0.947266 0.058594 0.044922
0 0.268555 0.570312 0.037109 0.081055
0 0.825195 0.375 0.074219 0.073242
0 0.166992 0.054688 0.139648 0.079102
0 0.224609 0.28418 0.115234 0.068359
0 0.464844 0.84375 0.099609 0.108398
0 0.466797 0.138672 0.06543 0.048828
0 0.018555 0.725586 0.037109 0.03418
0 0.379883 0.555664 0.056641 0.039062
0 0.323242 0.055664 0.080078 0.044922
0 0.943359 0.03418 0.102539 0.057617
0 0.030273 0.703125 0.035156 0.03125
0 0.560547 0.058594 0.115234 0.054688
0 0.035156 0.959961 0.070312 0.040039
0 0.012695 0.421875 0.023438 0.078125
0 0.551758 0.666992 0.0625 0.039062
0 0.678711 0.961914 0.056641 0.074219
0 0.635742 0.527344 0.064453 0.045898
0 0.59668 0.96582 0.058594 0.045898
0 0.961914 0.131836 0.075195 0.077148
0 0.759766 0.193359 0.056641 0.058594
0 0.704102 0.924805 0.057617 0.043945
0 0.175781 0.124023 0.057617 0.035156
0 0.126953 0.618164 0.116211 0.050781
0 0.754883 0.660156 0.064453 0.052734
0 0.655273 0.654297 0.086914 0.055664
0 0.061523 0.916992 0.085938 0.053711
0 0.635742 0.561523 0.054688 0.040039
0 0.077148 0.035156 0.0625 0.066406
0 0.55957 0.369141 0.057617 0.050781
0 0.750977 0.052734 0.082031 0.099609
0 0.908203 0.954102 0.092773 0.080078
