0 0.125977 0.785156 0.080078 0.09082
0 0.336914 0.878906 0.089844 0.091797
0 0.014648 0.22168 0.030273 0.084961
0 0.889648 0.0625 0.088867 0.079102
0 0.224609 0.385742 0.098633 0.083984
0 0.828125 0.522461 0.053711 0.072266
0 0.553711 0.664062 0.079102 0.061523
0 0.923828 0.18457 0.041992 0.09375
0 0.960938 0.308594 0.022461 0.072266
0 0.969727 0.198242 0.049805 0.079102
0 0.290039 0.679688 0.032227 0.069336
0 0.495117 0.136719 0.098633 0.076172
0 0.270508 0.84668 0.058594 0.069336
0 0.837891 0.201172 0.054688 0.066406
0 0.475586 0.836914 0.03125 0.071289
0 0.404297 0.048828 0.046875 0.098633
0 0.932617 0.782227 0.101562 0.081055
0 0.007812 0.048828 0.016602 0.069336
0 0.259766 0.462891 0.053027 0.075977
0 0.618164 0.498047 0.083008 0.076172
0 0.533203 0.78418 0.056641 0.079102
0 0.083008 0.082031 0.058594 0.12793
0 0.124023 0.626953 0.054688 0.069336
0 0.795898 0.648438 0.110352 0.075195
0 0.448242 0.260742 0.118164 0.053711
0 0.642578 0.976562 0.058594 0.045898
0 0.777344 0.757812 0.054688 0.0625
0 0.262695 0.125977 0.05957 0.086914
0 0.516602 0.504883 0.043945 0.064453
0 0.621094 0.845703 0.030273 0.047852
0 0.016602 0.104492 0.033203 0.048828
0 0.336914 0.533203 0.060547 0.057617
0 0.864258 0.444336 0.042969 0.126953
0 0.770508 0.276367 0.042969 0.052734
0 0.866211 0.90918 0.063477 0.049805
0 0.874023 0.154297 0.035156 0.072266
0 0.007812 0.274414 0.015625 0.038086
0 0.527344 0.583984 0.035156 0.077148
0 0.736328 0.523438 0.056641 0.063477
0 0.191992 0.269824 0.050195 0.076855
0 0.633789 0.555664 0.050781 0.037109
0 0.302734 0.621094 0.045898 0.067383
0 0.204102 0.632812 0.056641 0.037109
0 0.988281 0.061523 0.023438 0.086914
0 0.307617 0.979492 0.050781 0.041016
0 0.396484 0.15332 0.045898 0.106445
0 0.791992 0.079102 0.033203 0.083008
0 0.253906 0.929688 0.072266 0.043945
0 0.953125 0.953125 0.037109 0.06543
0 0.018555 0.368164 0.036133 0.041992
0 0.045898 0.419922 0.057617 0.060547
0 0.009766 0.44043 0.019531 0.097656
0 0.470703 0.578125 0.053711 0.046875
0 0.829102 0.863281 0.06543 0.046875
0 0.796875 0.323242 0.050781 0.058594
0 0.364258 0.500977 0.082031 0.058594
0 0.148438 0.425781 0.0625 0.15625
0 0.658203 0.354492 0.054688 0.063477
0 0.838867 0.386719 0.055664 0.12207
0 0.697266 0.520508 0.0625 0.071289
