0 0.371094 0.490234 0.069336 0.101562
0 0.582031 0.918945 0.081055 0.086914
0 0.275391 0.401367 0.074805 0.134863
0 0.116211 0.126953 0.083008 0.085938
0 0.256836 0.802734 0.118164 0.086914
0 0.81543 0.738281 0.079102 0.06543
0 0.974609 0.067383 0.050781 0.098633
0 0.283203 0.030273 0.046875 0.060547
0 0.24707 0.548828 0.061523 0.120117
0 0.664062 0.043945 0.060547 0.079102
0 0.678711 0.662109 0.068359 0.073242
0 0.527344 0.318359 0.058594 0.074219
0 0.894531 0.191406 0.067383 0.066406
0 0.293945 0.685547 0.097656 0.057617
0 0.955078 0.546875 0.045898 0.077148
0 0.670898 0.40625 0.053711 0.067383
0 0.578125 0.332031 0.064453 0.100586
0 0.758789 0.389648 0.061523 0.082031
0 0.918945 0.558594 0.076172 0.06543
0 0.586914 0.0625 0.067383 0.072266
0 0.571289 0.144531 0.075195 0.073242
0 0.794922 0.163086 0.079102 0.0625
0 0.953125 0.883789 0.044922 0.066406
0 0.570312 0.564453 0.051758 0.084961
0 0.957031 0.432617 0.084961 0.058594
0 0.94043 0.200195 0.063477 0.128906
0 0.037109 0.12207 0.072266 0.058594
0 0.041016 0.489258 0.082031 0.049805
0 0.085938 0.430664 0.09375 0.039062
0 0.544922 0.628906 0.043945 0.06543
0 0.025391 0.254883 0.048828 0.056641
0 0.72168 0.735352 0.09082 0.047852
0 0.047852 0.761719 0.078125 0.041016
0 0.277344 0.303711 0.069336 0.043945
0 0.214844 0.212891 0.063477 0.080078
0 0.455762 0.604492 0.090137 0.097559
0 0.228516 0.723633 0.160156 0.057617
0 0.291016 0.522461 0.063477 0.109375
0 0.87207 0.427734 0.041016 0.080078
0 0.316406 0.15332 0.088867 0.048828
0 0.678711 0.876953 0.068359 0.073242
0 0.693359 0.935547 0.048828 0.057617
0 0.905273 0.308594 0.099609 0.141602
0 0.290039 0.204102 0.094727 0.057617
0 0.102539 0.746094 0.055664 0.027344
0 0.438477 0.981445 0.036133 0.036133
0 0.890625 0.419922 0.040039 0.079102
0 0.506836 0.125 0.055664 0.045898
0 0.174805 0.351562 0.069336 0.080078
0 0.033203 0.441406 0.067383 0.040039
0 0.076172 0.960938 0.038086 0.078125
0 0.786133 0.47168 0.027344 0.066406
0 0.139648 0.801758 0.095703 0.048828
0 0.114258 0.248047 0.12207 0.101562
0 0.233398 0.630859 0.083008 0.039062
0 0.568359 0.545898 0.067383 0.091797
0 0.143555 0.898438 0.111328 0.073242
0 0.136719 0.03418 0.06543 0.042969
0 0.200195 0.550781 0.078125 0.029297
0 0.910156 0.975586 0.06543 0.047852
0 0.040039 0.890625 0.026367 0.054688
0 0.198242 0.967773 0.139648 0.039062
0 0.055664 0.827148 0.058594 0.021484
0 0.667969 0.500977 0.035156 0.071289
0 0.928711 0.955078 0.044922 0.068359
0 0.982422 0.024414 0.035156 0.048828
0 0.702148 0.30957 0.043945 0.091797
0 0.016602 0.800781 0.033203 0.051758
0 0.683594 0.020508 0.045898 0.041992
0 0.56543 0.782227 0.048828 0.036133
0 0.926758 0.974609 0.061523 0.049805
0 0.104492 0.921875 0.067383 0.050781
0 0.639648 0.65332 0.063477 0.048828
0 0.953125 0.851562 0.092773 0.036133
0 0.705078 0.331055 0.057617 0.120117
0 0.575195 0.77832 0.061523 0.041992
0 0.926758 0.746094 0.057617 0.055664
0 0.075195 0.37793 0.094727 0.044922
0 0.359375 0.435547 0.072266 0.063477
0 0.438477 0.776367 0.085938 0.042969
0 0.643555 0.751953 0.067383 0.051758
0 0.696289 0.800781 0.085938 0.036133
0 0.655273 0.823242 0.0625 0.037109
0 0.814453 0.912109 0.072266 0.068359
0 0.15332 0.779297 0.071289 0.033203
0 0.124023 0.714844 0.091797 0.072266
0 0.958984 0.209961 0.055664 0.118164
0 0.249023 0.160156 0.066406 0.06543
0 0.144531 0.189453 0.132812 0.050781
0 0.043945 0.37207 0.088867 0.045898
0 0.404297 0.102539 0.048828 0.053711
0 0.763672 0.094727 0.051758 0.057617
