0 0.136719 0.073242 0.077148 0.05957
0 0.422852 0.067383 0.056641 0.064453
0 0.441406 0.128906 0.09375 0.06543
0 0.280273 0.157227 0.05957 0.061523
0 0.164062 0.205078 0.066406 0.066406
0 0.082031 0.27832 0.072266 0.06543
0 0.313477 0.224609 0.09082 0.071289
0 0.329102 0.381836 0.076172 0.075195
0 0.449219 0.279297 0.060547 0.057617
0 0.444336 0.22168 0.081055 0.053711
0 0.517578 0.168945 0.05957 0.060547
0 0.550781 0.207031 0.054688 0.047852
0 0.508789 0.314453 0.112305 0.080078
0 0.739258 0.141602 0.066406 0.067383
0 0.748047 0.279297 0.074219 0.074219
0 0.049805 0.615234 0.095703 0.053711
0 0.283203 0.625977 0.072266 0.05957
0 0.025391 0.667969 0.048828 0.047852
0 0.352539 0.698242 0.068359 0.058594
0 0.581055 0.620117 0.078125 0.066406
0 0.535156 0.796875 0.057617 0.067383
0 0.588867 0.790039 0.049805 0.053711
0 0.021484 0.830078 0.039062 0.080078
0 0.838867 0.949219 0.081055 0.085938
0 0.94043 0.915039 0.054688 0.06543
0 0.889648 0.8125 0.079102 0.098633
0 0.882812 0.098633 0.057617 0.075195
0 0.930664 0.113281 0.050781 0.057617
0 0.96582 0.083008 0.053711 0.05957
0 0.842773 0.689453 0.112305 0.068359
0 0.961914 0.567383 0.075195 0.066406
0 0.97168 0.638672 0.055664 0.063477
0 0.021484 0.554688 0.042969 0.050781
