0 0.023438 0.893555 0.047852 0.072266
0 0.019531 0.523438 0.039062 0.094727
0 0.02832 0.750977 0.057617 0.05957
0 0.078125 0.765625 0.05957 0.0625
0 0.114258 0.569336 0.100586 0.081055
0 0.223633 0.685547 0.066406 0.089844
0 0.229492 0.830078 0.05957 0.05957
0 0.166016 0.40918 0.083984 0.125
0 0.223633 0.527344 0.073242 0.067383
0 0.304688 0.517578 0.078125 0.130859
0 0.314453 0.375977 0.073242 0.125
0 0.356445 0.298828 0.084961 0.114258
0 0.203125 0.21875 0.085938 0.151367
0 0.474609 0.974609 0.075195 0.049805
0 0.389648 0.954102 0.066406 0.054688
0 0.331055 0.942383 0.054688 0.050781
0 0.608398 0.96582 0.055664 0.068359
0 0.693359 0.918945 0.061523 0.088867
0 0.860352 0.818359 0.106445 0.108398
0 0.78418 0.827148 0.067383 0.057617
0 0.761719 0.75293 0.061523 0.066406
0 0.645508 0.758789 0.089844 0.073242
0 0.512695 0.753906 0.067383 0.066406
0 0.453125 0.767578 0.050781 0.064453
0 0.973633 0.84375 0.052734 0.108398
0 0.961914 0.753906 0.060547 0.058594
0 0.697266 0.608398 0.070312 0.074219
0 0.873047 0.698242 0.061523 0.06543
0 0.830078 0.651367 0.056641 0.0625
0 0.78418 0.614258 0.05957 0.055664
0 0.735352 0.549805 0.040039 0.09668
0 0.637695 0.523438 0.084961 0.072266
0 0.507812 0.5625 0.053711 0.057617
0 0.429688 0.526367 0.068359 0.071289
0 0.852539 0.523438 0.063477 0.117188
0 0.930664 0.564453 0.067383 0.092773
0 0.950195 0.419922 0.098633 0.101562
0 0.583984 0.699219 0.073242 0.057617
0 0.136719 0.924805 0.043945 0.068359
0 0.277344 0.758789 0.060547 0.056641
0 0.186523 0.783203 0.052734 0.083984
0 0.931641 0.501953 0.066406 0.09082
0 0.977539 0.628906 0.041992 0.048828
0 0.757812 0.564453 0.024414 0.054688
0 0.133789 0.645508 0.054688 0.049805
0 0.856445 0.984375 0.0625 0.03125
0 0.710938 0.986328 0.040039 0.027344
0 0.011719 0.981445 0.024414 0.035156
0 0.086914 0.442383 0.066406 0.085938
0 0.009766 0.676758 0.019531 0.046875
0 0.475586 0.663086 0.049805 0.033203
0 0.433594 0.65625 0.042969 0.036133
