0 0.044922 0.348633 0.09082 0.092773
0 0.029297 0.222656 0.056641 0.255859
0 0.381836 0.897461 0.101562 0.15918
0 0.49707 0.898438 0.083008 0.177734
0 0.628906 0.946289 0.106445 0.087891
0 0.722656 0.907227 0.050781 0.057617
0 0.495117 0.479492 0.102539 0.141602
0 0.675781 0.300781 0.074219 0.166016
0 0.958008 0.238281 0.083984 0.25293
0 0.461914 0.173828 0.069336 0.131836
0 0.564453 0.182617 0.148438 0.150391
0 0.694336 0.157227 0.105469 0.169922
0 0.759766 0.170898 0.061523 0.151367
0 0.892578 0.070312 0.076172 0.140625
0 0.748047 0.794922 0.064453 0.097656
0 0.654297 0.09082 0.09668 0.104492
0 0.797852 0.03418 0.080078 0.063477
0 0.119141 0.013672 0.03418 0.027344
0 0.267578 0.039062 0.06543 0.079102
0 0.709961 0.017578 0.0625 0.035156
0 0.926758 0.051758 0.03125 0.042969
0 0.310547 0.981445 0.0625 0.035156
