0 0.020508 0.333008 0.041016 0.078125
0 0.063477 0.279297 0.051758 0.049805
0 0.058594 0.099609 0.084961 0.081055
0 0.147461 0.210938 0.074219 0.115234
0 0.228516 0.113281 0.087891 0.085938
0 0.21875 0.203125 0.071289 0.063477
0 0.234375 0.307617 0.053711 0.056641
0 0.317383 0.276367 0.058594 0.094727
0 0.34082 0.246094 0.053711 0.105469
0 0.254883 0.420898 0.074219 0.071289
0 0.131836 0.428711 0.108398 0.058594
0 0.194336 0.481445 0.054688 0.054688
0 0.15625 0.332031 0.06543 0.058594
0 0.310547 0.508789 0.069336 0.077148
0 0.379883 0.402344 0.070312 0.056641
0 0.397461 0.446289 0.061523 0.055664
0 0.023438 0.509766 0.046875 0.088867
0 0.018555 0.657227 0.038086 0.058594
0 0.113281 0.727539 0.077148 0.103516
0 0.231445 0.714844 0.101562 0.092773
0 0.397461 0.588867 0.066406 0.079102
0 0.171875 0.829102 0.06543 0.099609
0 0.389648 0.974609 0.06543 0.050781
0 0.629883 0.931641 0.072266 0.092773
0 0.724609 0.970703 0.063477 0.058594
0 0.719727 0.851562 0.068359 0.097656
0 0.893555 0.935547 0.0625 0.045898
0 0.830078 0.873047 0.079102 0.066406
0 0.888672 0.868164 0.063477 0.0625
0 0.970703 0.852539 0.058594 0.120117
0 0.74707 0.74707 0.056641 0.121094
0 0.682617 0.649414 0.077148 0.145508
0 0.785156 0.634766 0.0625 0.066406
0 0.876953 0.655273 0.094727 0.099609
0 0.886719 0.521484 0.087891 0.053711
0 0.841797 0.415039 0.0625 0.080078
0 0.865234 0.475586 0.06543 0.052734
0 0.638672 0.46582 0.094727 0.058594
0 0.724609 0.443359 0.060547 0.063477
0 0.750977 0.351562 0.0625 0.06543
0 0.71875 0.280273 0.066406 0.09375
0 0.611328 0.391602 0.083008 0.091797
0 0.517578 0.34668 0.09668 0.083008
0 0.614258 0.294922 0.070312 0.088867
0 0.588867 0.21582 0.060547 0.072266
0 0.916016 0.28418 0.108398 0.105469
0 0.482422 0.138672 0.047852 0.080078
0 0.464844 0.061523 0.06543 0.124023
0 0.936523 0.020508 0.05957 0.041016
0 0.257812 0.582031 0.089844 0.052734
0 0.371094 0.020508 0.06543 0.041992
0 0.701172 0.007812 0.045898 0.016602
0 0.787109 0.012695 0.041016 0.026367
0 0.885742 0.061523 0.041992 0.038086
0 0.919922 0.091797 0.044922 0.043945
0 0.982422 0.161133 0.03418 0.047852
0 0.010742 0.250977 0.021484 0.044922
0 0.242188 0.349609 0.039062 0.036133
0 0.646484 0.982422 0.047852 0.03418
0 0.270508 0.93457 0.045898 0.037109
0 0.992188 0.986328 0.013672 0.025391
