0 0.170898 0.235352 0.083008 0.121094
0 0.232422 0.092773 0.068359 0.074219
0 0.144531 0.073242 0.083984 0.087891
0 0.371094 0.035156 0.114258 0.068359
0 0.395508 0.349609 0.097656 0.087891
0 0.645508 0.158203 0.076172 0.073242
0 0.485352 0.083008 0.09668 0.102539
0 0.598633 0.024414 0.128906 0.048828
0 0.135742 0.485352 0.075195 0.076172
0 0.302734 0.358398 0.076172 0.072266
0 0.320312 0.4375 0.081055 0.068359
0 0.737305 0.469727 0.080078 0.100586
0 0.722656 0.380859 0.068359 0.069336
0 0.722656 0.305664 0.071289 0.068359
0 0.333008 0.601562 0.081055 0.082031
0 0.484375 0.608398 0.077148 0.075195
0 0.098633 0.725586 0.085938 0.09082
0 0.089844 0.847656 0.077148 0.080078
0 0.542969 0.904297 0.105469 0.069336
0 0.453125 0.759766 0.095703 0.06543
0 0.578125 0.68457 0.074219 0.068359
0 0.665039 0.651367 0.074219 0.076172
0 0.668945 0.588867 0.05957 0.0625
0 0.566406 0.530273 0.068359 0.074219
0 0.641602 0.505859 0.074219 0.071289
0 0.791016 0.608398 0.074219 0.078125
0 0.748047 0.676758 0.089844 0.115234
0 0.865234 0.506836 0.080078 0.083984
0 0.780273 0.529297 0.053711 0.061523
0 0.938477 0.583984 0.123047 0.067383
0 0.973633 0.517578 0.051758 0.074219
0 0.666016 0.974609 0.077148 0.050781
0 0.770508 0.984375 0.077148 0.03125
0 0.866211 0.980469 0.069336 0.039062
0 0.573242 0.789062 0.083008 0.099609
0 0.978516 0.286133 0.041992 0.102539
0 0.78125 0.210938 0.076172 0.117188
0 0.899414 0.168945 0.066406 0.064453
0 0.961914 0.931641 0.072266 0.0625
0 0.392578 0.401367 0.077148 0.079102
0 0.271484 0.030273 0.077148 0.058594
0 0.280273 0.74707 0.119141 0.071289
0 0.223633 0.592773 0.089844 0.061523
0 0.955078 0.416992 0.089844 0.079102
0 0.53418 0.260742 0.05957 0.104492
0 0.035156 0.029297 0.069336 0.058594
0 0.179688 0.457031 0.071289 0.057617
0 0.198242 0.772461 0.068359 0.069336
0 0.629883 0.946289 0.050781 0.056641
0 0.874023 0.387695 0.049805 0.064453
0 0.119141 0.016602 0.116211 0.03418
0 0.021484 0.65625 0.042969 0.067383
0 0.34375 0.991211 0.082031 0.015625
0 0.833984 0.966797 0.055664 0.048828
0 0.55957 0.952148 0.047852 0.048828
0 0.257812 0.712891 0.057617 0.044922
0 0.444336 0.845703 0.041992 0.060547
