0 0.018555 0.363281 0.038086 0.128906
0 0.106445 0.264648 0.09082 0.094727
0 0.165039 0.352539 0.12207 0.087891
0 0.286133 0.226562 0.148438 0.086914
0 0.196289 0.466797 0.072266 0.071289
0 0.268555 0.460938 0.074219 0.080078
0 0.052734 0.666016 0.06543 0.066406
0 0.12207 0.695312 0.083008 0.073242
0 0.174805 0.625 0.081055 0.072266
0 0.036133 0.977539 0.072266 0.044922
0 0.144531 0.901367 0.076172 0.069336
0 0.367188 0.891602 0.082031 0.086914
0 0.296875 0.828125 0.083984 0.069336
0 0.25 0.860352 0.087891 0.050781
0 0.359375 0.72168 0.095703 0.075195
0 0.373047 0.78125 0.072266 0.06543
0 0.580078 0.848633 0.086914 0.081055
0 0.545898 0.794922 0.0625 0.089844
0 0.573242 0.736328 0.070312 0.060547
0 0.657227 0.742188 0.101562 0.069336
0 0.670898 0.820312 0.0625 0.071289
0 0.726562 0.828125 0.069336 0.063477
0 0.447266 0.660156 0.084961 0.073242
0 0.349609 0.563477 0.094727 0.080078
0 0.415039 0.513672 0.080078 0.076172
0 0.5625 0.648438 0.081055 0.064453
0 0.480469 0.446289 0.06543 0.069336
0 0.564453 0.40918 0.131836 0.086914
0 0.625 0.356445 0.082031 0.084961
0 0.635742 0.307617 0.078125 0.09082
0 0.419922 0.224609 0.073242 0.068359
0 0.397461 0.164062 0.089844 0.0625
0 0.416016 0.03125 0.126953 0.0625
0 0.644531 0.067383 0.097656 0.128906
0 0.803711 0.12793 0.078125 0.067383
0 0.805664 0.328125 0.06543 0.06543
0 0.958984 0.114258 0.081055 0.057617
0 0.964844 0.557617 0.070312 0.080078
0 0.848633 0.547852 0.081055 0.073242
0 0.795898 0.594727 0.132812 0.069336
0 0.716797 0.647461 0.073242 0.054688
0 0.777344 0.676758 0.066406 0.064453
0 0.897461 0.779297 0.088867 0.06543
0 0.933594 0.828125 0.072266 0.0625
0 0.871094 0.963867 0.068359 0.071289
0 0.821289 0.182617 0.086914 0.072266
0 0.641602 0.474609 0.068359 0.070312
0 0.779297 0.291992 0.100586 0.081055
0 0.75293 0.737305 0.0625 0.067383
0 0.387695 0.65332 0.075195 0.053711
0 0.616211 0.417969 0.071289 0.111328
0 0.989258 0.948242 0.021484 0.05957
