0 0.560547 0.923828 0.082031 0.104492
0 0.945312 0.124023 0.108398 0.094727
0 0.616211 0.280273 0.073242 0.099609
0 0.756836 0.631836 0.084961 0.084961
0 0.523438 0.820312 0.082031 0.118164
0 0.214844 0.332031 0.089844 0.105469
0 0.639648 0.582031 0.109375 0.109375
0 0.961914 0.793945 0.075195 0.069336
0 0.842773 0.891602 0.073242 0.075195
0 0.075195 0.910156 0.077148 0.086914
0 0.902344 0.987305 0.081055 0.024414
0 0.110352 0.447266 0.086914 0.099609
0 0.84082 0.765625 0.113281 0.082031
0 0.774414 0.046875 0.064453 0.089844
0 0.199219 0.197266 0.061523 0.116211
0 0.695312 0.744141 0.083008 0.139648
0 0.785156 0.311523 0.063477 0.09668
0 0.135742 0.067383 0.052734 0.089844
0 0.110352 0.582031 0.0625 0.080078
0 0.711914 0.918945 0.154297 0.055664
0 0.285156 0.098633 0.055664 0.054688
0 0.655273 0.380859 0.073242 0.091797
0 0.063477 0.657227 0.117188 0.105469
0 0.197266 0.873047 0.050781 0.0625
0 0.862305 0.025391 0.070312 0.047852
0 0.291016 0.606445 0.064453 0.066406
0 0.214844 0.725586 0.048828 0.072266
