0 0.810547 0.058594 0.123047 0.077148
0 0.181641 0.739258 0.139648 0.094727
0 0.157227 0.498047 0.160156 0.087891
0 0.129883 0.885742 0.134766 0.091797
0 0.8125 0.493164 0.125 0.107422
0 0.865234 0.727539 0.147461 0.137695
0 0.670898 0.726562 0.126953 0.069336
0 0.106445 0.942383 0.129883 0.057617
0 0.100586 0.444336 0.102539 0.080078
0 0.790039 0.833008 0.12793 0.102539
0 0.306641 0.788086 0.120117 0.102539
0 0.061523 0.789062 0.109375 0.057617
0 0.05957 0.053711 0.097656 0.082031
0 0.644531 0.858398 0.064453 0.0625
0 0.708008 0.147461 0.072266 0.067383
0 0.498047 0.666992 0.077148 0.099609
0 0.797852 0.234375 0.1875 0.115234
0 0.045898 0.135742 0.078125 0.05957
0 0.668945 0.481445 0.055664 0.06543
0 0.697266 0.960938 0.100586 0.077148
0 0.376953 0.954102 0.185547 0.09082
0 0.782227 0.616211 0.150391 0.075195
0 0.730469 0.540039 0.0625 0.047852
0 0.93457 0.962891 0.105469 0.067383
0 0.681641 0.664062 0.110352 0.055664
0 0.018555 0.112305 0.038086 0.050781
0 0.575195 0.960938 0.188477 0.054688
