0 0.222656 0.486328 0.076172 0.088867
0 0.454102 0.625977 0.06543 0.103516
0 0.15918 0.097656 0.075195 0.084961
0 0.43457 0.71582 0.049805 0.09082
0 0.067383 0.686523 0.058594 0.076172
0 0.011719 0.473633 0.023438 0.069336
0 0.833008 0.450195 0.038086 0.088867
0 0.673828 0.871094 0.066406 0.069336
0 0.821289 0.078125 0.048828 0.109375
0 0.112305 0.143555 0.03125 0.116211
0 0.553711 0.139648 0.053711 0.073242
0 0.895508 0.693359 0.035156 0.069336
0 0.358398 0.584961 0.042969 0.067383
0 0.50293 0.878906 0.067383 0.077148
0 0.234375 0.701172 0.071289 0.0625
0 0.083984 0.337891 0.040039 0.113281
0 0.839844 0.128906 0.041992 0.071289
0 0.46875 0.204102 0.09082 0.056641
0 0.756836 0.56543 0.03125 0.061523
0 0.983398 0.96582 0.027344 0.063477
0 0.556641 0.78125 0.036133 0.0625
0 0.016602 0.19043 0.03418 0.073242
0 0.389648 0.246094 0.025391 0.074219
0 0.945312 0.517578 0.03125 0.069336
0 0.03125 0.549805 0.032227 0.070312
0 0.033203 0.025391 0.041016 0.051758
0 0.65625 0.307617 0.026367 0.075195
0 0.024414 0.454102 0.026367 0.074219
0 0.978516 0.033203 0.029297 0.0625
0 0.34668 0.233398 0.033203 0.061523
0 0.74707 0.31543 0.058594 0.051758
0 0.90332 0.772461 0.037109 0.068359
0 0.729492 0.402344 0.026367 0.067383
0 0.388672 0.545898 0.030273 0.077148
0 0.430664 0.202148 0.043945 0.06543
0 0.729492 0.911133 0.033203 0.070312
0 0.180664 0.280273 0.063477 0.057617
0 0.295898 0.464844 0.057617 0.057617
0 0.782227 0.046875 0.029297 0.068359
0 0.388672 0.1875 0.047852 0.074219
0 0.773438 0.250977 0.040039 0.068359
0 0.599609 0.375 0.03418 0.066406
0 0.71875 0.839844 0.043945 0.058594
0 0.987305 0.464844 0.024414 0.089844
0 0.342773 0.759766 0.026367 0.054688
0 0.960938 0.780273 0.037109 0.063477
0 0.569336 0.642578 0.043945 0.073242
0 0.908203 0.90332 0.101562 0.044922
0 0.363281 0.926758 0.050781 0.068359
0 0.291016 0.944336 0.033203 0.055664
0 0.061523 0.819336 0.027344 0.055664
0 0.128906 0.789062 0.048828 0.050781
0 0.935547 0.167969 0.042969 0.041016
0 0.8125 0.024414 0.03418 0.049805
0 0.571289 0.541016 0.047852 0.041992
0 0.53418 0.083984 0.036133 0.089844
0 0.765625 0.842773 0.038086 0.054688
0 0.571289 0.90332 0.044922 0.029297
0 0.625 0.427734 0.045898 0.066406
0 0.214844 0.65918 0.048828 0.040039
0 0.493164 0.016602 0.036133 0.03418
0 0.429688 0.069336 0.038086 0.048828
0 0.979492 0.685547 0.041016 0.03418
0 0.863281 0.041992 0.035156 0.061523
0 0.202148 0.945312 0.036133 0.039062
0 0.438477 0.982422 0.036133 0.035156
0 0.141602 0.249023 0.073242 0.05957
0 0.829102 0.864258 0.067383 0.046875
0 0.369141 0.65918 0.02832 0.046875
0 0.500977 0.439453 0.035156 0.027344
0 0.209961 0.59668 0.036133 0.044922
0 0.990234 0.100586 0.018555 0.079102
0 0.143555 0.007812 0.037109 0.016602
0 0.640625 0.992188 0.051758 0.014648
