0 0.9375 0.869141 0.080078 0.089844
0 0.927734 0.233398 0.121094 0.109375
0 0.844727 0.245117 0.069336 0.109375
0 0.80957 0.128906 0.09375 0.166016
0 0.673828 0.178711 0.163086 0.116211
0 0.607422 0.31543 0.075195 0.099609
0 0.411133 0.180664 0.142578 0.099609
0 0.370117 0.28125 0.177734 0.205078
0 0.530273 0.418945 0.056641 0.095703
0 0.580078 0.526367 0.125 0.097656
0 0.488281 0.56543 0.125 0.057617
0 0.474609 0.625977 0.083984 0.094727
0 0.411133 0.632812 0.072266 0.103516
0 0.573242 0.705078 0.133789 0.105469
0 0.764648 0.658203 0.106445 0.104492
0 0.839844 0.739258 0.066406 0.091797
0 0.958008 0.782227 0.083984 0.075195
0 0.705078 0.87793 0.112305 0.076172
0 0.62793 0.963867 0.149414 0.072266
0 0.498047 0.951172 0.128906 0.072266
0 0.441406 0.970703 0.080078 0.057617
0 0.310547 0.842773 0.087891 0.082031
0 0.186523 0.65625 0.092773 0.175781
0 0.246094 0.754883 0.076172 0.050781
0 0.055664 0.851562 0.053711 0.047852
0 0.039062 0.975586 0.071289 0.045898
0 0.983398 0.635742 0.032227 0.080078
0 0.935547 0.588867 0.084961 0.064453
0 0.827148 0.416992 0.116211 0.071289
0 0.710938 0.496094 0.09375 0.052734
0 0.739258 0.536133 0.15332 0.116211
0 0.938477 0.061523 0.055664 0.124023
0 0.914062 0.128906 0.056641 0.097656
0 0.873047 0.048828 0.05957 0.098633
0 0.213867 0.111328 0.063477 0.099609
0 0.086914 0.139648 0.071289 0.075195
0 0.086914 0.259766 0.060547 0.114258
0 0.041992 0.254883 0.083984 0.147461
0 0.150391 0.387695 0.148438 0.077148
0 0.151367 0.460938 0.113281 0.107422
0 0.060547 0.592773 0.121094 0.068359
0 0.032227 0.484375 0.06543 0.095703
0 0.080078 0.481445 0.082031 0.051758
0 0.274414 0.348633 0.083984 0.040039
0 0.270508 0.619141 0.169922 0.079102
0 0.21582 0.051758 0.057617 0.103516
0 0.213867 0.336914 0.061523 0.037109
0 0.235352 0.749023 0.069336 0.039062
0 0.155273 0.798828 0.078125 0.036133
0 0.589844 0.269531 0.050781 0.041016
0 0.749023 0.077148 0.030273 0.060547
0 0.72168 0.188477 0.081055 0.050781
0 0.643555 0.458984 0.039062 0.099609
