0 0.148438 0.172852 0.085938 0.222656
0 0.054688 0.362305 0.110352 0.140625
0 0.154297 0.414062 0.118164 0.111328
0 0.241211 0.399414 0.068359 0.132812
0 0.057617 0.5 0.116211 0.143555
0 0.310547 0.419922 0.143555 0.075195
0 0.575195 0.430664 0.068359 0.113281
0 0.679688 0.244141 0.116211 0.18457
0 0.658203 0.392578 0.115234 0.078125
0 0.485352 0.575195 0.087891 0.103516
0 0.339844 0.665039 0.076172 0.098633
0 0.074219 0.643555 0.148438 0.083984
0 0.045898 0.71875 0.09082 0.092773
0 0.041992 0.775391 0.084961 0.049805
0 0.261719 0.753906 0.114258 0.05957
0 0.477539 0.767578 0.083008 0.145508
0 0.539062 0.712891 0.068359 0.071289
0 0.608398 0.614258 0.0625 0.073242
0 0.132812 0.895508 0.082031 0.110352
0 0.27832 0.970703 0.083984 0.058594
0 0.835938 0.953125 0.03418 0.038086
0 0.495117 0.976562 0.083008 0.046875
0 0.572266 0.897461 0.072266 0.071289
0 0.751953 0.899414 0.081055 0.080078
0 0.71582 0.851562 0.078125 0.069336
0 0.950195 0.770508 0.06543 0.140625
0 0.982422 0.713867 0.035156 0.117188
0 0.776367 0.439453 0.053711 0.109375
0 0.716797 0.4375 0.057617 0.056641
0 0.880859 0.416992 0.119141 0.130859
0 0.755859 0.583008 0.071289 0.06543
0 0.609375 0.794922 0.068359 0.056641
0 0.356445 0.383789 0.056641 0.0625
0 0.956055 0.972656 0.040039 0.051758
0 0.813477 0.938477 0.038086 0.041992
0 0.419922 0.702148 0.033203 0.038086
0 0.393555 0.701172 0.043945 0.044922
0 0.232422 0.710938 0.077148 0.063477
0 0.172852 0.900391 0.050781 0.046875
0 0.206055 0.985352 0.036133 0.02832
0 0.396484 0.474609 0.100586 0.079102
0 0.313477 0.625 0.053711 0.041992
0 0.365234 0.475586 0.133789 0.161133
0 0.583984 0.483398 0.054688 0.042969
