0 0.667969 0.541992 0.12207 0.119141
0 0.879883 0.361328 0.126953 0.105469
0 0.115234 0.416992 0.111328 0.133789
0 0.799805 0.118164 0.126953 0.099609
0 0.475586 0.833008 0.142578 0.217773
0 0.711914 0.358398 0.140625 0.123047
0 0.575195 0.729492 0.086914 0.097656
0 0.149414 0.611328 0.092773 0.097656
0 0.666992 0.083008 0.095703 0.097656
0 0.306641 0.208008 0.09375 0.084961
0 0.797852 0.944336 0.112305 0.087891
0 0.603516 0.878906 0.097656 0.075195
0 0.724609 0.645508 0.105469 0.092773
0 0.210938 0.348633 0.082031 0.070312
0 0.214844 0.186523 0.095703 0.078125
0 0.094727 0.823242 0.077148 0.064453
0 0.227539 0.963867 0.112305 0.072266
0 0.042969 0.65918 0.083008 0.109375
0 0.030273 0.939453 0.057617 0.115234
0 0.073242 0.720703 0.091797 0.072266
0 0.288086 0.266602 0.088867 0.073242
0 0.037109 0.535156 0.072266 0.106445
0 0.098633 0.958984 0.083008 0.072266
0 0.354492 0.776367 0.095703 0.080078
