0 0.661133 0.049805 0.067383 0.075195
0 0.387695 0.118164 0.080078 0.064453
0 0.723633 0.075195 0.075195 0.080078
0 0.400391 0.530273 0.060547 0.079102
0 0.267578 0.077148 0.079102 0.071289
0 0.259766 0.600586 0.083984 0.058594
0 0.818359 0.455078 0.053711 0.077148
0 0.916016 0.22168 0.077148 0.104492
0 0.098633 0.0625 0.070312 0.079102
0 0.030273 0.131836 0.05957 0.073242
0 0.920898 0.158203 0.051758 0.100586
0 0.133789 0.194336 0.080078 0.075195
0 0.543945 0.958008 0.079102 0.072266
0 0.464844 0.09375 0.056641 0.077148
0 0.200195 0.404297 0.054688 0.097656
0 0.344727 0.231445 0.06543 0.060547
0 0.182617 0.486328 0.081055 0.052734
0 0.964844 0.494141 0.049805 0.072266
0 0.583984 0.567383 0.107422 0.051758
0 0.915039 0.383789 0.105469 0.080078
0 0.492188 0.047852 0.069336 0.05957
0 0.262695 0.269531 0.072266 0.077148
0 0.109375 0.882812 0.105469 0.071289
0 0.166016 0.446289 0.098633 0.079102
0 0.34082 0.287109 0.051758 0.076172
0 0.889648 0.036133 0.0625 0.063477
0 0.263672 0.961914 0.086914 0.066406
0 0.313477 0.783203 0.083008 0.077148
0 0.803711 0.101562 0.049805 0.071289
0 0.188477 0.307617 0.089844 0.056641
0 0.199219 0.066406 0.095703 0.09668
0 0.835938 0.764648 0.088867 0.053711
0 0.72168 0.270508 0.063477 0.048828
0 0.900391 0.651367 0.061523 0.052734
0 0.618164 0.842773 0.06543 0.045898
0 0.912109 0.959961 0.073242 0.040039
0 0.301758 0.674805 0.067383 0.053711
0 0.499023 0.305664 0.075195 0.083008
0 0.283203 0.839844 0.098633 0.077148
0 0.176758 0.817383 0.0625 0.051758
0 0.725586 0.794922 0.061523 0.047852
0 0.092773 0.816406 0.09375 0.069336
0 0.480469 0.510742 0.076172 0.0625
0 0.708984 0.316406 0.050781 0.033203
0 0.430664 0.662109 0.094727 0.03125
0 0.193359 0.618164 0.083984 0.049805
0 0.629883 0.71875 0.054688 0.032227
0 0.545898 0.624023 0.061523 0.047852
0 0.65332 0.536133 0.048828 0.056641
0 0.026367 0.601562 0.053711 0.071289
0 0.086914 0.110352 0.060547 0.050781
0 0.912109 0.848633 0.052734 0.06543
0 0.526367 0.817383 0.030273 0.069336
0 0.876953 0.972656 0.041992 0.053711
0 0.59082 0.932617 0.041016 0.029297
0 0.754883 0.978516 0.035156 0.041992
0 0.192383 0.5625 0.066406 0.05957
0 0.436523 0.25 0.053711 0.085938
0 0.391602 0.413086 0.042969 0.051758
0 0.017578 0.216797 0.035156 0.060547
0 0.729492 0.649414 0.063477 0.041016
0 0.060547 0.53125 0.083008 0.053711
0 0.813477 0.977539 0.056641 0.025391
0 0.443359 0.306641 0.06543 0.098633
0 0.953125 0.628906 0.050781 0.042969
0 0.568359 0.845703 0.069336 0.045898
0 0.15332 0.257812 0.101562 0.049805
0 0.535156 0.018555 0.041992 0.037109
0 0.59082 0.496094 0.063477 0.060547
0 0.826172 0.064453 0.036133 0.042969
0 0.620117 0.538086 0.047852 0.0625
0 0.833984 0.925781 0.055664 0.052734
0 0.756836 0.897461 0.040039 0.037109
0 0.458008 0.955078 0.051758 0.032227
0 0.249023 0.782227 0.094727 0.071289
0 0.193359 0.682617 0.040039 0.040039
0 0.126953 0.572266 0.057617 0.046875
