0 0.350586 0.462891 0.123047 0.131836
0 0.916016 0.694336 0.167969 0.094727
0 0.722656 0.875 0.137695 0.077148
0 0.62793 0.243164 0.157227 0.097656
0 0.46875 0.591797 0.075195 0.075195
0 0.753906 0.313477 0.100586 0.072266
0 0.954102 0.920898 0.09082 0.107422
0 0.949219 0.829102 0.100586 0.129883
0 0.754883 0.739258 0.115234 0.094727
0 0.149414 0.908203 0.095703 0.078125
0 0.099609 0.633789 0.185547 0.084961
0 0.073242 0.117188 0.142578 0.150391
0 0.442383 0.186523 0.089844 0.165039
0 0.677734 0.479492 0.172852 0.080078
0 0.670898 0.12207 0.078125 0.095703
0 0.895508 0.063477 0.165039 0.125
0 0.087891 0.75293 0.086914 0.086914
0 0.333008 0.228516 0.087891 0.082031
0 0.556641 0.75293 0.080078 0.067383
0 0.273438 0.87793 0.082031 0.118164
0 0.362305 0.876953 0.070312 0.070312
0 0.306641 0.943359 0.110352 0.082031
0 0.947266 0.501953 0.105469 0.095703
0 0.677734 0.529297 0.176758 0.089844
0 0.207031 0.345703 0.089844 0.067383
0 0.666992 0.608398 0.084961 0.072266
0 0.476562 0.927734 0.075195 0.073242
0 0.422852 0.905273 0.057617 0.108398
0 0.378906 0.670898 0.139648 0.117188
0 0.860352 0.396484 0.0625 0.06543
0 0.363281 0.369141 0.068359 0.06543
0 0.40332 0.084961 0.068359 0.067383
0 0.325195 0.666992 0.092773 0.105469
0 0.457031 0.857422 0.070312 0.067383
0 0.931641 0.033203 0.135742 0.0625
0 0.285156 0.020508 0.041992 0.037109
0 0.926758 0.107422 0.112305 0.100586
0 0.283203 0.708008 0.0625 0.077148
