0 0.713867 0.130859 0.049805 0.107422
0 0.697266 0.930664 0.070312 0.126953
0 0.238281 0.739258 0.087891 0.075195
0 0.37793 0.28125 0.102539 0.120117
0 0.166992 0.232422 0.095703 0.067383
0 0.09082 0.470703 0.113281 0.082031
0 0.953125 0.279297 0.092773 0.125
0 0.086914 0.338867 0.140625 0.084961
0 0.327148 0.662109 0.140625 0.144531
0 0.568359 0.649414 0.12207 0.137695
0 0.621094 0.931641 0.06543 0.115234
0 0.037109 0.239258 0.070312 0.075195
0 0.912109 0.50293 0.073242 0.064453
0 0.149414 0.654297 0.095703 0.080078
0 0.055664 0.787109 0.107422 0.060547
0 0.65332 0.150391 0.078125 0.083008
