0 0.042969 0.277344 0.071289 0.086914
0 0.217773 0.056641 0.087891 0.109375
0 0.345703 0.397461 0.097656 0.069336
0 0.789062 0.316406 0.094727 0.089844
0 0.914062 0.186523 0.082031 0.072266
0 0.761719 0.046875 0.041992 0.09375
0 0.243164 0.308594 0.083008 0.06543
0 0.957031 0.469727 0.084961 0.083984
0 0.549805 0.274414 0.063477 0.067383
0 0.091797 0.631836 0.100586 0.050781
0 0.129883 0.694336 0.108398 0.063477
0 0.848633 0.598633 0.073242 0.057617
0 0.046875 0.740234 0.076172 0.056641
0 0.443359 0.132812 0.086914 0.052734
0 0.966797 0.106445 0.06543 0.066406
0 0.853516 0.932617 0.075195 0.09082
0 0.460938 0.563477 0.112305 0.0625
0 0.78125 0.880859 0.098633 0.039062
0 0.149414 0.359375 0.089844 0.040039
0 0.567383 0.352539 0.087891 0.046875
0 0.686523 0.623047 0.071289 0.046875
0 0.991211 0.336914 0.017578 0.072266
0 0.429688 0.760742 0.089844 0.042969
0 0.689453 0.676758 0.082031 0.029297
0 0.69043 0.420898 0.081055 0.085938
0 0.244141 0.65332 0.098633 0.036133
0 0.555664 0.698242 0.110352 0.050781
0 0.976562 0.727539 0.046875 0.057617
0 0.522461 0.953125 0.067383 0.049805
0 0.90625 0.708008 0.058594 0.054688
0 0.724609 0.472656 0.105469 0.045898
0 0.662109 0.060547 0.111328 0.076172
0 0.84082 0.650391 0.064453 0.029297
0 0.048828 0.643555 0.097656 0.072266
0 0.575195 0.614258 0.068359 0.061523
0 0.415039 0.264648 0.106445 0.095703
0 0.360352 0.035156 0.178711 0.061523
0 0.697266 0.130859 0.069336 0.044922
0 0.827148 0.75293 0.070312 0.042969
0 0.699219 0.969727 0.06543 0.032227
0 0.273438 0.629883 0.068359 0.055664
0 0.741211 0.414062 0.073242 0.0625
0 0.552734 0.371094 0.074219 0.041992
0 0.782227 0.719727 0.095703 0.035156
0 0.203125 0.610352 0.063477 0.058594
0 0.326172 0.987305 0.079102 0.024414
0 0.956055 0.31543 0.070312 0.060547
0 0.880859 0.274414 0.101562 0.083984
0 0.578125 0.161133 0.048828 0.02832
0 0.969727 0.767578 0.05957 0.023438
0 0.257812 0.362305 0.09707 0.089355
0 0.540039 0.989258 0.056641 0.017578
0 0.023438 0.447266 0.047852 0.033203
0 0.59375 0.777344 0.09082 0.036133
0 0.609375 0.807617 0.105469 0.033203
0 0.394531 0.793945 0.113281 0.041016
0 0.969727 0.448242 0.05957 0.038086
0 0.640625 0.540039 0.080078 0.042969
0 0.900391 0.916016 0.088867 0.033203
0 0.910156 0.984375 0.108398 0.030273
0 0.46582 0.682617 0.12793 0.079102
0 0.804688 0.669922 0.066406 0.032227
0 0.456055 0.347656 0.06543 0.058594
0 0.464844 0.009766 0.050781 0.019531
0 0.658203 0.454102 0.055664 0.042969
0 0.541992 0.833008 0.051758 0.023438
0 0.018555 0.782227 0.038086 0.027344
0 0.53418 0.794922 0.078125 0.066406
0 0.264648 0.745117 0.12793 0.053711
0 0.773438 0.432617 0.097656 0.051758
