0 0.109375 0.65332 0.067383 0.060547
0 0.168945 0.617188 0.057617 0.075195
0 0.268555 0.583984 0.0625 0.082031
0 0.216797 0.633789 0.041992 0.061523
0 0.270508 0.649414 0.06543 0.049805
0 0.277344 0.708008 0.071289 0.084961
0 0.222656 0.75 0.054688 0.079102
0 0.207031 0.824219 0.082031 0.061523
0 0.083008 0.856445 0.05957 0.058594
0 0.084961 0.041992 0.088867 0.070312
0 0.160156 0.02832 0.046875 0.057617
0 0.317383 0.038086 0.064453 0.076172
0 0.183594 0.193359 0.070312 0.067383
0 0.564453 0.09375 0.049805 0.071289
0 0.606445 0.168945 0.083008 0.111328
0 0.455078 0.301758 0.072266 0.075195
0 0.375977 0.305664 0.051758 0.049805
0 0.672852 0.324219 0.138672 0.080078
0 0.829102 0.176758 0.076172 0.081055
0 0.761719 0.121094 0.055664 0.077148
0 0.876953 0.069336 0.055664 0.098633
0 0.96582 0.02832 0.050781 0.057617
0 0.980469 0.15332 0.039062 0.075195
0 0.93457 0.337891 0.057617 0.082031
0 0.743164 0.65332 0.120117 0.111328
0 0.974609 0.557617 0.050781 0.061523
0 0.584961 0.894531 0.068359 0.068359
0 0.923828 0.972656 0.109375 0.053711
0 0.383789 0.637695 0.125 0.157227
0 0.332031 0.77832 0.09375 0.097656
