0 0.163086 0.073242 0.113281 0.119141
0 0.072266 0.017578 0.088867 0.035156
0 0.260742 0.098633 0.061523 0.066406
0 0.306641 0.15625 0.061523 0.09082
0 0.271484 0.183594 0.050781 0.054688
0 0.092773 0.129883 0.089844 0.081055
0 0.041016 0.152344 0.081055 0.084961
0 0.277344 0.324219 0.076172 0.078125
0 0.166992 0.360352 0.060547 0.077148
0 0.216797 0.397461 0.058594 0.056641
0 0.125977 0.418945 0.097656 0.0625
0 0.040039 0.567383 0.072266 0.077148
0 0.040039 0.670898 0.080078 0.09375
0 0.333984 0.511719 0.102539 0.085938
0 0.255859 0.727539 0.101562 0.069336
0 0.344727 0.756836 0.072266 0.068359
0 0.421875 0.78125 0.116211 0.068359
0 0.550781 0.691406 0.071289 0.077148
0 0.52832 0.613281 0.071289 0.0625
0 0.648438 0.642578 0.091797 0.09082
0 0.642578 0.537109 0.080078 0.083984
0 0.726562 0.462891 0.06543 0.076172
0 0.821289 0.56543 0.092773 0.092773
0 0.930664 0.696289 0.078125 0.116211
0 0.850586 0.727539 0.130859 0.05957
0 0.798828 0.774414 0.086914 0.055664
0 0.981445 0.915039 0.037109 0.077148
0 0.706055 0.90625 0.078125 0.097656
0 0.570312 0.949219 0.09375 0.071289
0 0.606445 0.884766 0.058594 0.0625
0 0.506836 0.867188 0.108398 0.054688
0 0.418945 0.978516 0.071289 0.042969
0 0.227539 0.880859 0.095703 0.060547
0 0.223633 0.933594 0.06543 0.057617
0 0.180664 0.969727 0.056641 0.060547
0 0.591797 0.280273 0.053711 0.060547
0 0.724609 0.292969 0.080078 0.109375
0 0.735352 0.201172 0.137695 0.140625
0 0.678711 0.228516 0.082031 0.058594
0 0.621094 0.128906 0.060547 0.121094
0 0.874023 0.118164 0.099609 0.129883
0 0.875977 0.172852 0.099609 0.063477
0 0.863281 0.210938 0.083984 0.068359
0 0.957031 0.243164 0.085938 0.071289
0 0.970703 0.087891 0.058594 0.098633
0 0.699219 0.025391 0.073242 0.051758
0 0.113281 0.977539 0.049805 0.044922
0 0.610352 0.364258 0.056641 0.058594
0 0.518555 0.294922 0.05957 0.057617
0 0.958984 0.862305 0.073242 0.076172
0 0.943359 0.024414 0.082031 0.049805
0 0.209961 0.03418 0.051758 0.036133
0 0.329102 0.089844 0.079102 0.052734
0 0.414062 0.014648 0.058594 0.029297
0 0.022461 0.261719 0.044922 0.066406
0 0.019531 0.762695 0.039062 0.0625
0 0.262695 0.983398 0.058594 0.030273
0 0.791016 0.726562 0.085938 0.063477
0 0.790039 0.582031 0.042969 0.067383
0 0.991211 0.491211 0.016602 0.041992
0 0.992188 0.55957 0.015625 0.073242
0 0.987305 0.984375 0.022461 0.029297
0 0.607422 0.634766 0.045898 0.078125
