0 0.157227 0.09668 0.075195 0.076172
0 0.157227 0.179688 0.146484 0.091797
0 0.088867 0.24707 0.074219 0.058594
0 0.108398 0.3125 0.067383 0.071289
0 0.269531 0.279297 0.080078 0.068359
0 0.197266 0.342773 0.109375 0.085938
0 0.419922 0.216797 0.083984 0.077148
0 0.036133 0.537109 0.072266 0.069336
0 0.051758 0.657227 0.076172 0.15332
0 0.105469 0.958984 0.073242 0.074219
0 0.035156 0.953125 0.071289 0.084961
0 0.179688 0.876953 0.083008 0.0625
0 0.088867 0.836914 0.085938 0.078125
0 0.460938 0.09082 0.086914 0.064453
0 0.188477 0.644531 0.086914 0.054688
0 0.28418 0.442383 0.089844 0.049805
0 0.295898 0.5 0.083008 0.047852
0 0.318359 0.360352 0.083008 0.064453
0 0.604492 0.321289 0.072266 0.058594
0 0.683594 0.381836 0.12793 0.058594
0 0.813477 0.394531 0.079102 0.069336
0 0.883789 0.378906 0.080078 0.058594
0 0.871094 0.251953 0.09668 0.058594
0 0.736328 0.189453 0.09668 0.072266
0 0.788086 0.12207 0.064453 0.061523
0 0.424805 0.605469 0.135742 0.132812
0 0.526367 0.532227 0.084961 0.073242
0 0.473633 0.436523 0.100586 0.051758
0 0.75293 0.499023 0.100586 0.088867
0 0.918945 0.496094 0.094727 0.058594
0 0.852539 0.46875 0.079102 0.055664
0 0.924805 0.651367 0.107422 0.076172
0 0.841797 0.670898 0.102539 0.066406
0 0.568359 0.595703 0.079102 0.0625
0 0.535156 0.796875 0.081055 0.077148
0 0.260742 0.871094 0.068359 0.131836
0 0.299805 0.62793 0.09082 0.138672
0 0.296875 0.734375 0.074219 0.112305
0 0.858398 0.826172 0.114258 0.106445
0 0.87793 0.740234 0.150391 0.067383
0 0.746094 0.853516 0.144531 0.100586
0 0.59668 0.928711 0.086914 0.070312
0 0.682617 0.973633 0.066406 0.051758
0 0.870117 0.973633 0.133789 0.052734
0 0.412109 0.032227 0.080078 0.06543
0 0.595703 0.081055 0.060547 0.067383
0 0.660156 0.05957 0.087891 0.056641
0 0.894531 0.305664 0.069336 0.038086
0 0.544922 0.832031 0.089844 0.107422
0 0.967773 0.90918 0.064453 0.109375
0 0.816406 0.837891 0.114258 0.057617
0 0.680664 0.125 0.09082 0.05957
0 0.688477 0.398438 0.089844 0.111328
0 0.030273 0.801758 0.061523 0.049805
0 0.856445 0.548828 0.117188 0.074219
0 0.72168 0.880859 0.12207 0.087891
0 0.975586 0.52832 0.048828 0.048828
0 0.783203 0.484375 0.121094 0.072266
