0 0.097656 0.183594 0.083984 0.087891
0 0.899414 0.490234 0.074219 0.095703
0 0.981445 0.170898 0.037109 0.068359
0 0.987305 0.558594 0.025391 0.068359
0 0.405273 0.142578 0.081055 0.05957
0 0.816406 0.946289 0.100586 0.072266
0 0.598633 0.953125 0.109375 0.063477
0 0.758789 0.083008 0.083008 0.073242
0 0.648438 0.082031 0.137695 0.067383
0 0.202148 0.65918 0.080078 0.072266
0 0.477539 0.966797 0.134766 0.060547
0 0.268555 0.27832 0.079102 0.068359
0 0.710938 0.204102 0.083008 0.043945
0 0.374023 0.378906 0.120117 0.041016
0 0.610352 0.541992 0.073242 0.069336
0 0.678711 0.422852 0.048828 0.063477
0 0.142578 0.833008 0.208984 0.080078
0 0.512695 0.836914 0.180664 0.071289
0 0.722656 0.735352 0.171875 0.061523
0 0.060547 0.948242 0.121094 0.051758
0 0.239258 0.416992 0.114258 0.051758
0 0.375 0.460938 0.055664 0.087891
0 0.700195 0.642578 0.082031 0.058594
0 0.135742 0.033203 0.132812 0.067383
0 0.287109 0.389648 0.118164 0.054688
0 0.859375 0.041016 0.051758 0.036133
0 0.052734 0.426758 0.104492 0.075195
0 0.09375 0.086914 0.137695 0.049805
0 0.249023 0.889648 0.158203 0.199219
0 0.535156 0.267578 0.09668 0.060547
0 0.137695 0.762695 0.071289 0.054688
0 0.750977 0.371094 0.148438 0.068359
0 0.916992 0.615234 0.047852 0.092773
0 0.245117 0.526367 0.107422 0.072266
0 0.481445 0.432617 0.043945 0.058594
0 0.59375 0.368164 0.100586 0.084961
0 0.077148 0.984375 0.099609 0.029297
0 0.848633 0.269531 0.068359 0.041016
0 0.352539 0.953125 0.136719 0.056641
0 0.660156 0.625977 0.061523 0.074219
0 0.155273 0.341797 0.107422 0.055664
0 0.639648 0.459961 0.166992 0.0625
0 0.664062 0.428711 0.052734 0.058594
0 0.030273 0.475586 0.060547 0.081055
0 0.480469 0.041016 0.067383 0.050781
0 0.935547 0.165039 0.044922 0.070312
0 0.133789 0.269531 0.046875 0.077148
0 0.178711 0.77832 0.0625 0.086914
0 0.836914 0.344727 0.128906 0.073242
0 0.3125 0.227539 0.078125 0.044922
0 0.567383 0.884766 0.057617 0.023438
0 0.515625 0.360352 0.083984 0.041016
0 0.040039 0.060547 0.068359 0.040039
0 0.201172 0.382812 0.107422 0.044922
0 0.630859 0.584961 0.070312 0.037109
0 0.390625 0.606445 0.068359 0.032227
0 0.134766 0.676758 0.054688 0.061523
0 0.966797 0.983398 0.060547 0.030273
0 0.501953 0.076172 0.227539 0.092773
0 0.313477 0.019531 0.09082 0.040039
0 0.395508 0.59082 0.081055 0.046875
0 0.910156 0.978516 0.097656 0.041992
0 0.044922 0.548828 0.089844 0.048828
0 0.047852 0.714844 0.09668 0.074219
0 0.304688 0.473633 0.051758 0.03125
0 0.400391 0.672852 0.163086 0.052734
0 0.248047 0.097656 0.147461 0.098633
0 0.962891 0.612305 0.071289 0.058594
0 0.123047 0.583984 0.180664 0.075195
0 0.249023 0.456055 0.092773 0.044922
0 0.90332 0.12793 0.193359 0.081055
0 0.163086 0.724609 0.055664 0.03418
0 0.941406 0.632812 0.039062 0.085938
0 0.831055 0.327148 0.095703 0.108398
0 0.214844 0.325195 0.191406 0.055664
