0 0.088867 0.583008 0.086914 0.071289
0 0.128906 0.825195 0.139648 0.088867
0 0.757812 0.415039 0.076172 0.118164
0 0.018555 0.03418 0.038086 0.068359
0 0.918945 0.036133 0.161133 0.072266
0 0.350586 0.573242 0.088867 0.051758
0 0.931641 0.601562 0.082031 0.063477
0 0.972656 0.211914 0.053711 0.06543
0 0.908203 0.130859 0.045898 0.112305
0 0.006836 0.701172 0.014648 0.041992
0 0.923828 0.470703 0.060547 0.141602
0 0.237305 0.706055 0.105469 0.036133
0 0.766602 0.535156 0.076172 0.069336
0 0.342773 0.600586 0.083984 0.055664
0 0.771484 0.732422 0.058594 0.105469
0 0.942383 0.922852 0.102539 0.046875
0 0.481445 0.688477 0.140625 0.0625
0 0.173828 0.304688 0.069336 0.040039
0 0.490234 0.594727 0.166016 0.0625
0 0.935547 0.235352 0.094727 0.058594
0 0.59082 0.552734 0.098633 0.040039
0 0.068359 0.011719 0.098633 0.021484
0 0.430664 0.632812 0.089844 0.029297
0 0.195312 0.547852 0.102539 0.029297
0 0.172852 0.217773 0.103516 0.0625
0 0.972656 0.276367 0.054688 0.03418
0 0.106445 0.415039 0.087891 0.063477
0 0.568359 0.200195 0.120117 0.103516
0 0.727539 0.958008 0.044922 0.058594
0 0.085938 0.373047 0.133789 0.072266
0 0.679688 0.24707 0.052734 0.068359
0 0.161133 0.023438 0.043945 0.047852
0 0.71875 0.735352 0.061523 0.052734
0 0.276367 0.632812 0.053711 0.02832
0 0.936523 0.860352 0.040039 0.067383
0 0.568359 0.727539 0.05957 0.043945
0 0.025391 0.886719 0.051758 0.082031
0 0.867188 0.691406 0.143555 0.067383
0 0.357422 0.967773 0.083008 0.054688
0 0.974609 0.984375 0.049805 0.025391
0 0.59082 0.235352 0.076172 0.043945
0 0.617188 0.699219 0.071289 0.029297
0 0.758789 0.030273 0.053711 0.03125
0 0.943359 0.6875 0.061523 0.09082
0 0.551758 0.982422 0.071289 0.02832
0 0.944336 0.862305 0.026367 0.064453
0 0.042969 0.504883 0.068359 0.036133
0 0.030273 0.739258 0.060547 0.026367
0 0.231445 0.223633 0.069336 0.051758
0 0.254883 0.572266 0.125977 0.051758
0 0.564844 0.352051 0.10957 0.061035
0 0.008789 0.508789 0.018555 0.089844
0 0.563477 0.102539 0.074219 0.058594
0 0.803711 0.634766 0.214844 0.050781
0 0.969727 0.710938 0.05957 0.041016
0 0.643555 0.564453 0.139648 0.139648
0 0.517578 0.837891 0.176758 0.091797
0 0.719727 0.851562 0.144531 0.073242
0 0.176758 0.677734 0.100586 0.058594
0 0.080078 0.454102 0.101562 0.051758
0 0.919922 0.484375 0.107422 0.110352
0 0.979492 0.670898 0.041016 0.039062
0 0.061523 0.987305 0.103516 0.024414
0 0.891602 0.948242 0.061523 0.042969
