0 0.831055 0.517578 0.091797 0.082031
0 0.675781 0.162109 0.044922 0.073242
0 0.05957 0.552734 0.079102 0.069336
0 0.854492 0.839844 0.109375 0.054688
0 0.716797 0.733398 0.077148 0.100586
0 0.074219 0.114258 0.138672 0.070312
0 0.307617 0.151367 0.041992 0.09082
0 0.223633 0.411133 0.050781 0.088867
0 0.078125 0.775391 0.081055 0.052734
0 0.541992 0.923828 0.095703 0.047852
0 0.866211 0.452148 0.067383 0.060547
0 0.697266 0.132812 0.063477 0.088867
0 0.188477 0.507812 0.060547 0.055664
0 0.580078 0.246094 0.105469 0.064453
0 0.717773 0.856445 0.100586 0.041992
0 0.443359 0.59668 0.040039 0.044922
0 0.239258 0.083008 0.098633 0.083008
0 0.967773 0.764648 0.063477 0.070312
0 0.458984 0.763672 0.09082 0.079102
0 0.09668 0.455078 0.058594 0.061523
0 0.211914 0.557617 0.058594 0.040039
0 0.462891 0.963867 0.076172 0.072266
0 0.966797 0.298828 0.055664 0.054688
0 0.649414 0.524414 0.106445 0.051758
0 0.043945 0.947266 0.083984 0.09375
0 0.623047 0.224609 0.109375 0.038086
0 0.503906 0.161133 0.064453 0.056641
0 0.557617 0.767578 0.067383 0.050781
0 0.016602 0.525391 0.032227 0.043945
0 0.364258 0.439453 0.072266 0.055664
0 0.120117 0.893555 0.049805 0.078125
0 0.621094 0.02832 0.06543 0.055664
0 0.793945 0.943359 0.09082 0.037109
0 0.915039 0.538086 0.053711 0.064453
0 0.486328 0.517578 0.069336 0.051758
0 0.167969 0.621094 0.055664 0.051758
0 0.977539 0.549805 0.043945 0.040039
0 0.515625 0.553711 0.070312 0.051758
0 0.615234 0.182617 0.076172 0.058594
0 0.90918 0.298828 0.0625 0.040039
0 0.882812 0.19043 0.126953 0.069336
0 0.326172 0.512695 0.054688 0.084961
0 0.087891 0.171875 0.03418 0.045898
0 0.733398 0.594727 0.054688 0.051758
0 0.276367 0.569336 0.075195 0.033203
0 0.753906 0.483398 0.071289 0.0625
0 0.946289 0.022461 0.049805 0.044922
0 0.724609 0.40918 0.061523 0.080078
0 0.035156 0.422852 0.066406 0.098633
0 0.889648 0.022461 0.048828 0.042969
0 0.033203 0.241211 0.067383 0.035156
0 0.807617 0.674805 0.051758 0.0625
0 0.803711 0.858398 0.05957 0.039062
0 0.424805 0.569336 0.09082 0.037109
0 0.564453 0.621094 0.087891 0.050781
0 0.804688 0.725586 0.080078 0.067383
0 0.144531 0.424805 0.082031 0.098633
0 0.779297 0.396484 0.063477 0.064453
0 0.492188 0.481445 0.060547 0.049805
0 0.405273 0.535156 0.063477 0.038086
0 0.075195 0.40918 0.109375 0.071289
0 0.042969 0.990234 0.061523 0.012695
0 0.384766 0.977539 0.095703 0.039062
0 0.459961 0.868164 0.145508 0.046875
0 0.741211 0.007812 0.049805 0.015625
0 0.026367 0.202148 0.053711 0.043945
0 0.855469 0.787109 0.043945 0.029297
0 0.115234 0.50293 0.086914 0.0625
0 0.595703 0.569336 0.088867 0.051758
0 0.020508 0.300781 0.041016 0.03418
0 0.057617 0.188477 0.049805 0.038086
0 0.984375 0.180664 0.030273 0.039062
0 0.864258 0.807617 0.044922 0.023438
0 0.373047 0.052734 0.074219 0.086914
0 0.867188 0.151367 0.053711 0.055664
0 0.574219 0.477539 0.053711 0.047852
0 0.980469 0.945312 0.036133 0.035156
0 0.679688 0.405273 0.046875 0.076172
