0 0.361328 0.263672 0.060547 0.092773
0 0.15918 0.395508 0.075195 0.099609
0 0.700195 0.587891 0.089844 0.116211
0 0.351562 0.105469 0.072266 0.098633
0 0.46582 0.78418 0.068359 0.074219
0 0.041992 0.735352 0.084961 0.064453
0 0.473633 0.102539 0.075195 0.051758
0 0.310547 0.041992 0.051758 0.083984
0 0.238281 0.292969 0.051758 0.066406
0 0.149414 0.536133 0.06543 0.056641
0 0.813477 0.048828 0.035156 0.080078
0 0.125 0.950195 0.146484 0.049805
0 0.916992 0.056641 0.063477 0.054688
0 0.324219 0.375977 0.041016 0.089844
0 0.723633 0.186523 0.064453 0.054688
0 0.295898 0.893555 0.046875 0.074219
0 0.200195 0.041016 0.027344 0.080078
0 0.086914 0.067383 0.083008 0.056641
0 0.549805 0.320312 0.084961 0.048828
0 0.605469 0.933594 0.083984 0.068359
0 0.510742 0.413086 0.06543 0.050781
0 0.952148 0.682617 0.069336 0.039062
0 0.537109 0.696289 0.087891 0.032227
0 0.954102 0.926758 0.051758 0.052734
0 0.121094 0.323242 0.049805 0.0625
0 0.305664 0.658203 0.061523 0.071289
0 0.09082 0.517578 0.068359 0.03125
0 0.963867 0.166992 0.066406 0.03418
0 0.77832 0.589844 0.041016 0.071289
0 0.483398 0.517578 0.058594 0.061523
0 0.811523 0.94043 0.03125 0.091797
0 0.03125 0.149414 0.063477 0.035156
0 0.521484 0.242188 0.078125 0.074219
0 0.139648 0.212891 0.06543 0.023438
0 0.791016 0.833008 0.026367 0.071289
0 0.90918 0.522461 0.073242 0.043945
0 0.157227 0.8125 0.070312 0.017578
0 0.885742 0.456055 0.071289 0.03125
0 0.255859 0.357422 0.050781 0.047852
0 0.248047 0.208008 0.056641 0.039062
0 0.725586 0.083008 0.041016 0.0625
0 0.21875 0.515625 0.048828 0.022461
0 0.393555 0.9375 0.03125 0.099609
0 0.394531 0.501953 0.070312 0.049805
0 0.094727 0.22168 0.12793 0.066406
0 0.935547 0.792969 0.043945 0.035156
0 0.088867 0.850586 0.075195 0.049805
0 0.303711 0.972656 0.045898 0.032227
0 0.068359 0.189453 0.070312 0.040039
0 0.179688 0.988281 0.029297 0.023438
0 0.728516 0.666992 0.0625 0.038086
0 0.700195 0.34082 0.082031 0.042969
0 0.044922 0.78418 0.087891 0.032227
0 0.87207 0.556641 0.047852 0.053711
0 0.675781 0.209961 0.030273 0.040039
0 0.017578 0.109375 0.035156 0.037109
0 0.566406 0.902344 0.071289 0.035156
0 0.453125 0.935547 0.041992 0.037109
0 0.916016 0.947266 0.047852 0.021484
0 0.832031 0.229492 0.046875 0.044922
0 0.509766 0.612305 0.048828 0.038086
0 0.580078 0.729492 0.047852 0.036133
0 0.466797 0.740234 0.06543 0.041016
0 0.299805 0.691406 0.085938 0.041992
0 0.186523 0.913086 0.069336 0.041016
0 0.972656 0.231445 0.053711 0.050781
0 0.990234 0.402344 0.019531 0.043945
0 0.905273 0.405273 0.121094 0.045898
0 0.958984 0.358398 0.047852 0.056641
0 0.547852 0.389648 0.052734 0.041016
0 0.946289 0.84375 0.056641 0.042969
0 0.036133 0.904297 0.072266 0.074219
0 0.498047 0.975586 0.071289 0.027344
