0 0.640625 0.125977 0.078125 0.097656
0 0.249023 0.269531 0.149414 0.085938
0 0.209961 0.085938 0.112305 0.0625
0 0.719727 0.066406 0.080078 0.104492
0 0.493164 0.032227 0.132812 0.064453
0 0.49707 0.099609 0.145508 0.139648
0 0.958984 0.366211 0.069336 0.084961
0 0.455078 0.398438 0.092773 0.117188
0 0.974609 0.28418 0.044922 0.084961
0 0.163086 0.542969 0.115234 0.099609
0 0.369141 0.600586 0.102539 0.110352
0 0.479492 0.463867 0.084961 0.100586
0 0.12793 0.167969 0.102539 0.102539
0 0.539062 0.564453 0.111328 0.120117
0 0.219727 0.175781 0.054688 0.0625
0 0.625 0.560547 0.077148 0.112305
0 0.957031 0.472656 0.069336 0.102539
0 0.610352 0.371094 0.077148 0.084961
0 0.046875 0.21875 0.09375 0.069336
0 0.064453 0.296875 0.129883 0.15625
0 0.974609 0.15625 0.050781 0.0625
0 0.50293 0.321289 0.12793 0.05957
0 0.047852 0.039062 0.083008 0.05957
0 0.137695 0.045898 0.092773 0.0625
0 0.243164 0.332031 0.087891 0.099609
0 0.355469 0.337891 0.083008 0.102539
0 0.427734 0.369141 0.077148 0.114258
0 0.546875 0.46582 0.094727 0.123047
0 0.969727 0.099609 0.060547 0.064453
0 0.124023 0.271484 0.076172 0.06543
