0 0.944336 0.830078 0.069336 0.072266
0 0.626953 0.938477 0.076172 0.071289
0 0.142578 0.334961 0.05957 0.077148
0 0.058594 0.974609 0.086914 0.046875
0 0.664062 0.796875 0.053711 0.103516
0 0.349609 0.700195 0.078125 0.089844
0 0.048828 0.05957 0.089844 0.078125
0 0.779297 0.035156 0.058594 0.071289
0 0.863281 0.110352 0.035156 0.056641
0 0.800781 0.162109 0.064453 0.056641
0 0.783203 0.669922 0.076172 0.055664
0 0.673828 0.40625 0.084961 0.094727
0 0.761719 0.538086 0.060547 0.086914
0 0.956055 0.205078 0.078125 0.058594
0 0.630859 0.564453 0.075195 0.067383
0 0.209961 0.805664 0.12793 0.077148
0 0.016602 0.772461 0.03418 0.087891
0 0.879883 0.080078 0.060547 0.069336
0 0.635742 0.149414 0.080078 0.054688
0 0.712891 0.212891 0.064453 0.052734
0 0.344727 0.042969 0.042969 0.082031
0 0.651367 0.039062 0.074219 0.075195
0 0.242188 0.254883 0.05957 0.064453
0 0.707031 0.616211 0.083008 0.045898
0 0.432617 0.267578 0.064453 0.056641
0 0.044922 0.679688 0.058594 0.064453
0 0.054688 0.770508 0.081055 0.042969
0 0.057617 0.5625 0.111328 0.069336
0 0.723633 0.557617 0.109375 0.054688
0 0.915039 0.913086 0.077148 0.044922
0 0.433594 0.084961 0.056641 0.030273
0 0.036133 0.125977 0.052734 0.074219
0 0.320312 0.375 0.075195 0.055664
0 0.694336 0.142578 0.101562 0.039062
0 0.959961 0.461914 0.02832 0.055664
0 0.34668 0.508789 0.049805 0.081055
0 0.203125 0.888672 0.075195 0.036133
0 0.467773 0.445312 0.042969 0.092773
0 0.414062 0.657227 0.056641 0.070312
0 0.444336 0.21875 0.03125 0.073242
0 0.151367 0.107422 0.041016 0.086914
0 0.020508 0.84082 0.041992 0.027344
0 0.672852 0.473633 0.113281 0.036133
0 0.864258 0.220703 0.039062 0.072266
0 0.676758 0.101562 0.078125 0.060547
0 0.061523 0.414062 0.104492 0.040039
0 0.701172 0.974609 0.041992 0.049805
0 0.918945 0.979492 0.039062 0.040039
0 0.243164 0.40625 0.063477 0.048828
0 0.027344 0.459961 0.055664 0.030273
0 0.250977 0.775391 0.055664 0.042969
0 0.199219 0.289062 0.080078 0.044922
0 0.822266 0.738281 0.06543 0.023438
0 0.132812 0.323242 0.050781 0.061523
0 0.791016 0.329102 0.111328 0.049805
0 0.841797 0.146484 0.035156 0.097656
0 0.172852 0.59082 0.084961 0.039062
0 0.762695 0.801758 0.097656 0.049805
0 0.648438 0.884766 0.047852 0.044922
0 0.918945 0.141602 0.049805 0.06543
0 0.05957 0.40332 0.102539 0.044922
0 0.382812 0.848633 0.069336 0.047852
0 0.923828 0.774414 0.025391 0.06543
0 0.833008 0.957031 0.064453 0.044922
0 0.460938 0.192383 0.041992 0.033203
0 0.555664 0.811523 0.066406 0.049805
0 0.492188 0.254883 0.048828 0.054688
0 0.200195 0.782227 0.051758 0.032227
0 0.063672 0.738867 0.076074 0.037988
0 0.989258 0.139648 0.020508 0.081055
0 0.405273 0.667969 0.054688 0.069336
0 0.334961 0.216797 0.06543 0.033203
0 0.793945 0.249023 0.058594 0.051758
0 0.387695 0.191406 0.048828 0.045898
0 0.331055 0.925781 0.078125 0.066406
0 0.081055 0.55957 0.083008 0.039062
