0 0.076172 0.052734 0.148438 0.054688
0 0.231445 0.081055 0.069336 0.047852
0 0.338867 0.201172 0.087891 0.164062
0 0.141602 0.191406 0.095703 0.169922
0 0.375 0.333984 0.131836 0.089844
0 0.30957 0.376953 0.116211 0.083008
0 0.229492 0.30957 0.085938 0.107422
0 0.173828 0.386719 0.073242 0.123047
0 0.160156 0.483398 0.069336 0.0625
0 0.4375 0.429688 0.082031 0.110352
0 0.631836 0.391602 0.0625 0.09082
0 0.245117 0.570312 0.135742 0.053711
0 0.120117 0.59375 0.115234 0.045898
0 0.048828 0.623047 0.098633 0.063477
0 0.048828 0.758789 0.070312 0.074219
0 0.157227 0.650391 0.135742 0.053711
0 0.376953 0.696289 0.063477 0.168945
0 0.385742 0.786133 0.116211 0.169922
0 0.27832 0.902344 0.071289 0.060547
0 0.172852 0.942383 0.074219 0.114258
0 0.057617 0.942383 0.116211 0.068359
0 0.46582 0.975586 0.086914 0.048828
0 0.553711 0.979492 0.09668 0.041016
0 0.794922 0.961914 0.116211 0.076172
0 0.961914 0.870117 0.076172 0.140625
0 0.946289 0.612305 0.077148 0.109375
0 0.855469 0.552734 0.098633 0.119141
0 0.740234 0.5625 0.139648 0.098633
0 0.766602 0.652344 0.152344 0.116211
0 0.646484 0.280273 0.138672 0.066406
0 0.708008 0.145508 0.073242 0.05957
0 0.790039 0.101562 0.068359 0.116211
0 0.888672 0.214844 0.149414 0.088867
0 0.960938 0.262695 0.077148 0.186523
0 0.520508 0.054688 0.079102 0.109375
0 0.473633 0.047852 0.115234 0.050781
0 0.586914 0.024414 0.079102 0.049805
0 0.649414 0.119141 0.086914 0.125
0 0.857422 0.444336 0.06543 0.067383
0 0.970703 0.425781 0.058594 0.079102
0 0.449219 0.52832 0.104492 0.063477
0 0.970703 0.573242 0.058594 0.054688
