0 0.852539 0.332031 0.110352 0.123047
0 0.791016 0.31543 0.066406 0.055664
0 0.580078 0.321289 0.069336 0.044922
0 0.580078 0.387695 0.06543 0.091797
0 0.641602 0.410156 0.102539 0.064453
0 0.464844 0.228516 0.092773 0.071289
0 0.416992 0.168945 0.05957 0.075195
0 0.522461 0.180664 0.075195 0.070312
0 0.571289 0.171875 0.0625 0.061523
0 0.585938 0.076172 0.050781 0.05957
0 0.504883 0.043945 0.069336 0.061523
0 0.4375 0.038086 0.100586 0.077148
0 0.289062 0.015625 0.09668 0.032227
0 0.066406 0.079102 0.133789 0.104492
0 0.296875 0.267578 0.075195 0.143555
0 0.024414 0.40625 0.049805 0.105469
0 0.4375 0.681641 0.078125 0.073242
0 0.357422 0.56543 0.082031 0.058594
0 0.291992 0.673828 0.09375 0.058594
0 0.175781 0.78418 0.143555 0.079102
0 0.394531 0.748047 0.058594 0.073242
0 0.428711 0.833984 0.086914 0.073242
0 0.525391 0.842773 0.069336 0.082031
0 0.375 0.880859 0.067383 0.061523
0 0.15332 0.897461 0.109375 0.081055
0 0.608398 0.951172 0.072266 0.076172
0 0.87793 0.931641 0.139648 0.107422
0 0.881836 0.670898 0.091797 0.102539
0 0.817383 0.75293 0.085938 0.067383
0 0.977539 0.610352 0.043945 0.063477
0 0.9375 0.554688 0.081055 0.069336
0 0.774414 0.425781 0.069336 0.06543
0 0.71582 0.457031 0.069336 0.089844
0 0.77832 0.491211 0.104492 0.076172
0 0.689453 0.021484 0.060547 0.042969
0 0.581055 0.019531 0.067383 0.040039
