0 0.855469 0.954102 0.073242 0.087891
0 0.108398 0.578125 0.089844 0.087891
0 0.741211 0.871094 0.046875 0.097656
0 0.643555 0.662109 0.079102 0.087891
0 0.601562 0.711914 0.069336 0.080078
0 0.31543 0.388672 0.056641 0.103516
0 0.378906 0.575195 0.068359 0.117188
0 0.821289 0.267578 0.109375 0.067383
0 0.174805 0.202148 0.060547 0.080078
0 0.425781 0.512695 0.091797 0.132812
0 0.539062 0.515625 0.063477 0.088867
0 0.904297 0.665039 0.129883 0.080078
0 0.673828 0.777344 0.084961 0.069336
0 0.022461 0.072266 0.044922 0.068359
0 0.022461 0.841797 0.045898 0.09082
0 0.647461 0.19043 0.073242 0.083984
0 0.949219 0.558594 0.041016 0.080078
0 0.979492 0.138672 0.036133 0.097656
0 0.728516 0.610352 0.061523 0.075195
0 0.207031 0.914062 0.15625 0.117188
0 0.191406 0.501953 0.098633 0.125
0 0.095703 0.775391 0.06543 0.056641
0 0.682617 0.536133 0.030273 0.085938
0 0.875977 0.227539 0.047852 0.100586
0 0.849609 0.44043 0.061523 0.148438
0 0.59668 0.505859 0.080078 0.063477
0 0.75293 0.116211 0.041992 0.119141
0 0.547852 0.31543 0.050781 0.072266
0 0.503906 0.865234 0.080078 0.043945
0 0.732422 0.953125 0.061523 0.054688
0 0.704102 0.161133 0.128906 0.118164
0 0.62793 0.572266 0.051758 0.085938
0 0.893555 0.807617 0.084961 0.095703
0 0.936523 0.092773 0.03418 0.123047
0 0.086914 0.337891 0.068359 0.069336
0 0.642578 0.873047 0.111328 0.125
0 0.786133 0.079102 0.03125 0.077148
0 0.869141 0.145508 0.058594 0.103516
0 0.580078 0.174805 0.047852 0.12793
0 0.076172 0.979492 0.055664 0.036133
0 0.602539 0.94043 0.0625 0.076172
0 0.445312 0.09375 0.116211 0.12207
0 0.587891 0.894531 0.068359 0.043945
0 0.77832 0.189453 0.03418 0.073242
0 0.918945 0.945312 0.041016 0.069336
0 0.150391 0.333008 0.03418 0.06543
0 0.87207 0.410156 0.03125 0.097656
0 0.0625 0.392578 0.125 0.125977
0 0.349609 0.022461 0.080078 0.045898
0 0.419922 0.920898 0.051758 0.041992
0 0.152344 0.68457 0.128906 0.043945
0 0.706055 0.189453 0.105469 0.070312
0 0.454102 0.492188 0.03125 0.077148
0 0.008789 0.75 0.018555 0.040039
0 0.469727 0.017578 0.048828 0.033203
0 0.449219 0.673828 0.101562 0.058594
0 0.958984 0.880859 0.046875 0.066406
0 0.635742 0.03418 0.058594 0.049805
0 0.397461 0.021484 0.033203 0.042969
0 0.958984 0.154297 0.041016 0.092773
0 0.983398 0.504883 0.032227 0.036133
0 0.039062 0.268555 0.079102 0.091797
0 0.602539 0.27832 0.050781 0.080078
0 0.584961 0.987305 0.035156 0.025391
0 0.125977 0.633789 0.052734 0.037109
0 0.899414 0.90332 0.029297 0.050781
0 0.986328 0.439453 0.027344 0.052734
0 0.588867 0.550781 0.060547 0.082031
0 0.121094 0.668945 0.045898 0.029297
0 0.984375 0.895508 0.030273 0.051758
0 0.619141 0.978516 0.03418 0.033203
0 0.927734 0.985352 0.046875 0.029297
