0 0.650391 0.666016 0.074219 0.082031
0 0.795898 0.263672 0.051758 0.088867
0 0.835938 0.177734 0.099609 0.058594
0 0.53418 0.28125 0.109375 0.070312
0 0.501953 0.441406 0.084961 0.055664
0 0.984375 0.34668 0.03125 0.041016
0 0.94043 0.251953 0.091797 0.048828
0 0.105469 0.089844 0.120117 0.047852
0 0.298828 0.944336 0.103516 0.048828
0 0.65918 0.865234 0.143555 0.050781
0 0.824219 0.020508 0.140625 0.041992
0 0.092773 0.15918 0.086914 0.042969
0 0.983398 0.164062 0.032227 0.069336
0 0.290039 0.582031 0.103516 0.069336
0 0.602539 0.804688 0.046875 0.072266
0 0.810547 0.84668 0.113281 0.041016
0 0.824219 0.65918 0.120117 0.070312
0 0.455078 0.587891 0.157227 0.070312
0 0.553711 0.686523 0.098633 0.057617
0 0.453125 0.740234 0.114258 0.061523
0 0.231445 0.931641 0.073242 0.092773
0 0.582031 0.914062 0.100586 0.036133
0 0.698242 0.03418 0.118164 0.030273
0 0.962891 0.69043 0.074219 0.166992
0 0.069336 0.922852 0.138672 0.045898
0 0.895508 0.304688 0.060547 0.026367
0 0.173828 0.692383 0.138672 0.075195
0 0.818359 0.390625 0.074219 0.03418
0 0.057617 0.634766 0.111328 0.026367
0 0.876953 0.757812 0.152344 0.053711
0 0.458984 0.319336 0.135742 0.029297
0 0.40625 0.089844 0.100586 0.037109
0 0.05957 0.609375 0.110352 0.03125
0 0.061523 0.672949 0.113379 0.04873
0 0.09082 0.539062 0.171875 0.048828
0 0.165039 0.02832 0.063477 0.047852
0 0.415039 0.053711 0.068359 0.060547
0 0.276367 0.011719 0.048828 0.024414
0 0.699219 0.629883 0.100586 0.041016
0 0.698242 0.3125 0.110352 0.06543
0 0.943359 0.962891 0.095703 0.061523
0 0.225586 0.323242 0.128906 0.052734
0 0.481445 0.078125 0.055664 0.074219
0 0.59668 0.982422 0.037109 0.035156
0 0.925781 0.378906 0.083008 0.050781
0 0.191406 0.385742 0.104492 0.035156
0 0.512695 0.373047 0.056641 0.064453
0 0.225586 0.230469 0.207031 0.061523
0 0.993164 0.607422 0.012695 0.014648
0 0.402344 0.506836 0.15332 0.053711
0 0.513672 0.880859 0.129883 0.050781
0 0.44043 0.219727 0.041992 0.036133
0 0.016602 0.053711 0.03418 0.063477
0 0.350586 0.541016 0.144531 0.05957
0 0.555664 0.739258 0.089844 0.045898
0 0.081055 0.986328 0.162109 0.027344
0 0.360352 0.658203 0.054688 0.015625
0 0.37207 0.181641 0.046875 0.056641
0 0.260742 0.09668 0.09375 0.052734
0 0.40332 0.52832 0.055664 0.026367
0 0.895508 0.25293 0.048828 0.029297
0 0.337891 0.834961 0.166992 0.099609
0 0.433594 0.87207 0.067383 0.057617
0 0.347656 0.331055 0.057617 0.038086
0 0.318359 0.339844 0.045898 0.03418
0 0.154297 0.342773 0.133789 0.043945
0 0.125 0.310547 0.080078 0.050781
