0 0.375977 0.140625 0.115234 0.067383
0 0.711914 0.935547 0.106445 0.083008
0 0.668945 0.779297 0.110352 0.259766
0 0.830078 0.222656 0.28418 0.142578
0 0.75293 0.390625 0.227539 0.1875
0 0.503906 0.135742 0.100586 0.267578
0 0.953125 0.691406 0.09375 0.146484
0 0.524414 0.944336 0.129883 0.110352
0 0.270508 0.564453 0.297852 0.179688
0 0.570312 0.695312 0.185547 0.216797
0 0.149414 0.461914 0.28418 0.200195
0 0.237988 0.88916 0.136426 0.088184
0 0.12207 0.854492 0.240234 0.070312
0 0.436523 0.538086 0.080078 0.06543
0 0.55957 0.864258 0.115234 0.165039
0 0.933594 0.558594 0.130859 0.115234
0 0.18457 0.615234 0.12793 0.081055
0 0.893555 0.503906 0.212891 0.129883
0 0.643555 0.956055 0.087891 0.087891
0 0.055664 0.697266 0.102539 0.230469
0 0.858398 0.388672 0.152344 0.084961
0 0.654297 0.121094 0.208984 0.238281
0 0.629883 0.176758 0.094727 0.087891
0 0.609375 0.100586 0.155273 0.117188
