0 0.672852 0.144531 0.120117 0.15625
0 0.762695 0.088867 0.099609 0.105469
0 0.729492 0.667969 0.105469 0.071289
0 0.556641 0.128906 0.146484 0.139648
0 0.90332 0.859375 0.132812 0.09082
0 0.806641 0.248047 0.128906 0.129883
0 0.641602 0.091797 0.178711 0.18457
0 0.086914 0.128906 0.173828 0.139648
0 0.929688 0.246094 0.137695 0.260742
0 0.614258 0.025391 0.060547 0.051758
0 0.196289 0.30957 0.104492 0.079102
0 0.722656 0.396484 0.15625 0.077148
0 0.147461 0.47168 0.294922 0.118164
0 0.326172 0.107422 0.205078 0.089844
0 0.87207 0.97168 0.183594 0.056641
0 0.902344 0.478516 0.194336 0.149414
0 0.745117 0.842773 0.143555 0.107422
0 0.955078 0.017578 0.088867 0.035156
0 0.238281 0.274414 0.160156 0.137695
0 0.341797 0.635742 0.085938 0.171875
0 0.232422 0.69043 0.229492 0.130859
0 0.163086 0.088867 0.143555 0.178711
0 0.424805 0.227539 0.193359 0.087891
0 0.484375 0.411133 0.24707 0.139648
0 0.887695 0.871094 0.182617 0.12793
0 0.038086 0.891602 0.077148 0.082031
0 0.779297 0.615234 0.119141 0.047852
0 0.69043 0.589844 0.125 0.112305
0 0.853516 0.383789 0.119141 0.142578
