0 0.366211 0.085938 0.081055 0.09375
0 0.796875 0.092773 0.071289 0.085938
0 0.726562 0.139648 0.074219 0.078125
0 0.280273 0.336914 0.098633 0.051758
0 0.899414 0.032227 0.064453 0.063477
0 0.40625 0.259766 0.082031 0.038086
0 0.991211 0.548828 0.016602 0.087891
0 0.499023 0.111328 0.092773 0.06543
0 0.245117 0.09668 0.09668 0.051758
0 0.541992 0.261719 0.061523 0.071289
0 0.402344 0.925781 0.09375 0.047852
0 0.522461 0.850586 0.130859 0.080078
0 0.930664 0.385742 0.073242 0.041992
0 0.692383 0.597656 0.117188 0.051758
0 0.058594 0.663086 0.115234 0.051758
0 0.602539 0.727539 0.081055 0.048828
0 0.137695 0.34668 0.091797 0.0625
0 0.032227 0.385742 0.064453 0.046875
0 0.655273 0.854492 0.081055 0.064453
0 0.542969 0.329102 0.060547 0.06543
0 0.154297 0.511719 0.083984 0.052734
0 0.851562 0.560547 0.091797 0.042969
0 0.722656 0.057617 0.032227 0.077148
0 0.732422 0.966797 0.037109 0.06543
0 0.084961 0.767578 0.094727 0.058594
0 0.292969 0.381836 0.06543 0.047852
0 0.777344 0.649414 0.077148 0.048828
0 0.777344 0.026367 0.070312 0.052734
0 0.600586 0.108398 0.077148 0.053711
0 0.543945 0.017578 0.043945 0.035156
0 0.407227 0.054688 0.066406 0.070312
0 0.633789 0.632812 0.055664 0.044922
0 0.763672 0.773438 0.063477 0.040039
0 0.916992 0.621094 0.052734 0.073242
0 0.022461 0.057617 0.045898 0.041016
0 0.623047 0.286133 0.072266 0.0625
0 0.095703 0.853516 0.092773 0.047852
0 0.981445 0.733398 0.036133 0.040039
0 0.555664 0.537109 0.0625 0.076172
0 0.435547 0.615234 0.095703 0.061523
0 0.121094 0.285156 0.101562 0.036133
0 0.604492 0.691406 0.075195 0.027344
0 0.578125 0.583984 0.058594 0.03125
0 0.521484 0.706055 0.061523 0.056641
0 0.706055 0.011719 0.061523 0.023438
0 0.287109 0.726562 0.132812 0.057617
0 0.692383 0.930664 0.053711 0.051758
0 0.918945 0.555664 0.0625 0.052734
0 0.109375 0.976562 0.085938 0.044922
0 0.244141 0.640625 0.067383 0.061523
0 0.84375 0.964844 0.051758 0.02832
0 0.924805 0.678711 0.073242 0.049805
0 0.55957 0.648438 0.081055 0.040039
0 0.772461 0.418945 0.077148 0.053711
0 0.606445 0.963867 0.074219 0.039062
0 0.887695 0.945312 0.064453 0.048828
0 0.579102 0.05957 0.083984 0.040039
0 0.537109 0.976562 0.063477 0.046875
0 0.1875 0.755859 0.091797 0.052734
0 0.083008 0.441406 0.072266 0.043945
0 0.766602 0.364258 0.071289 0.052734
0 0.746094 0.046875 0.027344 0.0625
0 0.133789 0.911133 0.073242 0.021484
0 0.765625 0.52832 0.055664 0.049805
0 0.887695 0.728516 0.05957 0.056641
0 0.160156 0.445312 0.118164 0.041992
0 0.353516 0.975586 0.068359 0.047852
0 0.833984 0.761719 0.057617 0.02832
0 0.661133 0.53418 0.05957 0.055664
0 0.821289 0.009766 0.054688 0.020508
0 0.234375 0.955078 0.09668 0.045898
0 0.417969 0.009766 0.080078 0.020508
0 0.56543 0.972656 0.067383 0.054688
0 0.678711 0.041992 0.0625 0.047852
0 0.226562 0.287109 0.081055 0.047852
0 0.395508 0.397461 0.104492 0.041992
0 0.446289 0.654297 0.083984 0.035156
0 0.19043 0.385742 0.066406 0.051758
0 0.022461 0.213867 0.041992 0.053711
0 0.710938 0.920898 0.041992 0.057617
0 0.912109 0.982422 0.061523 0.02832
0 0.729492 0.558594 0.086914 0.05957
0 0.741211 0.211914 0.070312 0.044922
0 0.245117 0.238281 0.079102 0.041016
0 0.598633 0.174805 0.084961 0.046875
0 0.980469 0.094727 0.039062 0.047852
0 0.889648 0.805664 0.046875 0.032227
0 0.145508 0.929688 0.071289 0.033203
0 0.287109 0.69043 0.09375 0.051758
0 0.763672 0.728516 0.061523 0.036133
0 0.62207 0.141602 0.048828 0.03418
0 0.444336 0.78418 0.047852 0.02832
