0 0.3125 0.754883 0.088867 0.083984
0 0.496094 0.751953 0.080078 0.074219
0 0.705078 0.849609 0.086914 0.072266
0 0.75 0.794922 0.0625 0.063477
0 0.824219 0.779297 0.09082 0.061523
0 0.03125 0.62207 0.0625 0.12207
0 0.074219 0.708984 0.073242 0.066406
0 0.131836 0.68457 0.05957 0.069336
0 0.166016 0.628906 0.070312 0.066406
0 0.246094 0.600586 0.077148 0.071289
0 0.348633 0.646484 0.069336 0.0625
0 0.423828 0.62207 0.057617 0.098633
0 0.511719 0.577148 0.103516 0.09375
0 0.560547 0.633789 0.088867 0.074219
0 0.601562 0.573242 0.075195 0.075195
0 0.776367 0.597656 0.075195 0.0625
0 0.59375 0.71582 0.085938 0.06543
0 0.716797 0.677734 0.080078 0.066406
0 0.791992 0.668945 0.068359 0.067383
0 0.926758 0.650391 0.058594 0.114258
0 0.943359 0.529297 0.113281 0.117188
0 0.693359 0.384766 0.066406 0.060547
0 0.620117 0.326172 0.070312 0.068359
0 0.491211 0.296875 0.075195 0.057617
0 0.023438 0.286133 0.046875 0.067383
0 0.041992 0.104492 0.0625 0.070312
0 0.691406 0.067383 0.12793 0.12793
0 0.80957 0.09375 0.078125 0.079102
0 0.858398 0.053711 0.09082 0.098633
0 0.756836 0.193359 0.110352 0.068359
0 0.797852 0.037109 0.067383 0.070312
