0 0.730469 0.012695 0.148438 0.025391
0 0.361328 0.290039 0.088867 0.268555
0 0.848633 0.31543 0.094727 0.060547
0 0.487305 0.583984 0.146484 0.131836
0 0.587891 0.796875 0.100586 0.106445
0 0.727539 0.692383 0.154297 0.189453
0 0.875 0.813477 0.158203 0.110352
0 0.023438 0.382812 0.047852 0.115234
0 0.011719 0.21582 0.023438 0.097656
0 0.248047 0.894531 0.112305 0.206055
0 0.333984 0.636719 0.092773 0.15918
0 0.850586 0.179688 0.165039 0.139648
0 0.973633 0.114258 0.051758 0.074219
0 0.020508 0.532227 0.041016 0.075195
0 0.043945 0.97168 0.066406 0.055664
0 0.436523 0.864258 0.099609 0.203125
0 0.175781 0.55957 0.086914 0.113281
0 0.195312 0.417969 0.118164 0.0625
0 0.097656 0.426758 0.091797 0.053711
0 0.146484 0.324219 0.083984 0.052734
0 0.167969 0.250977 0.075195 0.083008
0 0.057617 0.173828 0.077148 0.131836
0 0.195312 0.100586 0.146484 0.070312
0 0.333008 0.080078 0.105469 0.142578
0 0.442383 0.045898 0.054688 0.092773
0 0.564453 0.120117 0.057617 0.076172
0 0.235352 0.007812 0.085938 0.015625
0 0.084961 0.022461 0.092773 0.045898
0 0.452148 0.268555 0.131836 0.236328
0 0.625977 0.220703 0.109375 0.245117
0 0.43457 0.479492 0.041992 0.05957
0 0.472656 0.463867 0.055664 0.049805
0 0.256836 0.676758 0.053711 0.091797
0 0.326172 0.766602 0.066406 0.092773
0 0.389648 0.65625 0.054688 0.131836
0 0.636719 0.927734 0.072266 0.041016
0 0.649414 0.984375 0.064453 0.03125
0 0.844727 0.932617 0.083984 0.133789
0 0.980469 0.954102 0.038086 0.087891
0 0.933594 0.727539 0.05957 0.049805
0 0.839844 0.545898 0.098633 0.0625
0 0.703125 0.522461 0.125977 0.083008
0 0.733398 0.453125 0.066406 0.081055
0 0.989258 0.444336 0.020508 0.048828
0 0.922852 0.399414 0.042969 0.060547
0 0.950195 0.250977 0.06543 0.06543
0 0.540039 0.017578 0.052734 0.036133
0 0.727539 0.161133 0.112305 0.188477
0 0.741211 0.289062 0.104492 0.087891
0 0.496094 0.969727 0.086914 0.05957
