0 0.373047 0.223633 0.113281 0.113281
0 0.541016 0.240234 0.106445 0.082031
0 0.384766 0.172852 0.053711 0.063477
0 0.420898 0.036133 0.053711 0.073242
0 0.370117 0.014648 0.053711 0.029297
0 0.480469 0.025391 0.101562 0.051758
0 0.265625 0.015625 0.082031 0.03125
0 0.032227 0.196289 0.064453 0.049805
0 0.581055 0.12207 0.070312 0.083008
0 0.570312 0.053711 0.047852 0.041992
0 0.785156 0.035156 0.063477 0.057617
0 0.869141 0.055664 0.069336 0.111328
0 0.954102 0.06543 0.070312 0.095703
0 0.80957 0.174805 0.078125 0.094727
0 0.62207 0.542969 0.099609 0.09375
0 0.158203 0.623047 0.111328 0.06543
0 0.202148 0.607422 0.068359 0.054688
0 0.40625 0.603516 0.132812 0.111328
0 0.487305 0.635742 0.069336 0.076172
0 0.62793 0.677734 0.072266 0.049805
0 0.685547 0.649414 0.087891 0.09375
0 0.698242 0.583008 0.063477 0.071289
0 0.743164 0.598633 0.05957 0.058594
0 0.892578 0.637695 0.058594 0.100586
0 0.943359 0.591797 0.069336 0.09668
0 0.868164 0.851562 0.069336 0.136719
0 0.762695 0.794922 0.069336 0.064453
0 0.603516 0.741211 0.047852 0.050781
0 0.560547 0.735352 0.057617 0.054688
0 0.700195 0.738281 0.066406 0.03125
0 0.634766 0.779297 0.094727 0.091797
0 0.418945 0.763672 0.066406 0.061523
0 0.286133 0.800781 0.070312 0.048828
0 0.318359 0.839844 0.079102 0.066406
0 0.154297 0.755859 0.071289 0.087891
0 0.168945 0.681641 0.100586 0.044922
0 0.197266 0.960938 0.074219 0.077148
0 0.151367 0.944336 0.041016 0.052734
0 0.716797 0.964844 0.054688 0.070312
0 0.630859 0.977539 0.082031 0.043945
0 0.40332 0.946289 0.051758 0.060547
