0 0.025391 0.423828 0.050781 0.101562
0 0.101562 0.458984 0.069336 0.066406
0 0.014648 0.511719 0.030273 0.070312
0 0.272461 0.451172 0.087891 0.083008
0 0.350586 0.423828 0.068359 0.048828
0 0.341797 0.467773 0.068359 0.049805
0 0.401367 0.510742 0.074219 0.091797
0 0.492188 0.503906 0.071289 0.098633
0 0.277344 0.5625 0.070312 0.061523
0 0.262695 0.607422 0.082031 0.052734
0 0.316406 0.639648 0.087891 0.068359
0 0.44043 0.600586 0.088867 0.083984
0 0.336914 0.740234 0.058594 0.074219
0 0.580078 0.425781 0.083984 0.071289
0 0.670898 0.40625 0.056641 0.073242
0 0.660156 0.47168 0.063477 0.070312
0 0.657227 0.567383 0.0625 0.068359
0 0.75293 0.5 0.073242 0.079102
0 0.845703 0.348633 0.05957 0.074219
0 0.96582 0.436523 0.068359 0.095703
0 0.908203 0.499023 0.100586 0.06543
0 0.856445 0.570312 0.066406 0.060547
0 0.90625 0.614258 0.09375 0.068359
0 0.84375 0.966797 0.054688 0.06543
0 0.72168 0.912109 0.068359 0.074219
0 0.365234 0.816406 0.063477 0.078125
0 0.545898 0.922852 0.12207 0.109375
0 0.492188 0.953125 0.097656 0.06543
0 0.602539 0.975586 0.091797 0.046875
0 0.375 0.913086 0.0625 0.052734
0 0.232422 0.954102 0.080078 0.09082
0 0.036133 0.924805 0.070312 0.097656
