0 0.106445 0.027344 0.094727 0.055664
0 0.033203 0.040039 0.061523 0.080078
0 0.227539 0.045898 0.064453 0.092773
0 0.163086 0.073242 0.086914 0.146484
0 0.507812 0.016602 0.080078 0.033203
0 0.575195 0.299805 0.083984 0.134766
0 0.512695 0.463867 0.125 0.109375
0 0.415039 0.56543 0.076172 0.15332
0 0.291016 0.584961 0.167969 0.15332
0 0.116211 0.541016 0.141602 0.095703
0 0.049805 0.663086 0.091797 0.084961
0 0.171875 0.628906 0.157227 0.134766
0 0.173828 0.84375 0.225586 0.126953
0 0.21875 0.900391 0.073242 0.115234
0 0.410156 0.955078 0.115234 0.089844
0 0.524414 0.655273 0.118164 0.170898
0 0.789062 0.628906 0.103516 0.094727
0 0.861328 0.625 0.064453 0.06543
0 0.498047 0.980469 0.077148 0.038086
0 0.711914 0.945312 0.086914 0.108398
0 0.751953 0.958008 0.130859 0.083008
0 0.813477 0.449219 0.124023 0.121094
0 0.951172 0.358398 0.06543 0.077148
0 0.222656 0.735352 0.176758 0.09375
0 0.025391 0.935547 0.048828 0.119141
0 0.458984 0.158203 0.083984 0.081055
0 0.029297 0.835938 0.05957 0.079102
0 0.188477 0.892578 0.101562 0.098633
