0 0.244141 0.549805 0.225586 0.080078
0 0.290039 0.257812 0.12793 0.073242
0 0.700195 0.889648 0.092773 0.095703
0 0.97168 0.655273 0.056641 0.091797
0 0.398438 0.336914 0.142578 0.070312
0 0.801758 0.445312 0.06543 0.108398
0 0.871094 0.229492 0.097656 0.140625
0 0.114258 0.442383 0.115234 0.067383
0 0.704102 0.701172 0.112305 0.057617
0 0.139648 0.083984 0.064453 0.094727
0 0.674805 0.171875 0.134766 0.070312
0 0.554688 0.636719 0.105469 0.075195
0 0.792969 0.157227 0.077148 0.125
0 0.761719 0.639648 0.115234 0.064453
0 0.359375 0.864258 0.064453 0.229492
0 0.238281 0.820312 0.0625 0.141602
0 0.634766 0.058594 0.070312 0.117188
0 0.708984 0.504883 0.114258 0.089844
0 0.905273 0.829102 0.12207 0.165039
0 0.323242 0.140625 0.087891 0.082031
0 0.055664 0.270508 0.091797 0.067383
0 0.589844 0.515625 0.089844 0.082031
0 0.259766 0.328125 0.054688 0.0625
0 0.570312 0.914062 0.141602 0.149414
0 0.678711 0.256836 0.084961 0.099609
0 0.324219 0.050781 0.05957 0.101562
0 0.408203 0.12793 0.078125 0.192383
0 0.217773 0.680664 0.083008 0.123047
0 0.311523 0.710938 0.15918 0.097656
0 0.456055 0.389648 0.0625 0.095703
0 0.420898 0.604492 0.078125 0.195312
0 0.417969 0.024414 0.151367 0.046875
0 0.69043 0.077148 0.0625 0.064453
0 0.929688 0.120117 0.140625 0.092773
0 0.045898 0.507812 0.087891 0.051758
0 0.894531 0.959961 0.162109 0.075195
0 0.893555 0.482422 0.087891 0.137695
0 0.705078 0.016602 0.110352 0.033203
0 0.514648 0.269531 0.080078 0.064453
0 0.460938 0.0625 0.0625 0.0625
0 0.961914 0.551758 0.075195 0.05957
0 0.851562 0.570312 0.104492 0.108398
0 0.856445 0.594727 0.100586 0.060547
0 0.697266 0.55957 0.134766 0.130859
0 0.917969 0.519531 0.083008 0.099609
0 0.023438 0.382812 0.042969 0.083008
0 0.024414 0.845703 0.044922 0.113281
0 0.789062 0.833008 0.040039 0.097656
0 0.779297 0.725586 0.044922 0.0625
0 0.902344 0.831055 0.081055 0.198242
0 0.626953 0.234375 0.074219 0.060547
0 0.922852 0.319336 0.092773 0.064453
0 0.033203 0.457031 0.0625 0.060547
0 0.235352 0.707031 0.137695 0.074219
0 0.103516 0.955078 0.104492 0.048828
0 0.541992 0.394531 0.058594 0.152344
