0 0.044922 0.149414 0.084961 0.095703
0 0.058594 0.351562 0.084961 0.069336
0 0.035156 0.555664 0.071289 0.089844
0 0.12793 0.578125 0.114258 0.068359
0 0.135742 0.483398 0.088867 0.060547
0 0.477539 0.423828 0.086914 0.083008
0 0.287109 0.270508 0.087891 0.061523
0 0.193359 0.291992 0.064453 0.055664
0 0.362305 0.214844 0.084961 0.066406
0 0.261719 0.164062 0.075195 0.074219
0 0.34082 0.108398 0.070312 0.066406
0 0.584961 0.183594 0.09668 0.085938
0 0.446289 0.022461 0.091797 0.045898
0 0.30957 0.036133 0.081055 0.072266
0 0.619141 0.047852 0.113281 0.095703
0 0.810547 0.110352 0.063477 0.076172
0 0.864258 0.108398 0.081055 0.081055
0 0.954102 0.09375 0.09082 0.092773
0 0.032227 0.822266 0.06543 0.125977
0 0.045898 0.731445 0.080078 0.073242
0 0.254883 0.69043 0.132812 0.076172
0 0.446289 0.960938 0.09668 0.078125
0 0.375977 0.855469 0.087891 0.085938
0 0.791016 0.839844 0.116211 0.083984
0 0.963867 0.791992 0.072266 0.06543
0 0.838867 0.618164 0.066406 0.070312
0 0.726562 0.537109 0.091797 0.083008
0 0.614258 0.665039 0.078125 0.076172
0 0.527344 0.537109 0.098633 0.076172
0 0.605469 0.525391 0.086914 0.066406
0 0.960938 0.558594 0.078125 0.055664
0 0.830078 0.367188 0.141602 0.076172
0 0.917969 0.257812 0.119141 0.049805
0 0.94043 0.294922 0.095703 0.050781
0 0.791016 0.225586 0.15918 0.066406
0 0.675781 0.910156 0.143555 0.082031
0 0.789062 0.962891 0.075195 0.074219
0 0.415039 0.056641 0.078125 0.0625
