0 0.874023 0.289062 0.050781 0.092773
0 0.772461 0.726562 0.067383 0.087891
0 0.373047 0.910156 0.125 0.066406
0 0.222656 0.614258 0.116211 0.109375
0 0.735352 0.480469 0.066406 0.083008
0 0.407227 0.408203 0.125 0.061523
0 0.351562 0.764648 0.080078 0.084961
0 0.484375 0.136719 0.092773 0.089844
0 0.416992 0.469727 0.118164 0.071289
0 0.927734 0.177734 0.051758 0.103516
0 0.96582 0.958008 0.067383 0.0625
0 0.098633 0.407227 0.094727 0.040039
0 0.775391 0.836914 0.110352 0.074219
0 0.330078 0.072266 0.094727 0.106445
0 0.086914 0.581055 0.063477 0.130859
0 0.231445 0.085938 0.075195 0.083008
0 0.979492 0.520508 0.040039 0.067383
0 0.094727 0.789062 0.100586 0.070312
0 0.373047 0.838867 0.088867 0.052734
0 0.605469 0.641602 0.095703 0.047852
0 0.579102 0.243164 0.058594 0.087891
0 0.342773 0.133789 0.080078 0.079102
0 0.106445 0.007812 0.061523 0.015625
0 0.592773 0.6875 0.089844 0.046875
0 0.744141 0.597656 0.075195 0.053711
0 0.980469 0.623047 0.038086 0.054688
0 0.368164 0.358398 0.091797 0.053711
0 0.337891 0.231445 0.086914 0.074219
0 0.164062 0.864258 0.108398 0.060547
0 0.886719 0.549805 0.063477 0.047852
0 0.675781 0.143555 0.125 0.081055
0 0.544922 0.043945 0.076172 0.057617
0 0.768555 0.158203 0.082031 0.083008
0 0.171875 0.923828 0.109375 0.055664
0 0.436523 0.376953 0.040039 0.072266
0 0.737305 0.369141 0.070312 0.048828
0 0.407227 0.308594 0.041016 0.095703
0 0.02832 0.543945 0.056641 0.051758
0 0.485352 0.757812 0.086914 0.047852
0 0.242188 0.956055 0.080078 0.032227
0 0.040039 0.12207 0.081055 0.070312
0 0.427734 0.685547 0.095703 0.049805
0 0.939453 0.458008 0.066406 0.063477
0 0.324219 0.989258 0.0625 0.020508
0 0.376953 0.973633 0.079102 0.040039
0 0.345703 0.016602 0.108398 0.03418
0 0.692383 0.308594 0.057617 0.046875
0 0.833984 0.176758 0.077148 0.066406
0 0.861328 0.908203 0.078125 0.048828
0 0.229492 0.78418 0.068359 0.054688
0 0.458984 0.984375 0.066406 0.03125
0 0.686523 0.102539 0.069336 0.052734
0 0.010742 0.167969 0.021484 0.035156
0 0.146484 0.043945 0.052734 0.072266
0 0.024414 0.338867 0.049805 0.030273
0 0.683594 0.989258 0.058594 0.020508
0 0.518555 0.9375 0.124023 0.036133
0 0.90332 0.957031 0.051758 0.044922
0 0.082031 0.724609 0.092773 0.052734
0 0.71875 0.055664 0.060547 0.054688
0 0.623047 0.077148 0.074219 0.0625
0 0.698242 0.033203 0.108398 0.067383
0 0.667969 0.956055 0.064453 0.03125
0 0.661133 0.935547 0.072266 0.039062
0 0.018555 0.979492 0.037109 0.040039
0 0.024414 0.146484 0.049805 0.041016
0 0.946289 0.807617 0.073242 0.046875
0 0.955078 0.862305 0.056641 0.043945
0 0.217773 0.064453 0.110352 0.111328
0 0.243164 0.025391 0.072266 0.051758
0 0.265625 0.021484 0.052734 0.043945
