0 0.09375 0.745117 0.094727 0.09668
0 0.03125 0.917969 0.0625 0.055664
0 0.561523 0.957031 0.088867 0.084961
0 0.209961 0.945312 0.104492 0.068359
0 0.149414 0.852539 0.073242 0.116211
0 0.205078 0.844727 0.078125 0.081055
0 0.349609 0.833984 0.057617 0.084961
0 0.44043 0.899414 0.081055 0.076172
0 0.416016 0.77832 0.055664 0.064453
0 0.448242 0.828125 0.066406 0.067383
0 0.532227 0.796875 0.068359 0.067383
0 0.541992 0.859375 0.094727 0.061523
0 0.65625 0.838867 0.075195 0.068359
0 0.692383 0.803711 0.092773 0.086914
0 0.729492 0.77832 0.061523 0.079102
0 0.90332 0.866211 0.073242 0.064453
0 0.895508 0.923828 0.069336 0.057617
0 0.952148 0.805664 0.080078 0.072266
0 0.974609 0.871094 0.047852 0.054688
0 0.819336 0.055664 0.072266 0.088867
0 0.695312 0.239258 0.068359 0.05957
0 0.871094 0.203125 0.057617 0.074219
0 0.803711 0.266602 0.109375 0.083984
0 0.911133 0.308594 0.067383 0.053711
0 0.858398 0.378906 0.054688 0.0625
0 0.740234 0.338867 0.0625 0.049805
0 0.713867 0.394531 0.09082 0.081055
0 0.488281 0.447266 0.164062 0.080078
0 0.499023 0.375977 0.074219 0.06543
0 0.394531 0.350586 0.095703 0.084961
0 0.486328 0.225586 0.071289 0.075195
0 0.498047 0.152344 0.121094 0.103516
0 0.121094 0.207031 0.162109 0.086914
0 0.300781 0.276367 0.058594 0.070312
0 0.25 0.302734 0.066406 0.063477
0 0.302734 0.34375 0.061523 0.070312
0 0.245117 0.356445 0.068359 0.064453
0 0.09082 0.263672 0.047852 0.055664
0 0.259766 0.579102 0.06543 0.100586
0 0.286133 0.661133 0.094727 0.139648
0 0.381836 0.665039 0.068359 0.064453
0 0.439453 0.233398 0.050781 0.056641
0 0.202148 0.234375 0.045898 0.054688
0 0.276367 0.379883 0.043945 0.043945
0 0.30957 0.964844 0.043945 0.048828
0 0.900391 0.334961 0.058594 0.038086
0 0.834961 0.298828 0.045898 0.040039
0 0.011719 0.429688 0.023438 0.058594
