0 0.758789 0.81543 0.120117 0.102539
0 0.807617 0.421875 0.077148 0.105469
0 0.672852 0.290039 0.086914 0.112305
0 0.65918 0.375 0.125 0.057617
0 0.467773 0.02832 0.073242 0.056641
0 0.970703 0.724609 0.057617 0.144531
0 0.354492 0.655273 0.099609 0.131836
0 0.668945 0.115234 0.149414 0.12793
0 0.478516 0.601562 0.0625 0.100586
0 0.878906 0.086914 0.172852 0.070312
0 0.537109 0.78125 0.185547 0.094727
0 0.147461 0.419922 0.080078 0.137695
0 0.150391 0.635742 0.097656 0.171875
0 0.512695 0.360352 0.057617 0.0625
0 0.53418 0.639648 0.110352 0.060547
0 0.408203 0.084961 0.078125 0.102539
0 0.064453 0.819336 0.074219 0.134766
0 0.680664 0.443359 0.082031 0.091797
0 0.594727 0.510742 0.064453 0.142578
0 0.370117 0.44043 0.282227 0.083008
0 0.399414 0.158203 0.115234 0.057617
0 0.912109 0.939453 0.144531 0.115234
0 0.707031 0.566406 0.074219 0.049805
0 0.59082 0.077148 0.072266 0.054688
0 0.217773 0.693359 0.09668 0.082031
0 0.396484 0.554688 0.075195 0.060547
0 0.324219 0.181641 0.145508 0.094727
0 0.56543 0.93457 0.131836 0.130859
0 0.706055 0.943359 0.087891 0.107422
0 0.908203 0.710938 0.078125 0.126953
0 0.275391 0.94043 0.211914 0.112305
0 0.069336 0.313477 0.129883 0.087891
0 0.051758 0.230469 0.084961 0.097656
0 0.852539 0.698242 0.092773 0.080078
0 0.035156 0.380859 0.067383 0.117188
0 0.337891 0.200195 0.107422 0.057617
0 0.088867 0.37207 0.174805 0.060547
0 0.019531 0.206055 0.039062 0.06543
0 0.744141 0.095703 0.145508 0.057617
0 0.287109 0.472656 0.070312 0.038086
0 0.030273 0.719727 0.057617 0.080078
0 0.118164 0.691406 0.126953 0.209961
