0 0.416992 0.6875 0.185547 0.092773
0 0.463867 0.799805 0.149414 0.080078
0 0.029297 0.583008 0.05957 0.097656
0 0.074219 0.258789 0.134766 0.075195
0 0.820312 0.047852 0.131836 0.067383
0 0.413086 0.288086 0.123047 0.087891
0 0.638672 0.613281 0.0625 0.067383
0 0.738281 0.876953 0.171875 0.095703
0 0.899414 0.821289 0.144531 0.049805
0 0.516602 0.387695 0.104492 0.067383
0 0.864258 0.751953 0.139648 0.070312
0 0.422852 0.570312 0.083008 0.083008
0 0.807617 0.386719 0.24707 0.06543
0 0.863281 0.632812 0.132812 0.1875
0 0.908203 0.90625 0.182617 0.084961
0 0.288086 0.539062 0.112305 0.104492
0 0.046875 0.413086 0.094727 0.162109
0 0.076172 0.658203 0.152344 0.102539
0 0.606445 0.931641 0.135742 0.06543
0 0.640625 0.503906 0.0625 0.05957
0 0.682617 0.734375 0.12207 0.075195
0 0.609375 0.280273 0.125 0.067383
0 0.208984 0.682617 0.149414 0.102539
0 0.037109 0.117188 0.074219 0.064453
0 0.116211 0.956055 0.142578 0.087891
0 0.897461 0.125977 0.182617 0.087891
0 0.03418 0.976562 0.069336 0.045898
0 0.124023 0.765625 0.180664 0.092773
0 0.255859 0.177734 0.091797 0.166992
0 0.363281 0.898438 0.265625 0.097656
0 0.619141 0.699219 0.075195 0.084961
0 0.131836 0.431641 0.084961 0.149414
0 0.407227 0.435547 0.179688 0.082031
0 0.128906 0.191406 0.075195 0.139648
0 0.227539 0.291016 0.102539 0.107422
0 0.639648 0.40918 0.115234 0.05957
0 0.867188 0.431641 0.070312 0.06543
0 0.641602 0.113281 0.075195 0.0625
0 0.796875 0.663086 0.080078 0.0625
0 0.519531 0.12207 0.109375 0.064453
0 0.575195 0.162109 0.077148 0.074219
0 0.201172 0.181641 0.0625 0.075195
0 0.566406 0.025391 0.120117 0.047852
0 0.75 0.126953 0.112305 0.050781
0 0.282227 0.59375 0.105469 0.075195
0 0.522461 0.462891 0.169922 0.077148
0 0.323242 0.134766 0.087891 0.070312
0 0.94043 0.239258 0.118164 0.070312
0 0.170898 0.855469 0.078125 0.052734
0 0.700195 0.189453 0.211914 0.070312
0 0.756836 0.808594 0.099609 0.0625
0 0.357422 0.336914 0.102539 0.060547
0 0.713867 0.226562 0.155273 0.09082
0 0.213867 0.802734 0.120117 0.157227
0 0.819336 0.969727 0.115234 0.060547
0 0.921875 0.021484 0.070312 0.040039
0 0.004883 0.039062 0.009766 0.075195
0 0.06543 0.030273 0.103516 0.056641
0 0.730469 0.970703 0.152344 0.046875
0 0.961914 0.458984 0.075195 0.055664
0 0.21582 0.339844 0.097656 0.054688
0 0.948242 0.15332 0.102539 0.046875
0 0.842773 0.296875 0.108398 0.054688
0 0.607422 0.051758 0.147461 0.06543
0 0.65918 0.015625 0.115234 0.027344
0 0.658203 0.149414 0.113281 0.019531
