0 0.040039 0.139648 0.052734 0.069336
0 0.047852 0.454102 0.061523 0.105469
0 0.165039 0.501953 0.084961 0.081055
0 0.298828 0.645508 0.108398 0.102539
0 0.183594 0.719727 0.071289 0.060547
0 0.098633 0.756836 0.072266 0.068359
0 0.316406 0.783203 0.129883 0.076172
0 0.192383 0.880859 0.160156 0.083008
0 0.075195 0.929688 0.081055 0.113281
0 0.928711 0.964844 0.09082 0.070312
0 0.586914 0.723633 0.086914 0.113281
0 0.668945 0.683594 0.067383 0.097656
0 0.796875 0.722656 0.092773 0.101562
0 0.893555 0.670898 0.094727 0.085938
0 0.802734 0.614258 0.072266 0.077148
0 0.62793 0.613281 0.101562 0.067383
0 0.609375 0.46875 0.102539 0.082031
0 0.538086 0.485352 0.114258 0.064453
0 0.811523 0.488281 0.078125 0.075195
0 0.775391 0.546875 0.085938 0.058594
0 0.952148 0.384766 0.057617 0.128906
0 0.805664 0.213867 0.064453 0.102539
0 0.952148 0.205078 0.095703 0.075195
0 0.40332 0.387695 0.077148 0.174805
0 0.425781 0.506836 0.164062 0.079102
0 0.422852 0.677734 0.080078 0.075195
0 0.175781 0.199219 0.087891 0.057617
0 0.239258 0.256836 0.091797 0.083984
0 0.367188 0.198242 0.067383 0.069336
0 0.282227 0.105469 0.075195 0.060547
0 0.203125 0.046875 0.072266 0.073242
0 0.054688 0.055664 0.052734 0.053711
0 0.400391 0.091797 0.073242 0.070312
0 0.529297 0.047852 0.094727 0.066406
0 0.609375 0.119141 0.081055 0.081055
0 0.59082 0.201172 0.066406 0.072266
0 0.725586 0.045898 0.067383 0.081055
0 0.085938 0.238281 0.06543 0.048828
0 0.401367 0.259766 0.061523 0.058594
0 0.463867 0.277344 0.058594 0.069336
0 0.118164 0.189453 0.058594 0.082031
0 0.612305 0.556641 0.079102 0.050781
