0 0.023438 0.154297 0.047852 0.109375
0 0.053711 0.068359 0.063477 0.0625
0 0.098633 0.027344 0.099609 0.046875
0 0.174805 0.169922 0.100586 0.069336
0 0.017578 0.276367 0.035156 0.086914
0 0.151367 0.357422 0.05957 0.083008
0 0.253906 0.302734 0.0625 0.106445
0 0.314453 0.311523 0.060547 0.054688
0 0.087891 0.416992 0.095703 0.071289
0 0.086914 0.485352 0.108398 0.098633
0 0.15625 0.610352 0.118164 0.0625
0 0.258789 0.523438 0.087891 0.083984
0 0.290039 0.428711 0.084961 0.067383
0 0.265625 0.666016 0.070312 0.068359
0 0.19043 0.68457 0.054688 0.048828
0 0.042969 0.782227 0.085938 0.083984
0 0.037109 0.853516 0.074219 0.0625
0 0.09668 0.868164 0.048828 0.070312
0 0.02832 0.97168 0.057617 0.055664
0 0.1875 0.975586 0.074219 0.048828
0 0.337891 0.913086 0.068359 0.067383
0 0.499023 0.962891 0.0625 0.051758
0 0.545898 0.939453 0.0625 0.068359
0 0.370117 0.838867 0.057617 0.061523
0 0.432617 0.810547 0.09668 0.058594
0 0.602539 0.821289 0.055664 0.085938
0 0.722656 0.805664 0.112305 0.063477
0 0.758789 0.873047 0.075195 0.074219
0 0.964844 0.94043 0.070312 0.083008
0 0.878906 0.97168 0.063477 0.056641
0 0.976562 0.697266 0.046875 0.140625
0 0.748047 0.605469 0.071289 0.085938
0 0.822266 0.641602 0.051758 0.072266
0 0.960938 0.506836 0.051758 0.054688
0 0.916992 0.44043 0.074219 0.083008
0 0.975586 0.419922 0.048828 0.078125
0 0.774414 0.354492 0.046875 0.100586
0 0.975586 0.304688 0.048828 0.075195
0 0.422852 0.607422 0.076172 0.069336
0 0.50293 0.65332 0.073242 0.055664
0 0.436523 0.741211 0.066406 0.068359
0 0.589844 0.749023 0.105469 0.076172
0 0.554688 0.530273 0.051758 0.052734
0 0.537109 0.392578 0.09668 0.075195
0 0.547852 0.31543 0.067383 0.077148
0 0.662109 0.266602 0.070312 0.05957
0 0.679688 0.202148 0.121094 0.072266
0 0.938477 0.236328 0.06543 0.077148
0 0.916016 0.191406 0.147461 0.082031
0 0.744141 0.128906 0.081055 0.114258
0 0.535156 0.079102 0.06543 0.105469
0 0.507812 0.149414 0.091797 0.104492
0 0.620117 0.036133 0.050781 0.051758
0 0.693359 0.111328 0.046875 0.080078
0 0.318359 0.082031 0.05957 0.046875
0 0.834961 0.036133 0.070312 0.072266
0 0.487305 0.610352 0.074219 0.078125
0 0.959961 0.010742 0.053711 0.022461
0 0.886719 0.352539 0.076172 0.058594
0 0.692383 0.483398 0.050781 0.043945
0 0.800781 0.532227 0.044922 0.053711
0 0.989258 0.368164 0.020508 0.042969
0 0.97168 0.386719 0.03125 0.041016
0 0.637695 0.816406 0.025391 0.038086
0 0.010742 0.570312 0.022461 0.0625
