0 0.108398 0.900391 0.126953 0.086914
0 0.306641 0.547852 0.120117 0.086914
0 0.767578 0.966797 0.092773 0.06543
0 0.166992 0.966797 0.074219 0.06543
0 0.19043 0.577148 0.12793 0.060547
0 0.341797 0.671875 0.110352 0.125
0 0.644531 0.381836 0.070312 0.075195
0 0.036133 0.804688 0.072266 0.109375
0 0.164062 0.637695 0.110352 0.086914
0 0.198242 0.126953 0.126953 0.115234
0 0.265625 0.779297 0.142578 0.094727
0 0.848633 0.749023 0.165039 0.084961
0 0.520508 0.296875 0.102539 0.120117
0 0.073242 0.132812 0.147461 0.086914
0 0.09082 0.445312 0.181641 0.083008
0 0.071289 0.760742 0.075195 0.107422
0 0.25293 0.864258 0.067383 0.054688
0 0.068359 0.273438 0.136719 0.0625
0 0.385742 0.776367 0.091797 0.05957
0 0.503906 0.526367 0.129883 0.100586
0 0.013672 0.327148 0.02832 0.075195
0 0.470703 0.865234 0.052734 0.09668
0 0.693359 0.109375 0.142578 0.075195
0 0.939453 0.457031 0.074219 0.134766
0 0.592773 0.268555 0.163086 0.107422
0 0.62793 0.984375 0.137695 0.030273
0 0.907227 0.609375 0.125 0.115234
0 0.833984 0.412109 0.094727 0.195312
0 0.65332 0.53418 0.123047 0.139648
0 0.780273 0.035156 0.102539 0.067383
0 0.287109 0.109375 0.134766 0.120117
0 0.198242 0.325195 0.126953 0.163086
0 0.089844 0.054688 0.089844 0.099609
0 0.896484 0.976562 0.165039 0.045898
0 0.821289 0.631836 0.06543 0.064453
0 0.234375 0.720703 0.060547 0.087891
0 0.521484 0.743164 0.180664 0.107422
0 0.785156 0.144531 0.092773 0.054688
0 0.575195 0.370117 0.073242 0.211914
0 0.328125 0.380859 0.082031 0.091797
0 0.645508 0.948242 0.172852 0.042969
0 0.277344 0.427734 0.070312 0.157227
0 0.926758 0.548828 0.080078 0.06543
0 0.667969 0.732422 0.166992 0.25
0 0.959961 0.945312 0.080078 0.051758
0 0.029297 0.899414 0.05957 0.111328
0 0.59668 0.526367 0.149414 0.110352
0 0.189453 0.202148 0.054688 0.060547
0 0.729492 0.014648 0.086914 0.030273
0 0.950195 0.31543 0.073242 0.086914
0 0.693359 0.865234 0.082031 0.067383
0 0.464844 0.120117 0.070312 0.237305
0 0.494141 0.719727 0.114258 0.195312
0 0.961914 0.387695 0.064453 0.057617
0 0.171875 0.02832 0.060547 0.052734
0 0.880859 0.337891 0.072266 0.083008
0 0.664062 0.914062 0.18457 0.049805
0 0.37207 0.227539 0.234375 0.272461
0 0.200195 0.948242 0.077148 0.053711
0 0.09375 0.498047 0.1875 0.054688
0 0.556641 0.873047 0.055664 0.072266
0 0.739258 0.886719 0.080078 0.044922
0 0.832031 0.770508 0.199219 0.083008
0 0.620117 0.881836 0.047852 0.030273
0 0.341797 0.72168 0.094727 0.080078
0 0.601562 0.649414 0.209961 0.095703
0 0.555664 0.462891 0.192383 0.097656
0 0.138672 0.384766 0.075195 0.179688
0 0.793945 0.46875 0.075195 0.094727
0 0.94043 0.443359 0.118164 0.046875
0 0.624023 0.185547 0.149414 0.052734
0 0.724609 0.135742 0.095703 0.042969
0 0.128906 0.035156 0.06543 0.047852
0 0.978516 0.104492 0.042969 0.089844
