0 0.040039 0.27832 0.080078 0.078125
0 0.071289 0.152344 0.077148 0.087891
0 0.224609 0.178711 0.091797 0.067383
0 0.212891 0.055664 0.097656 0.079102
0 0.401367 0.227539 0.083984 0.091797
0 0.467773 0.15332 0.081055 0.103516
0 0.411133 0.073242 0.061523 0.108398
0 0.53125 0.082031 0.061523 0.092773
0 0.476562 0.02832 0.073242 0.056641
0 0.087891 0.060547 0.076172 0.068359
0 0.023438 0.130859 0.047852 0.066406
0 0.461914 0.31543 0.094727 0.15332
0 0.522461 0.324219 0.073242 0.05957
0 0.609375 0.313477 0.084961 0.055664
0 0.697266 0.292969 0.06543 0.073242
0 0.654297 0.186523 0.066406 0.097656
0 0.692383 0.21582 0.041016 0.047852
0 0.777344 0.152344 0.080078 0.115234
0 0.931641 0.161133 0.108398 0.055664
0 0.90332 0.080078 0.071289 0.09668
0 0.967773 0.117188 0.063477 0.061523
0 0.926758 0.282227 0.06543 0.057617
0 0.935547 0.438477 0.073242 0.09668
0 0.876953 0.654297 0.107422 0.053711
0 0.928711 0.72168 0.074219 0.051758
0 0.825195 0.029297 0.044922 0.058594
0 0.15918 0.944336 0.107422 0.111328
0 0.232422 0.750977 0.072266 0.087891
0 0.364258 0.844727 0.140625 0.166992
0 0.401367 0.761719 0.078125 0.081055
0 0.294922 0.59082 0.070312 0.068359
0 0.402344 0.616211 0.09668 0.055664
0 0.488281 0.688477 0.097656 0.073242
0 0.06543 0.693359 0.131836 0.197266
0 0.796875 0.990234 0.057617 0.019531
0 0.935547 0.870117 0.055664 0.051758
0 0.767578 0.023438 0.054688 0.047852
0 0.201172 0.672852 0.079102 0.075195
0 0.951172 0.197266 0.097656 0.12207
0 0.337891 0.703125 0.092773 0.111328
