0 0.030273 0.738281 0.061523 0.077148
0 0.111328 0.641602 0.069336 0.067383
0 0.146484 0.764648 0.076172 0.130859
0 0.141602 0.945312 0.208008 0.073242
0 0.307617 0.919922 0.116211 0.095703
0 0.296875 0.811523 0.06543 0.0625
0 0.347656 0.740234 0.083008 0.076172
0 0.382812 0.621094 0.097656 0.15332
0 0.22168 0.56543 0.117188 0.165039
0 0.196289 0.40918 0.055664 0.064453
0 0.332031 0.414062 0.075195 0.068359
0 0.363281 0.511719 0.06543 0.060547
0 0.408203 0.316406 0.076172 0.09375
0 0.652344 0.466797 0.113281 0.194336
0 0.639648 0.608398 0.061523 0.068359
0 0.768555 0.628906 0.056641 0.091797
0 0.787109 0.518555 0.073242 0.087891
0 0.802734 0.412109 0.092773 0.115234
0 0.05957 0.199219 0.118164 0.072266
0 0.268555 0.172852 0.084961 0.176758
0 0.290039 0.084961 0.073242 0.095703
0 0.423828 0.138672 0.073242 0.09375
0 0.564453 0.136719 0.077148 0.105469
0 0.135742 0.021484 0.067383 0.042969
0 0.717773 0.946289 0.225586 0.106445
0 0.847656 0.97168 0.079102 0.056641
0 0.950195 0.304688 0.09668 0.245117
0 0.921875 0.111328 0.085938 0.098633
0 0.833984 0.227539 0.066406 0.080078
0 0.052734 0.246094 0.070312 0.087891
0 0.983398 0.113281 0.032227 0.081055
0 0.334961 0.645508 0.074219 0.099609
