0 0.088867 0.462891 0.178711 0.120117
0 0.149414 0.082031 0.15332 0.106445
0 0.064453 0.02832 0.129883 0.056641
0 0.057617 0.578125 0.09082 0.105469
0 0.055664 0.889648 0.111328 0.097656
0 0.097656 0.813477 0.141602 0.107422
0 0.333008 0.852539 0.12793 0.210938
0 0.395508 0.730469 0.06543 0.088867
0 0.431641 0.942383 0.09668 0.114258
0 0.476562 0.803711 0.082031 0.208008
0 0.52832 0.736328 0.071289 0.179688
0 0.46875 0.511719 0.097656 0.194336
0 0.511719 0.432617 0.091797 0.200195
0 0.28125 0.388672 0.117188 0.197266
0 0.385742 0.239258 0.095703 0.171875
0 0.655273 0.533203 0.099609 0.172852
0 0.640625 0.576172 0.06543 0.113281
0 0.743164 0.696289 0.107422 0.15625
0 0.833984 0.65625 0.076172 0.063477
0 0.93457 0.666016 0.092773 0.088867
0 0.835938 0.454102 0.095703 0.154297
0 0.794922 0.265625 0.076172 0.082031
0 0.702148 0.151367 0.089844 0.058594
0 0.541016 0.12793 0.15332 0.069336
0 0.816406 0.071289 0.076172 0.130859
0 0.915039 0.147461 0.073242 0.069336
0 0.966797 0.213867 0.066406 0.078125
0 0.970703 0.325195 0.056641 0.081055
0 0.962891 0.076172 0.073242 0.061523
0 0.855469 0.957031 0.100586 0.047852
0 0.804688 0.984375 0.079102 0.03125
0 0.981445 0.924805 0.036133 0.09082
0 0.610352 0.708984 0.064453 0.060547
0 0.709961 0.831055 0.06543 0.099609
0 0.65332 0.96582 0.084961 0.068359
0 0.610352 0.799805 0.125977 0.173828
0 0.644531 0.852539 0.071289 0.172852
