0 0.014648 0.750977 0.029297 0.0625
0 0.62207 0.430664 0.050781 0.098633
0 0.05957 0.094727 0.088867 0.128906
0 0.794922 0.710938 0.089844 0.076172
0 0.771484 0.488281 0.05957 0.097656
0 0.051758 0.692383 0.104492 0.116211
0 0.682617 0.307617 0.164062 0.081055
0 0.658203 0.75 0.085938 0.061523
0 0.929688 0.686523 0.140625 0.103516
0 0.138672 0.520508 0.105469 0.054688
0 0.12207 0.910156 0.072266 0.044922
0 0.368164 0.466797 0.070312 0.046875
0 0.673828 0.386719 0.061523 0.0625
0 0.118164 0.839844 0.131836 0.05957
0 0.12207 0.488281 0.116211 0.071289
0 0.019531 0.180664 0.039062 0.053711
0 0.051758 0.910156 0.104492 0.06543
0 0.146484 0.390625 0.073242 0.051758
0 0.493164 0.560547 0.100586 0.099609
0 0.65332 0.813477 0.198242 0.085938
0 0.881836 0.829102 0.092773 0.058594
0 0.348633 0.881836 0.061523 0.040039
0 0.111328 0.749023 0.12793 0.073242
0 0.515625 0.238281 0.058594 0.049805
0 0.829102 0.59668 0.038086 0.117188
0 0.228516 0.452148 0.095703 0.046875
0 0.90332 0.786133 0.083984 0.055664
0 0.363281 0.505859 0.073242 0.037109
0 0.158203 0.793945 0.087891 0.025391
0 0.22168 0.482422 0.15918 0.104492
0 0.862305 0.019531 0.042969 0.039062
0 0.583008 0.415039 0.030273 0.061523
0 0.924805 0.192383 0.052734 0.047852
0 0.016602 0.5 0.03418 0.056641
0 0.037109 0.890625 0.075195 0.036133
0 0.306641 0.432617 0.352539 0.112305
0 0.225586 0.391602 0.047852 0.030273
0 0.27832 0.068359 0.051758 0.049805
0 0.819336 0.599609 0.037109 0.109375
0 0.397461 0.25293 0.06543 0.030273
0 0.900391 0.359375 0.0625 0.035156
0 0.366211 0.985352 0.037109 0.02832
0 0.010742 0.237305 0.022461 0.071289
