0 0.083984 0.060547 0.138672 0.121094
0 0.166992 0.094727 0.083008 0.101562
0 0.144531 0.18457 0.098633 0.066406
0 0.155273 0.222656 0.085938 0.070312
0 0.533203 0.074219 0.071289 0.081055
0 0.640625 0.061523 0.110352 0.088867
0 0.765625 0.044922 0.075195 0.09082
0 0.819336 0.09668 0.103516 0.083984
0 0.980469 0.013672 0.038086 0.02832
0 0.979492 0.201172 0.041016 0.06543
0 0.885742 0.349609 0.077148 0.067383
0 0.629883 0.354492 0.111328 0.056641
0 0.553711 0.260742 0.077148 0.083984
0 0.385742 0.269531 0.085938 0.12793
0 0.203125 0.415039 0.099609 0.079102
0 0.200195 0.609375 0.06543 0.164062
0 0.334961 0.567383 0.055664 0.049805
0 0.368164 0.498047 0.075195 0.078125
0 0.481445 0.484375 0.080078 0.091797
0 0.470703 0.576172 0.235352 0.105469
0 0.421875 0.729492 0.162109 0.108398
0 0.508789 0.761719 0.068359 0.131836
0 0.601562 0.791992 0.095703 0.154297
0 0.734375 0.72168 0.079102 0.136719
0 0.787109 0.5625 0.107422 0.094727
0 0.928711 0.462891 0.098633 0.075195
0 0.143555 0.887695 0.063477 0.205078
0 0.267578 0.712891 0.09082 0.082031
0 0.02832 0.681641 0.056641 0.058594
0 0.679688 0.938477 0.069336 0.079102
0 0.844727 0.641602 0.102539 0.097656
0 0.952148 0.637695 0.094727 0.081055
0 0.927734 0.746094 0.136719 0.181641
