0 0.094727 0.046875 0.077148 0.09375
0 0.393555 0.506836 0.197266 0.105469
0 0.246094 0.292969 0.110352 0.064453
0 0.673828 0.324219 0.139648 0.165039
0 0.87793 0.717773 0.132812 0.216797
0 0.607422 0.735352 0.166016 0.267578
0 0.415039 0.941406 0.115234 0.112305
0 0.703125 0.40918 0.092773 0.075195
0 0.067383 0.507812 0.134766 0.12793
0 0.188477 0.756836 0.348633 0.139648
0 0.170898 0.954102 0.332031 0.09082
0 0.297852 0.873047 0.316406 0.102539
0 0.707031 0.419922 0.098633 0.089844
0 0.036133 0.446289 0.072266 0.075195
0 0.780273 0.104492 0.182617 0.209961
0 0.255859 0.616211 0.082031 0.094727
0 0.619141 0.094727 0.169922 0.189453
0 0.147461 0.649414 0.294922 0.209961
0 0.916992 0.03418 0.165039 0.069336
0 0.733398 0.056641 0.082031 0.114258
