0 0.958984 0.138672 0.082031 0.039062
0 0.90332 0.119141 0.049805 0.038086
0 0.823242 0.072266 0.032227 0.043945
0 0.950195 0.015625 0.056641 0.032227
0 0.759766 0.055664 0.046875 0.035156
0 0.743164 0.166016 0.077148 0.050781
0 0.808594 0.255859 0.060547 0.046875
0 0.963867 0.276367 0.071289 0.035156
0 0.55957 0.018555 0.051758 0.037109
0 0.583008 0.045898 0.083984 0.046875
0 0.532227 0.133789 0.082031 0.049805
0 0.410156 0.158203 0.039062 0.029297
0 0.382812 0.225586 0.076172 0.040039
0 0.448242 0.299805 0.066406 0.048828
0 0.273438 0.22168 0.032227 0.022461
0 0.071289 0.141602 0.069336 0.025391
0 0.131836 0.021484 0.094727 0.033203
0 0.888672 0.612305 0.054688 0.052734
0 0.894531 0.644531 0.032227 0.050781
0 0.799805 0.585938 0.040039 0.113281
0 0.730469 0.505859 0.076172 0.03125
0 0.657227 0.587891 0.049805 0.039062
0 0.513672 0.65332 0.09375 0.041016
0 0.703125 0.677734 0.139648 0.089844
0 0.688477 0.759766 0.061523 0.054688
0 0.756836 0.8125 0.0625 0.068359
0 0.151367 0.507812 0.086914 0.06543
0 0.104492 0.584961 0.092773 0.030273
0 0.041992 0.634766 0.069336 0.024414
0 0.055664 0.646484 0.058594 0.023438
0 0.049805 0.695312 0.026367 0.039062
0 0.030273 0.789062 0.060547 0.09082
