0 0.421875 0.040039 0.101562 0.080078
0 0.347656 0.107422 0.078125 0.0625
0 0.910156 0.02832 0.075195 0.054688
0 0.888672 0.094727 0.076172 0.058594
0 0.831055 0.188477 0.081055 0.067383
0 0.472656 0.163086 0.069336 0.083984
0 0.458984 0.217773 0.09668 0.074219
0 0.569336 0.243164 0.077148 0.0625
0 0.362305 0.306641 0.069336 0.083008
0 0.108398 0.18457 0.074219 0.079102
0 0.188477 0.248047 0.079102 0.085938
0 0.023438 0.348633 0.047852 0.089844
0 0.820312 0.272461 0.092773 0.083984
0 0.958984 0.314453 0.080078 0.09668
0 0.830078 0.442383 0.076172 0.078125
0 0.740234 0.408203 0.118164 0.125
0 0.199219 0.450195 0.057617 0.083984
0 0.109375 0.446289 0.051758 0.054688
0 0.166992 0.592773 0.087891 0.082031
0 0.300781 0.619141 0.120117 0.072266
0 0.504883 0.555664 0.121094 0.079102
0 0.644531 0.649414 0.094727 0.058594
0 0.789062 0.625977 0.120117 0.069336
0 0.961914 0.625977 0.070312 0.076172
0 0.06543 0.6875 0.073242 0.052734
0 0.299805 0.774414 0.114258 0.080078
0 0.467773 0.798828 0.09668 0.109375
0 0.701172 0.790039 0.091797 0.06543
0 0.704102 0.717773 0.120117 0.049805
0 0.924805 0.750977 0.144531 0.095703
0 0.882812 0.892578 0.132812 0.108398
0 0.962891 0.923828 0.073242 0.09668
0 0.972656 0.851562 0.054688 0.052734
0 0.637695 0.870117 0.088867 0.068359
0 0.042969 0.81543 0.072266 0.0625
0 0.082031 0.913086 0.089844 0.12207
0 0.421875 0.943359 0.088867 0.112305
0 0.56543 0.946289 0.072266 0.070312
0 0.349609 0.776367 0.071289 0.098633
0 0.219727 0.073242 0.074219 0.054688
0 0.061523 0.530273 0.054688 0.056641
