0 0.580078 0.551758 0.068359 0.083984
0 0.847656 0.625 0.050781 0.09375
0 0.129883 0.039062 0.072266 0.077148
0 0.993164 0.69043 0.013672 0.092773
0 0.71875 0.865234 0.082031 0.097656
0 0.889648 0.503906 0.082031 0.081055
0 0.448242 0.391602 0.082031 0.087891
0 0.728516 0.657227 0.069336 0.054688
0 0.44043 0.344727 0.09668 0.064453
0 0.798828 0.831055 0.082031 0.083984
0 0.353516 0.291992 0.083008 0.083984
0 0.063477 0.655273 0.123047 0.066406
0 0.275391 0.641602 0.182617 0.054688
0 0.988281 0.033203 0.023438 0.0625
0 0.292969 0.198242 0.094727 0.050781
0 0.553711 0.148438 0.041992 0.083984
0 0.59375 0.546875 0.067383 0.077148
0 0.797852 0.350586 0.078125 0.063477
0 0.158203 0.589844 0.131836 0.026367
0 0.674805 0.503906 0.056641 0.076172
0 0.050781 0.430664 0.094727 0.036133
0 0.114258 0.5625 0.09668 0.036133
0 0.612305 0.754883 0.131836 0.048828
0 0.492188 0.145508 0.077148 0.107422
0 0.391602 0.163086 0.05957 0.075195
0 0.768555 0.736328 0.066406 0.038086
0 0.873047 0.895508 0.041992 0.073242
0 0.352539 0.969727 0.072266 0.026367
0 0.246094 0.520508 0.082031 0.037109
0 0.845703 0.088867 0.046875 0.124023
0 0.5 0.321289 0.061523 0.039062
0 0.056641 0.200195 0.114258 0.072266
0 0.791992 0.90332 0.055664 0.105469
0 0.083008 0.606445 0.106445 0.057617
0 0.730469 0.59375 0.173828 0.063477
0 0.458984 0.760742 0.143555 0.049805
0 0.854492 0.56543 0.051758 0.043945
0 0.886719 0.110352 0.055664 0.144531
0 0.399414 0.71582 0.09375 0.044922
0 0.254883 0.305664 0.078125 0.041016
0 0.536133 0.154297 0.033203 0.082031
0 0.317383 0.523438 0.070312 0.072266
0 0.460938 0.203125 0.095703 0.060547
0 0.131836 0.202148 0.06543 0.048828
0 0.505859 0.259766 0.050781 0.043945
0 0.123145 0.971484 0.136035 0.053613
0 0.905273 0.614258 0.083984 0.039062
0 0.989258 0.162109 0.021484 0.018555
0 0.664062 0.046875 0.047852 0.046875
0 0.033203 0.53125 0.067383 0.073242
0 0.148438 0.990234 0.040039 0.019531
0 0.335938 0.990234 0.049805 0.019531
