0 0.928711 0.230469 0.083008 0.12793
0 0.983398 0.355469 0.033203 0.070312
0 0.837891 0.34375 0.069336 0.070312
0 0.714844 0.267578 0.05957 0.078125
0 0.609375 0.447266 0.066406 0.05957
0 0.486328 0.328125 0.088867 0.073242
0 0.519531 0.22168 0.076172 0.072266
0 0.384766 0.523438 0.084961 0.119141
0 0.102539 0.352539 0.125 0.087891
0 0.201172 0.24707 0.076172 0.058594
0 0.198242 0.299805 0.083008 0.069336
0 0.209961 0.133789 0.054688 0.080078
0 0.280273 0.09375 0.080078 0.094727
0 0.373047 0.061523 0.070312 0.071289
0 0.808594 0.056641 0.06543 0.114258
0 0.973633 0.044922 0.051758 0.070312
0 0.732422 0.706055 0.074219 0.073242
0 0.853516 0.600586 0.067383 0.0625
0 0.942383 0.765625 0.083008 0.073242
0 0.794922 0.951172 0.050781 0.079102
0 0.675781 0.970703 0.068359 0.058594
0 0.591797 0.891602 0.061523 0.100586
0 0.546875 0.868164 0.056641 0.05957
0 0.360352 0.739258 0.104492 0.081055
0 0.21582 0.786133 0.075195 0.124023
0 0.416992 0.915039 0.079102 0.051758
0 0.490234 0.927734 0.061523 0.053711
0 0.042969 0.662109 0.086914 0.115234
0 0.170898 0.520508 0.088867 0.079102
0 0.052734 0.125 0.102539 0.106445
0 0.734375 0.133789 0.088867 0.073242
0 0.714844 0.196289 0.078125 0.06543
0 0.033203 0.848633 0.066406 0.0625
