0 0.199219 0.024414 0.110352 0.049805
0 0.239258 0.606445 0.145508 0.129883
0 0.091797 0.560547 0.129883 0.082031
0 0.912109 0.1875 0.154297 0.070312
0 0.798828 0.557617 0.144531 0.117188
0 0.196289 0.838867 0.200195 0.111328
0 0.798828 0.253906 0.131836 0.115234
0 0.195312 0.416992 0.107422 0.145508
0 0.054688 0.02832 0.109375 0.056641
0 0.09668 0.274414 0.139648 0.095703
0 0.783203 0.963867 0.139648 0.071289
0 0.952148 0.294922 0.095703 0.086914
0 0.178711 0.930664 0.120117 0.137695
0 0.893555 0.797852 0.212891 0.125977
0 0.963867 0.481445 0.071289 0.101562
0 0.959961 0.953125 0.075195 0.09375
