0 0.910156 0.049805 0.073242 0.09668
0 0.732422 0.71582 0.085938 0.073242
0 0.077148 0.643555 0.108398 0.057617
0 0.191406 0.321289 0.069336 0.073242
0 0.532227 0.637695 0.091797 0.099609
0 0.366211 0.525391 0.088867 0.06543
0 0.855469 0.734375 0.048828 0.092773
0 0.088867 0.319336 0.111328 0.068359
0 0.5 0.158203 0.081055 0.048828
0 0.039062 0.447266 0.079102 0.069336
0 0.158203 0.125977 0.057617 0.077148
0 0.625977 0.602539 0.083008 0.076172
0 0.137695 0.162109 0.0625 0.043945
0 0.574219 0.249023 0.071289 0.044922
0 0.673828 0.72168 0.091797 0.038086
0 0.053711 0.149414 0.108398 0.053711
0 0.4375 0.727539 0.064453 0.06543
0 0.603516 0.386719 0.149414 0.05957
0 0.43457 0.183594 0.051758 0.079102
0 0.777344 0.865234 0.061523 0.05957
0 0.943359 0.454102 0.063477 0.029297
0 0.181641 0.756836 0.045898 0.078125
0 0.733398 0.473633 0.079102 0.057617
0 0.305664 0.216797 0.061523 0.048828
0 0.671875 0.541016 0.043945 0.063477
0 0.87207 0.455078 0.047852 0.063477
0 0.941406 0.673828 0.104492 0.041016
0 0.976562 0.282227 0.046875 0.056641
0 0.029297 0.508789 0.058594 0.042969
0 0.549805 0.952148 0.067383 0.089844
0 0.009766 0.790039 0.019531 0.035156
0 0.09668 0.072266 0.029297 0.077148
0 0.884766 0.073242 0.023438 0.081055
0 0.547852 0.608398 0.032227 0.09082
0 0.875 0.794922 0.047852 0.063477
0 0.100586 0.822266 0.133789 0.060547
0 0.257812 0.678711 0.147461 0.052734
0 0.698242 0.177734 0.074219 0.039062
0 0.22168 0.820312 0.101562 0.051758
0 0.667969 0.941406 0.038086 0.068359
0 0.598633 0.853516 0.054688 0.025391
0 0.349609 0.847656 0.069336 0.038086
0 0.813477 0.84668 0.052734 0.069336
0 0.051758 0.09375 0.102539 0.033203
0 0.974609 0.029297 0.050781 0.057617
0 0.87793 0.072266 0.029297 0.078125
0 0.599609 0.740234 0.087891 0.050781
0 0.957031 0.803711 0.037109 0.043945
0 0.097656 0.768555 0.09082 0.042969
0 0.619141 0.822266 0.053711 0.043945
0 0.492188 0.742188 0.041992 0.051758
0 0.181641 0.567383 0.046875 0.052734
0 0.583008 0.886719 0.071289 0.040039
0 0.458008 0.829102 0.029297 0.058594
0 0.075195 0.688477 0.060547 0.033203
0 0.019531 0.255859 0.040039 0.048828
0 0.553711 0.745117 0.064453 0.040039
0 0.385742 0.65918 0.06543 0.112305
0 0.807617 0.419922 0.037109 0.05957
0 0.913086 0.457031 0.064453 0.047852
