0 0.189453 0.589844 0.175781 0.134766
0 0.762695 0.55957 0.118164 0.095703
0 0.956055 0.750977 0.085938 0.071289
0 0.070312 0.953125 0.102539 0.087891
0 0.095703 0.454102 0.082031 0.114258
0 0.039062 0.265625 0.079102 0.126953
0 0.020508 0.821289 0.041992 0.120117
0 0.261719 0.958008 0.129883 0.083008
0 0.188477 0.364258 0.132812 0.134766
0 0.938477 0.685547 0.123047 0.077148
0 0.838867 0.141602 0.149414 0.129883
0 0.939453 0.048828 0.087891 0.098633
0 0.90918 0.397461 0.104492 0.112305
0 0.19043 0.806641 0.112305 0.075195
0 0.755859 0.181641 0.087891 0.110352
0 0.74707 0.856445 0.091797 0.053711
0 0.158203 0.540039 0.082031 0.077148
0 0.257812 0.595703 0.12207 0.136719
0 0.066406 0.788086 0.069336 0.092773
0 0.941406 0.873047 0.104492 0.082031
0 0.94043 0.579102 0.118164 0.05957
0 0.779297 0.378906 0.134766 0.075195
