0 0.637695 0.327148 0.107422 0.077148
0 0.827148 0.261719 0.117188 0.106445
0 0.924805 0.541992 0.150391 0.09668
0 0.585938 0.464844 0.084961 0.05957
0 0.193359 0.089844 0.092773 0.081055
0 0.640625 0.865234 0.117188 0.112305
0 0.569336 0.75293 0.089844 0.086914
0 0.708984 0.40332 0.120117 0.087891
0 0.84082 0.43457 0.123047 0.119141
0 0.733398 0.69043 0.095703 0.089844
0 0.669922 0.973633 0.082031 0.051758
0 0.053711 0.110352 0.069336 0.083008
0 0.731445 0.850586 0.120117 0.072266
0 0.700195 0.584961 0.157227 0.128906
0 0.618164 0.036133 0.087891 0.072266
0 0.692383 0.219727 0.074219 0.071289
0 0.044922 0.53418 0.09082 0.146484
0 0.541016 0.901367 0.083008 0.068359
0 0.064453 0.698242 0.080078 0.072266
0 0.472656 0.368164 0.077148 0.067383
0 0.780273 0.404297 0.15332 0.094727
0 0.922852 0.695312 0.09668 0.051758
