0 0.867188 0.196289 0.106445 0.066406
0 0.260742 0.886719 0.102539 0.070312
0 0.291016 0.772461 0.113281 0.054688
0 0.74707 0.234375 0.091797 0.083984
0 0.957031 0.625 0.085938 0.050781
0 0.266602 0.583008 0.137695 0.069336
0 0.579102 0.583984 0.076172 0.057617
0 0.054688 0.063477 0.106445 0.086914
0 0.361328 0.666016 0.139648 0.102539
0 0.404297 0.741211 0.12207 0.05957
0 0.791016 0.492188 0.055664 0.103516
0 0.494141 0.075195 0.052734 0.12207
0 0.439453 0.500977 0.102539 0.073242
0 0.974609 0.859375 0.049805 0.056641
0 0.643555 0.197266 0.087891 0.0625
0 0.15918 0.981445 0.075195 0.033203
0 0.522461 0.165039 0.050781 0.066406
0 0.301758 0.432617 0.15625 0.080078
0 0.051758 0.788086 0.104492 0.033203
0 0.695312 0.540039 0.077148 0.051758
0 0.439453 0.557617 0.102539 0.033203
0 0.171875 0.538086 0.094141 0.061523
0 0.679688 0.55957 0.066406 0.067383
0 0.384766 0.494141 0.057617 0.042969
0 0.705078 0.182617 0.071289 0.040039
0 0.641602 0.588867 0.092773 0.029297
0 0.173828 0.813477 0.114258 0.078125
0 0.53125 0.769531 0.080078 0.032227
0 0.741211 0.530273 0.114258 0.041992
0 0.707031 0.013672 0.060547 0.02832
0 0.501953 0.649414 0.111328 0.039062
0 0.555664 0.888672 0.075195 0.044922
0 0.486328 0.945312 0.09375 0.03418
0 0.401367 0.96875 0.158203 0.044922
0 0.505859 0.214844 0.181641 0.125
0 0.588867 0.81543 0.081055 0.050781
0 0.760742 0.912109 0.06543 0.019531
0 0.037109 0.615234 0.074219 0.024414
0 0.733398 0.675781 0.103516 0.047852
0 0.702148 0.227539 0.050781 0.036133
0 0.305664 0.689453 0.119141 0.199219
0 0.777344 0.563477 0.085938 0.02832
0 0.740234 0.65332 0.104492 0.039062
0 0.027344 0.825195 0.052734 0.025391
0 0.273438 0.523438 0.092773 0.030273
0 0.729492 0.987305 0.084961 0.021484
0 0.772461 0.947266 0.089844 0.040039
0 0.172852 0.491211 0.197266 0.113281
0 0.832031 0.984375 0.06543 0.03125
0 0.016602 0.222656 0.03418 0.02832
0 0.146484 0.673828 0.071289 0.041992
0 0.045898 0.983398 0.087891 0.032227
0 0.189453 0.816406 0.09082 0.063477
0 0.779297 0.845703 0.048828 0.051758
0 0.644531 0.850586 0.044922 0.054688
0 0.369141 0.046875 0.203125 0.09375
0 0.21875 0.069336 0.207031 0.080078
0 0.151367 0.732422 0.192383 0.09082
0 0.175781 0.75293 0.124023 0.082031
