0 0.152344 0.099609 0.097656 0.086914
0 0.061523 0.232422 0.079102 0.079102
0 0.030273 0.316406 0.060547 0.077148
0 0.268555 0.303711 0.126953 0.086914
0 0.196289 0.421875 0.079102 0.073242
0 0.248047 0.591797 0.110352 0.099609
0 0.439453 0.371094 0.107422 0.121094
0 0.573242 0.474609 0.102539 0.099609
0 0.430664 0.039062 0.094727 0.078125
0 0.283203 0.025391 0.082031 0.051758
0 0.613281 0.0625 0.091797 0.125
0 0.763672 0.101562 0.178711 0.182617
0 0.921875 0.47168 0.082031 0.089844
0 0.885742 0.614258 0.173828 0.173828
0 0.726562 0.787109 0.166992 0.113281
0 0.708984 0.511719 0.099609 0.083008
0 0.495117 0.78418 0.088867 0.162109
0 0.295898 0.734375 0.102539 0.075195
0 0.143555 0.858398 0.158203 0.113281
0 0.640625 0.916016 0.131836 0.094727
0 0.871094 0.892578 0.202148 0.113281
0 0.674805 0.293945 0.124023 0.104492
0 0.826172 0.165039 0.164062 0.094727
