0 0.34375 0.298828 0.106445 0.051758
0 0.373047 0.216797 0.112305 0.069336
0 0.435547 0.154297 0.068359 0.100586
0 0.482422 0.251953 0.067383 0.084961
0 0.179688 0.196289 0.047852 0.075195
0 0.143555 0.296875 0.053711 0.076172
0 0.09082 0.268555 0.043945 0.049805
0 0.064453 0.28125 0.042969 0.072266
0 0.033203 0.260742 0.066406 0.056641
0 0.40332 0.34375 0.068359 0.054688
0 0.496094 0.329102 0.05957 0.050781
0 0.53418 0.316406 0.0625 0.049805
0 0.654297 0.316406 0.083984 0.043945
0 0.494141 0.658203 0.0625 0.083008
0 0.586914 0.672852 0.078125 0.0625
0 0.570312 0.745117 0.076172 0.061523
0 0.678711 0.745117 0.09375 0.068359
0 0.708008 0.672852 0.066406 0.091797
0 0.803711 0.708008 0.067383 0.066406
0 0.827148 0.669922 0.088867 0.076172
0 0.751953 0.43457 0.083008 0.058594
0 0.878906 0.456055 0.087891 0.047852
0 0.825195 0.293945 0.063477 0.086914
0 0.791016 0.356445 0.064453 0.050781
0 0.96875 0.387695 0.0625 0.076172
0 0.921875 0.148438 0.083984 0.092773
0 0.80957 0.019531 0.066406 0.039062
0 0.185547 0.643555 0.073242 0.074219
0 0.28125 0.644531 0.095703 0.054688
0 0.081055 0.657227 0.063477 0.054688
0 0.15332 0.703125 0.098633 0.050781
0 0.054688 0.710938 0.106445 0.056641
0 0.125 0.760742 0.075195 0.041016
0 0.200195 0.847656 0.111328 0.143555
0 0.371094 0.862305 0.086914 0.098633
0 0.424805 0.792969 0.0625 0.091797
0 0.469727 0.828125 0.092773 0.072266
0 0.338867 0.764648 0.082031 0.061523
0 0.408203 0.71875 0.064453 0.057617
0 0.334961 0.700195 0.073242 0.058594
0 0.02832 0.754883 0.056641 0.055664
0 0.577148 0.852539 0.087891 0.094727
0 0.651367 0.833008 0.077148 0.099609
0 0.899414 0.748047 0.068359 0.077148
0 0.960938 0.791992 0.078125 0.069336
0 0.878906 0.886719 0.056641 0.066406
0 0.868164 0.956055 0.074219 0.072266
0 0.032227 0.65332 0.061523 0.075195
0 0.978516 0.916016 0.042969 0.056641
0 0.741211 0.375977 0.0625 0.043945
0 0.850586 0.40625 0.101562 0.041992
0 0.631836 0.381836 0.066406 0.066406
