0 0.904297 0.102539 0.077148 0.101562
0 0.950195 0.660156 0.067383 0.078125
0 0.28418 0.053711 0.098633 0.076172
0 0.305664 0.644531 0.095703 0.088867
0 0.805664 0.389648 0.05957 0.107422
0 0.836914 0.632812 0.086914 0.085938
0 0.458008 0.05957 0.058594 0.085938
0 0.817383 0.484375 0.061523 0.078125
0 0.976562 0.259766 0.046875 0.100586
0 0.050781 0.370117 0.083984 0.081055
0 0.501953 0.428711 0.069336 0.081055
0 0.933594 0.455078 0.056641 0.069336
0 0.257812 0.266602 0.071289 0.081055
0 0.677734 0.552734 0.067383 0.069336
0 0.90332 0.036133 0.06543 0.073242
0 0.274414 0.769531 0.074219 0.075195
0 0.131836 0.591797 0.081055 0.06543
0 0.547852 0.292969 0.071289 0.072266
0 0.045898 0.275391 0.087891 0.095703
0 0.427734 0.105469 0.063477 0.084961
0 0.655273 0.291992 0.083008 0.063477
0 0.418945 0.34082 0.055664 0.102539
0 0.047852 0.332031 0.079102 0.057617
0 0.679688 0.086914 0.09375 0.103516
0 0.408203 0.675781 0.080078 0.069336
0 0.72168 0.412109 0.063477 0.077148
0 0.174805 0.34668 0.068359 0.070312
0 0.584961 0.148438 0.066406 0.055664
0 0.125 0.373047 0.067383 0.064453
0 0.405273 0.407227 0.054688 0.072266
0 0.151367 0.642578 0.085938 0.049805
0 0.869141 0.702148 0.081055 0.082031
0 0.106445 0.789062 0.092773 0.083984
0 0.976562 0.369141 0.045898 0.073242
0 0.978516 0.033203 0.041992 0.067383
0 0.652344 0.217773 0.069336 0.071289
0 0.407227 0.206055 0.102539 0.066406
0 0.823242 0.136719 0.0625 0.047852
0 0.6875 0.723633 0.078125 0.060547
0 0.238281 0.790039 0.06543 0.050781
0 0.239258 0.341797 0.074219 0.091797
0 0.303711 0.347656 0.083984 0.049805
0 0.648438 0.786133 0.055664 0.056641
0 0.68457 0.017578 0.082031 0.036133
0 0.557617 0.833984 0.061523 0.044922
0 0.331055 0.537109 0.054688 0.038086
0 0.041992 0.982422 0.074219 0.035156
0 0.539062 0.526367 0.053711 0.058594
0 0.744141 0.667969 0.060547 0.051758
0 0.047852 0.845703 0.089844 0.045898
0 0.483398 0.780273 0.081055 0.047852
0 0.776367 0.147461 0.041016 0.051758
0 0.510742 0.018555 0.046875 0.038086
0 0.136719 0.667969 0.091797 0.042969
0 0.950195 0.027344 0.038086 0.055664
0 0.021484 0.6875 0.043945 0.048828
0 0.769531 0.720703 0.048828 0.041992
0 0.532227 0.848633 0.064453 0.041016
0 0.723633 0.356445 0.043945 0.067383
0 0.587891 0.789062 0.05957 0.03418
0 0.62793 0.71875 0.05957 0.045898
0 0.68457 0.460938 0.047852 0.051758
0 0.22168 0.02832 0.05957 0.056641
0 0.353516 0.202148 0.085938 0.056641
0 0.035156 0.75 0.070312 0.056641
0 0.294922 0.876953 0.060547 0.038086
0 0.3125 0.016602 0.041992 0.03418
