0 0.53125 0.696289 0.066406 0.099609
0 0.569336 0.230469 0.054688 0.088867
0 0.712891 0.395508 0.050781 0.129883
0 0.322266 0.141602 0.078125 0.098633
0 0.887695 0.792969 0.064453 0.067383
0 0.418945 0.907227 0.048828 0.083008
0 0.541992 0.504883 0.064453 0.074219
0 0.103516 0.487305 0.042969 0.080078
0 0.774414 0.0625 0.036133 0.088867
0 0.887695 0.504883 0.052734 0.089844
0 0.378906 0.543945 0.035156 0.110352
0 0.583984 0.030273 0.032227 0.060547
0 0.866211 0.601562 0.071289 0.084961
0 0.786133 0.170898 0.044922 0.083984
0 0.186523 0.447266 0.098633 0.067383
0 0.728516 0.544922 0.037109 0.09668
0 0.749023 0.762695 0.053711 0.124023
0 0.176758 0.521484 0.056641 0.09082
0 0.47168 0.380859 0.02832 0.099609
0 0.583984 0.765625 0.039062 0.089844
0 0.083008 0.243164 0.024414 0.087891
0 0.248047 0.232422 0.048828 0.070312
0 0.599609 0.859375 0.066406 0.074219
0 0.316406 0.56543 0.068359 0.070312
0 0.019531 0.263672 0.038086 0.047852
0 0.279297 0.319336 0.044922 0.072266
0 0.96875 0.077148 0.035156 0.101562
0 0.165039 0.753906 0.037109 0.152344
0 0.688477 0.830078 0.055664 0.069336
0 0.207031 0.808594 0.063477 0.105469
0 0.811523 0.600586 0.037109 0.069336
0 0.490234 0.079102 0.029297 0.075195
0 0.873047 0.431641 0.038086 0.074219
0 0.838867 0.383789 0.041016 0.087891
0 0.232422 0.298828 0.032227 0.074219
0 0.27832 0.577148 0.053711 0.120117
0 0.935547 0.212891 0.035156 0.06543
0 0.420898 0.832031 0.035156 0.057617
0 0.161133 0.942383 0.101562 0.108398
0 0.477539 0.511719 0.099609 0.037109
0 0.376953 0.790039 0.051758 0.050781
0 0.981445 0.829102 0.036133 0.067383
0 0.336914 0.108398 0.030273 0.075195
0 0.107422 0.875977 0.073242 0.060547
0 0.884766 0.240234 0.03125 0.106445
0 0.179688 0.961914 0.0625 0.075195
0 0.844727 0.880859 0.042969 0.079102
0 0.080078 0.017578 0.036133 0.035156
0 0.920898 0.619141 0.042969 0.047852
0 0.630859 0.987305 0.047852 0.021484
0 0.897461 0.316406 0.025391 0.0625
0 0.4375 0.464844 0.052734 0.05957
0 0.041016 0.519531 0.050781 0.048828
0 0.606445 0.277344 0.045898 0.057617
0 0.168945 0.229492 0.041992 0.03125
0 0.570312 0.805664 0.044922 0.069336
0 0.77832 0.75293 0.045898 0.02832
0 0.702148 0.924805 0.040039 0.03125
0 0.363281 0.216797 0.035156 0.074219
0 0.575195 0.645508 0.032227 0.074219
0 0.892578 0.991211 0.053711 0.017578
0 0.789062 0.901367 0.03418 0.046875
0 0.149414 0.791016 0.043945 0.063477
0 0.269531 0.490234 0.080078 0.091797
0 0.976562 0.897461 0.045898 0.042969
0 0.202148 0.535156 0.03125 0.09082
0 0.162109 0.500977 0.068359 0.046875
