0 0.355469 0.137695 0.055664 0.077148
0 0.390625 0.224609 0.070312 0.068359
0 0.460938 0.161133 0.107422 0.080078
0 0.517578 0.261719 0.068359 0.097656
0 0.549805 0.030273 0.117188 0.061523
0 0.432617 0.021484 0.111328 0.042969
0 0.407227 0.066406 0.064453 0.052734
0 0.03418 0.431641 0.068359 0.146484
0 0.253906 0.40625 0.15332 0.126953
0 0.310547 0.397461 0.068359 0.074219
0 0.280273 0.49707 0.077148 0.103516
0 0.144531 0.511719 0.094727 0.097656
0 0.337891 0.589844 0.102539 0.129883
0 0.257812 0.611328 0.060547 0.074219
0 0.199219 0.62793 0.079102 0.078125
0 0.188477 0.739258 0.097656 0.095703
0 0.392578 0.676758 0.080078 0.068359
0 0.53125 0.739258 0.068359 0.070312
0 0.532227 0.647461 0.070312 0.0625
0 0.629883 0.53125 0.100586 0.078125
0 0.728516 0.443359 0.054688 0.081055
0 0.796875 0.490234 0.083008 0.056641
0 0.766602 0.350586 0.074219 0.085938
0 0.832031 0.368164 0.070312 0.076172
0 0.945312 0.356445 0.077148 0.088867
0 0.957031 0.541016 0.085938 0.107422
0 0.880859 0.65918 0.068359 0.088867
0 0.850586 0.72168 0.057617 0.052734
0 0.821289 0.681641 0.064453 0.044922
0 0.9375 0.821289 0.072266 0.094727
0 0.303711 0.904297 0.080078 0.083984
0 0.246094 0.983398 0.092773 0.033203
0 0.573242 0.96875 0.085938 0.0625
0 0.74707 0.981445 0.109375 0.036133
0 0.797852 0.039062 0.073242 0.077148
0 0.896484 0.050781 0.079102 0.06543
0 0.101562 0.313477 0.09082 0.088867
0 0.564453 0.100586 0.042969 0.06543
0 0.411133 0.18457 0.073242 0.05957
0 0.025391 0.019531 0.051758 0.039062
0 0.370117 0.410156 0.068359 0.046875
0 0.19043 0.422852 0.063477 0.081055
0 0.056641 0.513672 0.113281 0.061523
0 0.012695 0.549805 0.025391 0.032227
0 0.794922 0.740234 0.060547 0.058594
