0 0.026367 0.445312 0.053711 0.081055
0 0.135742 0.077148 0.113281 0.072266
0 0.393555 0.02832 0.083008 0.056641
0 0.398438 0.09668 0.082031 0.081055
0 0.323242 0.227539 0.110352 0.117188
0 0.291992 0.359375 0.101562 0.077148
0 0.107422 0.336914 0.103516 0.080078
0 0.047852 0.254883 0.095703 0.084961
0 0.092773 0.210938 0.089844 0.084961
0 0.348633 0.480469 0.123047 0.086914
0 0.561523 0.329102 0.083008 0.09375
0 0.651367 0.303711 0.073242 0.072266
0 0.780273 0.262695 0.117188 0.080078
0 0.857422 0.068359 0.160156 0.083008
0 0.755859 0.350586 0.098633 0.074219
0 0.792969 0.43457 0.121094 0.097656
0 0.933594 0.474609 0.132812 0.088867
0 0.58584 0.555566 0.084961 0.068359
0 0.65625 0.661133 0.09082 0.076172
0 0.032227 0.697266 0.06543 0.064453
0 0.931738 0.741016 0.071289 0.071289
0 0.232422 0.013672 0.079102 0.02832
0 0.429688 0.209961 0.108398 0.082031
0 0.631836 0.185547 0.061523 0.069336
0 0.628906 0.433594 0.079102 0.077148
0 0.808594 0.520508 0.076172 0.075195
0 0.794922 0.839844 0.077148 0.099609
0 0.616211 0.874023 0.128906 0.088867
0 0.318359 0.699219 0.063477 0.05957
0 0.303711 0.811523 0.079102 0.083008
0 0.307617 0.895508 0.094727 0.083984
0 0.212891 0.802734 0.068359 0.061523
0 0.020508 0.84375 0.041992 0.076172
0 0.254883 0.952148 0.102539 0.094727
0 0.181641 0.932617 0.118164 0.133789
0 0.070312 0.980469 0.089844 0.039062
0 0.140625 0.975586 0.071289 0.048828
0 0.125977 0.430664 0.091797 0.083008
0 0.199219 0.204102 0.069336 0.041016
0 0.868164 0.375 0.088867 0.072266
