0 0.496094 0.524414 0.085938 0.069336
0 0.984375 0.15332 0.03125 0.071289
0 0.71582 0.242188 0.051758 0.081055
0 0.34375 0.787109 0.063477 0.097656
0 0.97168 0.454102 0.056641 0.107422
0 0.618164 0.158203 0.074219 0.088867
0 0.415039 0.239258 0.084961 0.064453
0 0.356445 0.160156 0.09082 0.053711
0 0.616211 0.445312 0.061523 0.091797
0 0.40625 0.110352 0.087891 0.126953
0 0.110352 0.647461 0.092773 0.051758
0 0.916016 0.03125 0.06543 0.0625
0 0.082031 0.589844 0.095703 0.045898
0 0.123047 0.316406 0.067383 0.046875
0 0.245117 0.483398 0.094727 0.044922
0 0.916016 0.356445 0.09082 0.045898
0 0.554688 0.828125 0.048828 0.0625
0 0.670898 0.348633 0.09082 0.047852
0 0.106445 0.510742 0.094727 0.076172
0 0.541016 0.030273 0.057617 0.044922
0 0.18457 0.289062 0.097656 0.06543
0 0.703125 0.519531 0.101562 0.049805
0 0.428711 0.677734 0.083984 0.037109
0 0.107422 0.405273 0.118164 0.071289
0 0.374023 0.489258 0.066406 0.05957
0 0.525391 0.356445 0.077148 0.041016
0 0.579102 0.299805 0.087891 0.037109
0 0.986328 0.886719 0.027344 0.053711
0 0.759766 0.584961 0.075195 0.060547
0 0.21875 0.223633 0.081055 0.055664
0 0.070312 0.261719 0.080078 0.075195
0 0.423828 0.97168 0.088867 0.044922
0 0.569336 0.915039 0.045898 0.071289
0 0.976562 0.958008 0.046875 0.045898
0 0.790039 0.973633 0.085938 0.041992
0 0.456055 0.325195 0.056641 0.045898
0 0.973633 0.274414 0.038086 0.108398
0 0.745117 0.02832 0.051758 0.054688
0 0.337891 0.052734 0.047852 0.048828
0 0.636719 0.279297 0.056641 0.036133
0 0.311523 0.148438 0.047852 0.112305
0 0.338867 0.90625 0.054688 0.044922
0 0.851562 0.571289 0.107422 0.048828
0 0.030273 0.618164 0.060547 0.03125
0 0.02832 0.191406 0.057617 0.073242
0 0.773438 0.637695 0.06543 0.040039
0 0.708984 0.584961 0.036133 0.063477
0 0.988281 0.614258 0.022461 0.041016
0 0.050781 0.941406 0.102539 0.036133
0 0.041016 0.700195 0.082031 0.038086
0 0.479492 0.040039 0.049805 0.029297
0 0.935547 0.301758 0.051758 0.055664
0 0.741211 0.912109 0.06543 0.040039
0 0.402344 0.53418 0.071289 0.037109
0 0.208984 0.392578 0.078125 0.041992
0 0.139648 0.211914 0.110352 0.050781
0 0.623047 0.588867 0.047852 0.036133
0 0.581055 0.901367 0.041016 0.071289
0 0.614258 0.640625 0.044922 0.043945
0 0.051758 0.910156 0.081055 0.041016
0 0.980469 0.016602 0.039062 0.03125
0 0.619141 0.297852 0.0625 0.053711
0 0.254883 0.273438 0.088867 0.044922
0 0.808594 0.65332 0.052734 0.030273
0 0.395508 0.614258 0.063477 0.050781
0 0.058594 0.520508 0.081055 0.054688
0 0.293945 0.020508 0.040039 0.041016
0 0.405273 0.921875 0.050781 0.038086
0 0.298828 0.969727 0.054688 0.03418
0 0.251953 0.669922 0.069336 0.046875
0 0.28418 0.708008 0.091797 0.038086
0 0.571289 0.665039 0.049805 0.042969
0 0.397461 0.025391 0.068359 0.050781
0 0.505859 0.664062 0.0625 0.038086
0 0.424805 0.664062 0.083984 0.03418
0 0.874023 0.646484 0.056641 0.038086
0 0.772461 0.543945 0.076172 0.106445
0 0.06543 0.725586 0.0625 0.037109
0 0.473633 0.671875 0.045898 0.036133
0 0.561523 0.254883 0.061523 0.040039
0 0.011719 0.396484 0.024414 0.049805
0 0.59082 0.352539 0.050781 0.032227
