0 0.012695 0.275391 0.025391 0.06543
0 0.092773 0.18457 0.077148 0.076172
0 0.222656 0.03125 0.066406 0.0625
0 0.428711 0.021484 0.070312 0.043945
0 0.449219 0.073242 0.109375 0.094727
0 0.579102 0.097656 0.086914 0.074219
0 0.713867 0.169922 0.105469 0.076172
0 0.698242 0.208984 0.052734 0.061523
0 0.763672 0.244141 0.118164 0.140625
0 0.84668 0.235352 0.043945 0.076172
0 0.904297 0.392578 0.087891 0.080078
0 0.966797 0.357422 0.058594 0.080078
0 0.970703 0.435547 0.057617 0.068359
0 0.958984 0.598633 0.056641 0.084961
0 0.755859 0.498047 0.061523 0.069336
0 0.813477 0.488281 0.089844 0.075195
0 0.519531 0.350586 0.061523 0.09082
0 0.461914 0.444336 0.070312 0.067383
0 0.368164 0.358398 0.073242 0.119141
0 0.210938 0.368164 0.052734 0.085938
0 0.186523 0.444336 0.080078 0.102539
0 0.227539 0.422852 0.085938 0.052734
0 0.270508 0.563477 0.091797 0.083984
0 0.523438 0.545898 0.0625 0.102539
0 0.765625 0.572266 0.072266 0.064453
0 0.638672 0.698242 0.066406 0.132812
0 0.680664 0.734375 0.070312 0.053711
0 0.734375 0.804688 0.061523 0.076172
0 0.733398 0.881836 0.085938 0.076172
0 0.910156 0.811523 0.068359 0.074219
0 0.279297 0.670898 0.069336 0.066406
0 0.314453 0.796875 0.071289 0.078125
0 0.375 0.858398 0.100586 0.092773
0 0.15918 0.817383 0.066406 0.06543
0 0.139648 0.873047 0.071289 0.0625
0 0.033203 0.666016 0.058594 0.070312
0 0.03125 0.603516 0.0625 0.076172
0 0.051758 0.369141 0.080078 0.069336
0 0.109375 0.535156 0.061523 0.071289
0 0.120117 0.604492 0.080078 0.072266
0 0.161133 0.674805 0.080078 0.056641
0 0.417969 0.989258 0.068359 0.021484
0 0.74707 0.970703 0.066406 0.056641
0 0.705078 0.989258 0.0625 0.021484
0 0.967773 0.8125 0.040039 0.058594
0 0.574219 0.71582 0.0625 0.080078
0 0.404297 0.177734 0.06543 0.06543
0 0.101562 0.080078 0.055664 0.049805
0 0.56543 0.53125 0.049805 0.074219
0 0.897461 0.056641 0.050781 0.066406
0 0.677734 0.442383 0.070312 0.069336
0 0.954102 0.671875 0.050781 0.038086
0 0.583008 0.985352 0.058594 0.029297
0 0.046875 0.733398 0.057617 0.061523
0 0.168945 0.538086 0.077148 0.05957
