0 0.885742 0.862305 0.098633 0.085938
0 0.785156 0.15918 0.071289 0.091797
0 0.195312 0.557617 0.073242 0.120117
0 0.8125 0.598633 0.047852 0.077148
0 0.566406 0.245117 0.074219 0.09668
0 0.408203 0.50293 0.111328 0.048828
0 0.831055 0.09375 0.069336 0.083984
0 0.456055 0.607422 0.083008 0.066406
0 0.777344 0.803711 0.081055 0.116211
0 0.208008 0.974609 0.097656 0.050781
0 0.311523 0.082031 0.107422 0.110352
0 0.853516 0.169922 0.047852 0.109375
0 0.822266 0.974609 0.038086 0.049805
0 0.712891 0.692383 0.078125 0.097656
0 0.237305 0.799805 0.060547 0.145508
0 0.992188 0.552734 0.015625 0.094727
0 0.411133 0.255859 0.075195 0.083984
0 0.672852 0.136719 0.074219 0.139648
0 0.518555 0.847656 0.083008 0.060547
0 0.992188 0.444336 0.015625 0.078125
0 0.668945 0.210938 0.044922 0.085938
0 0.211914 0.158203 0.087891 0.06543
0 0.181641 0.19043 0.099609 0.041992
0 0.268555 0.158203 0.050781 0.144531
0 0.990234 0.751953 0.019531 0.069336
0 0.876953 0.46582 0.075195 0.09082
0 0.522461 0.342773 0.051758 0.061523
0 0.320312 0.886719 0.056641 0.069336
0 0.959961 0.451172 0.080078 0.12207
0 0.195312 0.919922 0.050781 0.094727
0 0.026367 0.275391 0.053711 0.080078
0 0.291992 0.791016 0.098633 0.088867
0 0.139648 0.094727 0.085938 0.09082
0 0.111328 0.564453 0.12207 0.114258
0 0.672852 0.368164 0.027344 0.158203
0 0.113281 0.646484 0.089844 0.071289
0 0.555664 0.916992 0.110352 0.081055
0 0.941406 0.563477 0.060547 0.12793
0 0.411133 0.119141 0.040039 0.092773
0 0.942383 0.384766 0.05957 0.079102
0 0.75293 0.845703 0.05957 0.118164
0 0.397461 0.177734 0.141602 0.033203
0 0.114258 0.848633 0.058594 0.050781
0 0.894531 0.764648 0.045898 0.119141
0 0.201172 0.015625 0.116211 0.03125
0 0.760742 0.318359 0.087891 0.108398
0 0.365234 0.942383 0.048828 0.080078
0 0.040039 0.505859 0.06543 0.076172
0 0.991211 0.650391 0.017578 0.066406
0 0.125 0.15332 0.049805 0.133789
0 0.386719 0.634766 0.060547 0.0625
0 0.735352 0.896484 0.052734 0.041992
0 0.033203 0.25 0.067383 0.072266
0 0.22168 0.450195 0.075195 0.03125
0 0.53125 0.014648 0.037109 0.030273
0 0.014648 0.358398 0.029297 0.057617
0 0.349609 0.188477 0.135742 0.053711
0 0.731445 0.354492 0.094727 0.117188
0 0.711914 0.729492 0.051758 0.053711
0 0.23418 0.468848 0.049316 0.041895
0 0.509766 0.921875 0.040039 0.045898
0 0.923828 0.582031 0.029297 0.095703
0 0.061523 0.018555 0.039062 0.037109
0 0.755859 0.427734 0.043945 0.146484
0 0.250977 0.892578 0.125977 0.09082
0 0.803711 0.418945 0.109375 0.112305
0 0.077148 0.266602 0.050781 0.029297
0 0.126953 0.826172 0.048828 0.03125
0 0.056641 0.619141 0.050781 0.045898
0 0.276367 0.916992 0.119141 0.125
0 0.866211 0.544922 0.041992 0.055664
0 0.430664 0.704102 0.087891 0.060547
0 0.136719 0.171875 0.131836 0.092773
0 0.482422 0.885742 0.071289 0.042969
0 0.018555 0.583984 0.037109 0.046875
0 0.274414 0.513672 0.052734 0.055664
0 0.56543 0.987305 0.058594 0.024414
