0 0.352539 0.048828 0.086914 0.097656
0 0.225586 0.089844 0.133789 0.107422
0 0.125977 0.112305 0.083984 0.055664
0 0.191406 0.18457 0.078125 0.104492
0 0.251953 0.254883 0.06543 0.112305
0 0.413086 0.233398 0.054688 0.087891
0 0.517578 0.244141 0.074219 0.057617
0 0.44043 0.038086 0.063477 0.076172
0 0.663086 0.014648 0.081055 0.029297
0 0.666992 0.145508 0.161133 0.079102
0 0.84082 0.138672 0.082031 0.09082
0 0.761719 0.249023 0.081055 0.05957
0 0.861328 0.269531 0.106445 0.079102
0 0.910156 0.395508 0.085938 0.076172
0 0.606445 0.360352 0.080078 0.116211
0 0.643555 0.382812 0.064453 0.131836
0 0.81543 0.507812 0.09082 0.080078
0 0.166016 0.397461 0.089844 0.074219
0 0.250977 0.458984 0.098633 0.064453
0 0.044922 0.469727 0.09082 0.113281
0 0.095703 0.537109 0.126953 0.099609
0 0.19043 0.626953 0.071289 0.109375
0 0.258789 0.6875 0.089844 0.110352
0 0.331055 0.719727 0.064453 0.083984
0 0.368164 0.652344 0.088867 0.118164
0 0.486328 0.689453 0.097656 0.098633
0 0.729492 0.712891 0.066406 0.083984
0 0.699219 0.869141 0.079102 0.12207
0 0.518555 0.975586 0.099609 0.047852
0 0.93457 0.696289 0.105469 0.12207
0 0.960938 0.616211 0.077148 0.095703
0 0.125 0.789062 0.099609 0.133789
0 0.291992 0.859375 0.06543 0.094727
0 0.249023 0.916016 0.068359 0.075195
0 0.121094 0.944336 0.071289 0.103516
0 0.202148 0.977539 0.083984 0.044922
0 0.629883 0.544922 0.129883 0.100586
0 0.578125 0.618164 0.106445 0.092773
0 0.1875 0.733398 0.077148 0.076172
0 0.719727 0.939453 0.082031 0.104492
0 0.551758 0.129883 0.076172 0.06543
0 0.476562 0.147461 0.046875 0.076172
0 0.479492 0.004883 0.045898 0.009766
0 0.3125 0.912109 0.095703 0.070312
0 0.222656 0.011719 0.150391 0.023438
