0 0.954102 0.364258 0.09082 0.070312
0 0.418945 0.038086 0.123047 0.074219
0 0.795898 0.125 0.082031 0.077148
0 0.724609 0.394531 0.095703 0.080078
0 0.959961 0.261719 0.067383 0.080078
0 0.850586 0.234375 0.082031 0.080078
0 0.702148 0.625977 0.0625 0.0625
0 0.620117 0.21582 0.083008 0.078125
0 0.495117 0.663086 0.067383 0.126953
0 0.736328 0.760742 0.05957 0.117188
0 0.733398 0.032227 0.087891 0.064453
0 0.612305 0.342773 0.070312 0.12793
0 0.62793 0.010742 0.097656 0.022461
0 0.4375 0.570312 0.064453 0.064453
0 0.860352 0.740234 0.099609 0.06543
0 0.637695 0.69043 0.073242 0.097656
0 0.976562 0.09082 0.045898 0.087891
0 0.710938 0.135742 0.06543 0.089844
0 0.744141 0.175781 0.094727 0.0625
0 0.68457 0.297852 0.060547 0.118164
0 0.530273 0.021484 0.076172 0.042969
