0 0.032227 0.158203 0.064453 0.092773
0 0.080078 0.275391 0.108398 0.070312
0 0.117188 0.207031 0.083984 0.084961
0 0.192383 0.295898 0.067383 0.050781
0 0.331055 0.331055 0.063477 0.058594
0 0.358398 0.298828 0.045898 0.109375
0 0.40625 0.307617 0.098633 0.091797
0 0.445312 0.201172 0.06543 0.092773
0 0.37793 0.077148 0.124023 0.134766
0 0.233398 0.134766 0.072266 0.086914
0 0.070312 0.102539 0.047852 0.069336
0 0.176758 0.146484 0.089844 0.075195
0 0.030273 0.529297 0.061523 0.146484
0 0.808594 0.973633 0.058594 0.052734
0 0.863281 0.96582 0.054688 0.067383
0 0.90625 0.925781 0.047852 0.092773
0 0.944336 0.904297 0.100586 0.102539
0 0.364258 0.830078 0.081055 0.107422
0 0.268555 0.869141 0.086914 0.083984
0 0.306641 0.75293 0.069336 0.069336
0 0.300781 0.69043 0.0625 0.061523
0 0.223633 0.666016 0.104492 0.078125
0 0.484375 0.736328 0.133789 0.09375
0 0.572266 0.71582 0.09375 0.075195
0 0.626953 0.84375 0.124023 0.077148
0 0.887695 0.5625 0.068359 0.12793
0 0.957031 0.705078 0.054688 0.118164
0 0.804688 0.636719 0.061523 0.083008
0 0.650391 0.743164 0.083008 0.081055
0 0.707031 0.568359 0.074219 0.196289
0 0.801758 0.563477 0.129883 0.083008
0 0.738281 0.375 0.091797 0.079102
0 0.694336 0.430664 0.053711 0.072266
0 0.489258 0.408203 0.069336 0.080078
0 0.454102 0.517578 0.054688 0.081055
0 0.419922 0.564453 0.040039 0.094727
0 0.579102 0.594727 0.058594 0.069336
0 0.548828 0.223633 0.061523 0.121094
0 0.607422 0.18457 0.082031 0.068359
0 0.59082 0.230469 0.085938 0.083008
0 0.711914 0.125 0.077148 0.142578
0 0.798828 0.053711 0.072266 0.063477
0 0.958984 0.302734 0.056641 0.069336
0 0.623047 0.371094 0.037109 0.043945
0 0.84082 0.329102 0.084961 0.041992
0 0.381836 0.21875 0.043945 0.081055
0 0.415039 0.366211 0.042969 0.037109
0 0.6875 0.560547 0.049805 0.150391
0 0.097656 0.318359 0.041992 0.058594
