0 0.328125 0.349609 0.087891 0.168945
0 0.150391 0.417969 0.069336 0.196289
0 0.048828 0.43457 0.074219 0.072266
0 0.529297 0.702148 0.135742 0.106445
0 0.435547 0.660156 0.111328 0.09375
0 0.666992 0.775391 0.130859 0.148438
0 0.770508 0.782227 0.066406 0.151367
0 0.830078 0.876953 0.077148 0.200195
0 0.633789 0.904297 0.079102 0.181641
0 0.706055 0.929688 0.086914 0.084961
0 0.329102 0.829102 0.141602 0.091797
0 0.301758 0.757812 0.071289 0.079102
0 0.104492 0.700195 0.113281 0.148438
0 0.017578 0.693359 0.035156 0.095703
0 0.026367 0.963867 0.053711 0.069336
0 0.072266 0.9375 0.056641 0.073242
0 0.042969 0.884766 0.085938 0.060547
0 0.050781 0.821289 0.058594 0.053711
0 0.100586 0.051758 0.079102 0.0625
0 0.147461 0.148438 0.048828 0.074219
0 0.279297 0.133789 0.105469 0.109375
0 0.393555 0.202148 0.107422 0.177734
0 0.457031 0.030273 0.091797 0.060547
0 0.751953 0.032227 0.164062 0.06543
0 0.706055 0.05957 0.142578 0.056641
0 0.652344 0.097656 0.09668 0.064453
0 0.922852 0.078125 0.09375 0.111328
0 0.542969 0.435547 0.09668 0.055664
0 0.642578 0.550781 0.069336 0.081055
0 0.783203 0.594727 0.124023 0.051758
0 0.829102 0.698242 0.125977 0.136719
0 0.772461 0.679688 0.101562 0.041016
0 0.967773 0.676758 0.045898 0.102539
0 0.810547 0.380859 0.125 0.103516
0 0.729492 0.444336 0.129883 0.05957
0 0.823242 0.293945 0.076172 0.120117
0 0.950195 0.328125 0.098633 0.079102
0 0.344727 0.973633 0.15625 0.052734
