0 0.053711 0.056641 0.108398 0.070312
0 0.033203 0.21582 0.066406 0.149414
0 0.095703 0.279297 0.097656 0.077148
0 0.042969 0.519531 0.066406 0.075195
0 0.053711 0.712891 0.075195 0.107422
0 0.265625 0.723633 0.081055 0.134766
0 0.007812 0.876953 0.016602 0.056641
0 0.078125 0.941406 0.061523 0.087891
0 0.292969 0.929688 0.068359 0.072266
0 0.222656 0.958984 0.058594 0.058594
0 0.133789 0.875977 0.05957 0.058594
0 0.37207 0.579102 0.074219 0.074219
0 0.408203 0.664062 0.109375 0.120117
0 0.546875 0.65918 0.115234 0.100586
0 0.582031 0.724609 0.106445 0.083984
0 0.615234 0.930664 0.146484 0.106445
0 0.962891 0.962891 0.074219 0.050781
0 0.973633 0.907227 0.051758 0.050781
0 0.963867 0.841797 0.072266 0.0625
0 0.938477 0.694336 0.097656 0.067383
0 0.895508 0.763672 0.060547 0.047852
0 0.757812 0.68457 0.095703 0.094727
0 0.642578 0.551758 0.076172 0.084961
0 0.705078 0.408203 0.069336 0.067383
0 0.767578 0.283203 0.136719 0.079102
0 0.894531 0.453125 0.076172 0.084961
0 0.817383 0.475586 0.130859 0.136719
0 0.966797 0.400391 0.066406 0.081055
0 0.384766 0.020508 0.084961 0.041992
0 0.568359 0.123047 0.088867 0.06543
0 0.393555 0.261719 0.100586 0.05957
0 0.286133 0.287109 0.070312 0.0625
0 0.338867 0.149414 0.044922 0.061523
0 0.208008 0.057617 0.058594 0.063477
0 0.140625 0.606445 0.0625 0.061523
0 0.256836 0.448242 0.056641 0.056641
0 0.020508 0.352539 0.041992 0.076172
0 0.796875 0.869141 0.068359 0.056641
0 0.291992 0.613281 0.098633 0.082031
0 0.327148 0.410156 0.063477 0.070312
0 0.509766 0.509766 0.066406 0.058594
0 0.772461 0.374023 0.080078 0.083008
