0 0.006836 0.311523 0.014648 0.067383
0 0.081055 0.297852 0.109375 0.075195
0 0.124023 0.211914 0.088867 0.132812
0 0.02832 0.106445 0.056641 0.048828
0 0.056641 0.068359 0.113281 0.112305
0 0.231445 0.080078 0.069336 0.100586
0 0.176758 0.053711 0.05957 0.107422
0 0.199219 0.166016 0.057617 0.078125
0 0.292969 0.333984 0.092773 0.076172
0 0.322266 0.257812 0.21875 0.067383
0 0.449219 0.09668 0.053711 0.085938
0 0.526367 0.198242 0.162109 0.147461
0 0.638672 0.320312 0.085938 0.123047
0 0.529297 0.053711 0.054688 0.107422
0 0.737305 0.223633 0.136719 0.09375
0 0.791016 0.160156 0.06543 0.105469
0 0.088867 0.570312 0.121094 0.192383
0 0.02832 0.759766 0.056641 0.139648
0 0.063477 0.807617 0.071289 0.083008
0 0.081055 0.686523 0.094727 0.075195
0 0.177734 0.732422 0.045898 0.055664
0 0.157227 0.775391 0.075195 0.06543
0 0.210938 0.675781 0.064453 0.057617
0 0.234375 0.741211 0.047852 0.053711
0 0.560547 0.634766 0.108398 0.132812
0 0.5 0.796875 0.075195 0.069336
0 0.391602 0.772461 0.069336 0.068359
0 0.265625 0.834961 0.109375 0.163086
0 0.307617 0.853516 0.142578 0.150391
0 0.145508 0.924805 0.103516 0.150391
0 0.022461 0.973633 0.045898 0.052734
0 0.50293 0.946289 0.134766 0.106445
0 0.731445 0.767578 0.085938 0.075195
0 0.986328 0.711914 0.027344 0.128906
0 0.955078 0.854492 0.088867 0.092773
0 0.833984 0.848633 0.134766 0.097656
0 0.901367 0.700195 0.067383 0.15625
0 0.881836 0.505859 0.099609 0.198242
0 0.958008 0.570312 0.083008 0.116211
0 0.897461 0.101562 0.181641 0.083008
0 0.900391 0.163086 0.085938 0.072266
0 0.12207 0.019531 0.039062 0.039062
0 0.786133 0.267578 0.040039 0.039062
0 0.922852 0.889648 0.095703 0.148438
