0 0.02832 0.123047 0.056641 0.060547
0 0.100586 0.166016 0.069336 0.05957
0 0.141602 0.057617 0.098633 0.079102
0 0.28418 0.202148 0.099609 0.094727
0 0.256836 0.285156 0.072266 0.070312
0 0.048828 0.306641 0.097656 0.111328
0 0.044922 0.417969 0.09082 0.095703
0 0.083008 0.792969 0.111328 0.098633
0 0.15332 0.527344 0.09082 0.083984
0 0.014648 0.979492 0.030273 0.041016
0 0.267578 0.946289 0.085938 0.106445
0 0.386719 0.982422 0.088867 0.03418
0 0.766602 0.987305 0.091797 0.025391
0 0.735352 0.867188 0.06543 0.068359
0 0.895508 0.899414 0.110352 0.083008
0 0.505859 0.827148 0.102539 0.079102
0 0.387695 0.876953 0.081055 0.077148
0 0.336914 0.798828 0.060547 0.054688
0 0.422852 0.751953 0.085938 0.082031
0 0.628906 0.699219 0.085938 0.119141
0 0.842773 0.586914 0.073242 0.097656
0 0.291016 0.349609 0.072266 0.06543
0 0.361328 0.279297 0.056641 0.068359
0 0.421875 0.310547 0.09375 0.097656
0 0.386719 0.444336 0.081055 0.101562
0 0.592773 0.361328 0.09375 0.075195
0 0.637695 0.204102 0.070312 0.072266
0 0.482422 0.131836 0.077148 0.078125
0 0.683594 0.131836 0.069336 0.131836
0 0.764648 0.083008 0.111328 0.166016
0 0.838867 0.363281 0.072266 0.09668
0 0.889648 0.276367 0.072266 0.108398
0 0.992188 0.235352 0.014648 0.09668
0 0.972656 0.351562 0.054688 0.109375
0 0.964844 0.466797 0.070312 0.113281
0 0.933594 0.702148 0.132812 0.069336
0 0.890625 0.496094 0.083008 0.09375
