0 0.383789 0.021484 0.083008 0.042969
0 0.40918 0.076172 0.083984 0.084961
0 0.475586 0.178711 0.088867 0.091797
0 0.640625 0.063477 0.083984 0.058594
0 0.723633 0.116211 0.0625 0.064453
0 0.555664 0.112305 0.060547 0.076172
0 0.119141 0.261719 0.066406 0.068359
0 0.043945 0.264648 0.0625 0.074219
0 0.130859 0.350586 0.119141 0.09375
0 0.420898 0.363281 0.05957 0.063477
0 0.205078 0.421875 0.076172 0.079102
0 0.30957 0.488281 0.128906 0.071289
0 0.43457 0.493164 0.056641 0.075195
0 0.15332 0.536133 0.09375 0.078125
0 0.040039 0.568359 0.074219 0.085938
0 0.032227 0.423828 0.060547 0.076172
0 0.063477 0.765625 0.085938 0.076172
0 0.168945 0.766602 0.071289 0.074219
0 0.288086 0.805664 0.061523 0.067383
0 0.125977 0.873047 0.126953 0.097656
0 0.289062 0.917969 0.092773 0.088867
0 0.792969 0.964844 0.066406 0.070312
0 0.920898 0.96875 0.086914 0.0625
0 0.757812 0.879883 0.073242 0.076172
0 0.657227 0.81543 0.123047 0.085938
0 0.52832 0.867188 0.125977 0.069336
0 0.533203 0.916992 0.080078 0.06543
0 0.791992 0.764648 0.073242 0.130859
0 0.882812 0.750977 0.06543 0.114258
0 0.71875 0.645508 0.074219 0.114258
0 0.62207 0.584961 0.070312 0.064453
0 0.530273 0.650391 0.067383 0.088867
0 0.614258 0.691406 0.097656 0.121094
0 0.663086 0.46582 0.134766 0.09082
0 0.835938 0.404297 0.074219 0.088867
0 0.753906 0.395508 0.06543 0.067383
0 0.94043 0.578125 0.068359 0.068359
0 0.950195 0.694336 0.080078 0.116211
0 0.604492 0.256836 0.070312 0.094727
0 0.681641 0.305664 0.06543 0.083984
0 0.708984 0.232422 0.140625 0.173828
0 0.800781 0.244141 0.083008 0.061523
0 0.930664 0.327148 0.080078 0.077148
0 0.939453 0.09375 0.121094 0.102539
0 0.761719 0.208984 0.055664 0.057617
0 0.988281 0.248047 0.022461 0.043945
0 0.097656 0.982422 0.121094 0.035156
0 0.24707 0.325195 0.035156 0.052734
0 0.859375 0.501953 0.044922 0.052734
0 0.828125 0.307617 0.06543 0.052734
