0 0.098633 0.966797 0.120117 0.06543
0 0.170898 0.314453 0.082031 0.145508
0 0.351562 0.144531 0.100586 0.230469
0 0.344727 0.730469 0.114258 0.223633
0 0.475586 0.086914 0.107422 0.169922
0 0.088867 0.771484 0.145508 0.200195
0 0.69043 0.069336 0.118164 0.129883
0 0.727539 0.938477 0.272461 0.12207
0 0.025391 0.785156 0.051758 0.09082
0 0.337891 0.570312 0.086914 0.102539
0 0.87207 0.349609 0.125 0.240234
0 0.59375 0.240234 0.084961 0.288086
0 0.635742 0.385742 0.232422 0.132812
0 0.029297 0.660156 0.05957 0.118164
0 0.066406 0.464844 0.133789 0.101562
0 0.392578 0.40918 0.322266 0.354492
0 0.729492 0.830078 0.179688 0.105469
0 0.973633 0.580078 0.051758 0.107422
0 0.483398 0.381836 0.162109 0.384766
0 0.699219 0.289062 0.100586 0.194336
0 0.555664 0.173828 0.267578 0.120117
0 0.868164 0.211914 0.262695 0.185547
0 0.943359 0.052734 0.098633 0.101562
0 0.668945 0.94043 0.098633 0.119141
0 0.283203 0.036133 0.076172 0.073242
0 0.542969 0.46582 0.121094 0.09375
