0 0.100586 0.541992 0.077148 0.073242
0 0.168945 0.851562 0.045898 0.072266
0 0.258789 0.407227 0.056641 0.129883
0 0.580078 0.449219 0.043945 0.101562
0 0.931641 0.179688 0.056641 0.092773
0 0.842773 0.825195 0.047852 0.072266
0 0.099609 0.094727 0.085938 0.043945
0 0.576172 0.859375 0.053711 0.064453
0 0.40625 0.134766 0.043945 0.078125
0 0.400391 0.447266 0.063477 0.083008
0 0.827148 0.094727 0.060547 0.107422
0 0.516602 0.041016 0.037109 0.06543
0 0.942383 0.853516 0.095703 0.055664
0 0.895508 0.80957 0.066406 0.063477
0 0.223633 0.580078 0.050781 0.082031
0 0.932617 0.458984 0.026367 0.063477
0 0.106445 0.229492 0.043945 0.061523
0 0.522461 0.158203 0.033203 0.073242
0 0.472656 0.548828 0.06543 0.056641
0 0.882812 0.541016 0.046875 0.087891
0 0.018555 0.553711 0.038086 0.038086
0 0.280273 0.631836 0.061523 0.042969
0 0.109375 0.892578 0.048828 0.053711
0 0.564453 0.036133 0.047852 0.0625
0 0.189453 0.628906 0.0625 0.02832
0 0.540039 0.292969 0.055664 0.042969
0 0.143555 0.473633 0.072266 0.068359
0 0.973633 0.746094 0.038086 0.073242
0 0.427734 0.073242 0.044922 0.040039
0 0.974609 0.514648 0.050781 0.048828
0 0.683594 0.455078 0.054688 0.035156
0 0.167969 0.563477 0.033203 0.064453
0 0.28125 0.526367 0.058594 0.03418
0 0.765625 0.878906 0.03125 0.056641
0 0.299805 0.898438 0.06543 0.045898
0 0.041016 0.18457 0.083008 0.047852
0 0.837891 0.02832 0.050781 0.056641
0 0.214844 0.419922 0.035156 0.054688
0 0.742188 0.821289 0.037109 0.063477
0 0.048828 0.21875 0.075195 0.056641
0 0.139648 0.514648 0.057617 0.054688
0 0.677734 0.475586 0.058594 0.041992
0 0.975586 0.922852 0.042969 0.027344
0 0.832031 0.511719 0.0625 0.039062
0 0.729492 0.829102 0.03125 0.064453
0 0.984375 0.478516 0.03125 0.037109
0 0.473633 0.05957 0.051758 0.044922
0 0.958008 0.818359 0.048828 0.057617
0 0.617188 0.891602 0.054688 0.048828
0 0.439453 0.987305 0.054688 0.025391
