0 0.047852 0.070312 0.091797 0.080078
0 0.202148 0.135742 0.075195 0.138672
0 0.398438 0.095703 0.132812 0.111328
0 0.09375 0.212891 0.0625 0.069336
0 0.148438 0.366211 0.066406 0.072266
0 0.206055 0.481445 0.152344 0.128906
0 0.056641 0.709961 0.05957 0.074219
0 0.050781 0.591797 0.057617 0.091797
0 0.261719 0.655273 0.077148 0.063477
0 0.205078 0.776367 0.094727 0.099609
0 0.34375 0.703125 0.094727 0.063477
0 0.083984 0.874023 0.076172 0.077148
0 0.310547 0.908203 0.109375 0.066406
0 0.443359 0.835938 0.083008 0.083984
0 0.480469 0.740234 0.072266 0.0625
0 0.457031 0.957031 0.073242 0.063477
0 0.549805 0.918945 0.074219 0.074219
0 0.697266 0.97168 0.086914 0.056641
0 0.776367 0.974609 0.058594 0.050781
0 0.861328 0.97168 0.069336 0.056641
0 0.655273 0.841797 0.0625 0.061523
0 0.787109 0.822266 0.072266 0.079102
0 0.860352 0.818359 0.074219 0.058594
0 0.697266 0.777344 0.080078 0.064453
0 0.658203 0.69043 0.125 0.085938
0 0.521484 0.696289 0.165039 0.078125
0 0.625 0.56543 0.106445 0.070312
0 0.387695 0.546875 0.077148 0.083008
0 0.47168 0.474609 0.097656 0.073242
0 0.537109 0.587891 0.083008 0.053711
0 0.53418 0.538086 0.071289 0.05957
0 0.530273 0.302734 0.085938 0.074219
0 0.619141 0.308594 0.087891 0.0625
0 0.598633 0.227539 0.070312 0.067383
0 0.686523 0.245117 0.123047 0.068359
0 0.810547 0.390625 0.107422 0.089844
0 0.826172 0.304688 0.095703 0.083008
0 0.886719 0.265625 0.063477 0.060547
0 0.741211 0.125 0.106445 0.111328
0 0.943359 0.070312 0.097656 0.141602
0 0.972656 0.277344 0.054688 0.082031
0 0.9375 0.507812 0.06543 0.106445
0 0.977539 0.90918 0.044922 0.071289
0 0.332031 0.972656 0.077148 0.053711
0 0.966797 0.431641 0.058594 0.091797
0 0.858398 0.148438 0.069336 0.084961
0 0.708984 0.310547 0.075195 0.064453
0 0.756836 0.386719 0.105469 0.069336
