0 0.800781 0.291992 0.072266 0.080078
0 0.850586 0.561523 0.077148 0.09082
0 0.735352 0.641602 0.083008 0.080078
0 0.943359 0.369141 0.078125 0.100586
0 0.850586 0.128906 0.084961 0.088867
0 0.964844 0.541992 0.070312 0.099609
0 0.774414 0.801758 0.084961 0.070312
0 0.858398 0.651367 0.097656 0.095703
0 0.936523 0.681641 0.098633 0.098633
0 0.881836 0.859375 0.082031 0.070312
0 0.953125 0.154297 0.09082 0.09082
0 0.918945 0.094727 0.075195 0.083008
0 0.795898 0.469727 0.0625 0.089844
0 0.880859 0.805664 0.097656 0.040039
0 0.716797 0.950195 0.076172 0.056641
