0 0.928711 0.549805 0.056641 0.084961
0 0.349609 0.092773 0.084961 0.064453
0 0.588867 0.042969 0.071289 0.082031
0 0.334961 0.507812 0.069336 0.101562
0 0.759766 0.084961 0.073242 0.066406
0 0.042969 0.589844 0.085938 0.050781
0 0.287109 0.328125 0.083984 0.070312
0 0.630859 0.133789 0.068359 0.077148
0 0.725586 0.652344 0.061523 0.078125
0 0.780273 0.182617 0.056641 0.070312
0 0.242188 0.210938 0.078125 0.067383
0 0.077148 0.272461 0.089844 0.058594
0 0.27832 0.370117 0.05957 0.066406
0 0.27832 0.091797 0.071289 0.05957
0 0.541016 0.3125 0.079102 0.0625
0 0.416992 0.213867 0.102539 0.083008
0 0.429688 0.271484 0.061523 0.101562
0 0.750977 0.351562 0.053711 0.080078
0 0.838867 0.030273 0.070312 0.056641
0 0.759766 0.869141 0.103516 0.0625
0 0.435547 0.083008 0.06543 0.049805
0 0.169922 0.217773 0.072266 0.068359
0 0.685547 0.8125 0.070312 0.050781
0 0.374023 0.043945 0.051758 0.080078
0 0.65918 0.229492 0.09082 0.05957
0 0.249023 0.253906 0.072266 0.047852
0 0.899414 0.03418 0.066406 0.048828
0 0.65332 0.860352 0.098633 0.071289
0 0.860352 0.662109 0.047852 0.066406
0 0.039062 0.324219 0.079102 0.055664
0 0.19043 0.958984 0.097656 0.056641
0 0.149414 0.019531 0.053711 0.038086
0 0.269531 0.705078 0.063477 0.063477
0 0.856445 0.202148 0.055664 0.088867
0 0.383789 0.333008 0.071289 0.050781
0 0.144531 0.555664 0.054688 0.066406
0 0.833984 0.182617 0.087891 0.126953
0 0.027344 0.966797 0.055664 0.036133
0 0.960938 0.87793 0.068359 0.081055
0 0.481445 0.94043 0.082031 0.066406
0 0.651367 0.617188 0.056641 0.038086
0 0.586914 0.972656 0.039062 0.054688
0 0.455078 0.545898 0.072266 0.056641
0 0.634766 0.654297 0.074219 0.057617
0 0.771484 0.979492 0.12793 0.040039
0 0.804688 0.426758 0.077148 0.050781
0 0.50293 0.894531 0.129883 0.052734
0 0.818359 0.50293 0.064453 0.03418
0 0.975586 0.460938 0.048828 0.058594
0 0.874023 0.591797 0.050781 0.046875
0 0.639648 0.576172 0.043945 0.046875
0 0.962891 0.710938 0.047852 0.03418
0 0.477539 0.735352 0.039062 0.035156
0 0.801758 0.952148 0.115234 0.080078
0 0.152344 0.541016 0.0625 0.044922
0 0.114258 0.776367 0.074219 0.042969
0 0.355469 0.728516 0.037109 0.040039
0 0.732715 0.950391 0.049512 0.037891
0 0.373047 0.90332 0.038086 0.042969
0 0.831055 0.291016 0.078125 0.080078
0 0.741211 0.443359 0.083008 0.06543
0 0.59082 0.012695 0.107422 0.026367
