0 0.067383 0.016602 0.075195 0.03418
0 0.035156 0.34375 0.070312 0.111328
0 0.09375 0.421875 0.107422 0.113281
0 0.200195 0.253906 0.102539 0.079102
0 0.318359 0.092773 0.069336 0.121094
0 0.416992 0.05957 0.076172 0.098633
0 0.530273 0.017578 0.076172 0.036133
0 0.619141 0.222656 0.086914 0.06543
0 0.537109 0.297852 0.088867 0.126953
0 0.376953 0.439453 0.071289 0.142578
0 0.130859 0.606445 0.209961 0.176758
0 0.158203 0.782227 0.109375 0.107422
0 0.494141 0.709961 0.075195 0.109375
0 0.648438 0.733398 0.083008 0.128906
0 0.481445 0.53125 0.082031 0.117188
0 0.532227 0.417969 0.047852 0.048828
0 0.580078 0.460938 0.107422 0.111328
0 0.863281 0.615234 0.079102 0.119141
0 0.325195 0.873047 0.05957 0.098633
0 0.898438 0.493164 0.105469 0.105469
0 0.985352 0.56543 0.029297 0.105469
0 0.980469 0.9375 0.039062 0.100586
0 0.958984 0.275391 0.081055 0.085938
0 0.884766 0.191406 0.101562 0.208008
