0 0.181641 0.459961 0.134766 0.06543
0 0.198242 0.180664 0.085938 0.061523
0 0.938477 0.553711 0.117188 0.069336
0 0.081055 0.532227 0.09375 0.0625
0 0.878906 0.43457 0.070312 0.051758
0 0.542969 0.107422 0.097656 0.110352
0 0.416016 0.273438 0.078125 0.054688
0 0.033203 0.297852 0.067383 0.033203
0 0.641602 0.798828 0.091797 0.061523
0 0.283203 0.631836 0.135742 0.045898
0 0.087891 0.886719 0.086914 0.033203
0 0.308594 0.62207 0.101562 0.054688
0 0.427734 0.762695 0.109375 0.052734
0 0.597656 0.126953 0.061523 0.061523
0 0.137695 0.210938 0.060547 0.056641
0 0.461914 0.613281 0.083984 0.036133
0 0.750977 0.146484 0.068359 0.051758
0 0.297852 0.713867 0.061523 0.070312
0 0.75 0.648438 0.123047 0.03418
0 0.183594 0.035156 0.05957 0.037109
0 0.40918 0.303711 0.071289 0.054688
0 0.454102 0.902344 0.118164 0.041992
0 0.802734 0.228516 0.039062 0.091797
0 0.054688 0.185547 0.060547 0.048828
0 0.391602 0.708984 0.116211 0.050781
0 0.53125 0.885742 0.080078 0.019531
0 0.482422 0.652344 0.066406 0.032227
0 0.839844 0.918945 0.073242 0.046875
0 0.791016 0.913086 0.053711 0.066406
0 0.048828 0.821289 0.064453 0.044922
0 0.591797 0.644531 0.079102 0.021484
0 0.169922 0.331055 0.101562 0.039062
0 0.318359 0.306641 0.080078 0.040039
0 0.072266 0.219727 0.083008 0.066406
0 0.128906 0.876953 0.064453 0.036133
0 0.255859 0.515625 0.089844 0.036133
0 0.634766 0.287109 0.114258 0.051758
0 0.854492 0.670898 0.024414 0.054688
0 0.043945 0.977539 0.086914 0.026367
0 0.100586 0.978516 0.055664 0.025391
0 0.771484 0.619141 0.03125 0.054688
0 0.639648 0.532227 0.06543 0.042969
0 0.379883 0.595703 0.057617 0.035156
0 0.086914 0.263672 0.074219 0.042969
0 0.661133 0.601562 0.067383 0.041016
0 0.210938 0.589844 0.033203 0.050781
0 0.162109 0.868164 0.049805 0.053711
0 0.039062 0.605469 0.079102 0.047852
0 0.47168 0.208008 0.043945 0.022461
0 0.158203 0.617188 0.123047 0.067383
