0 0.549805 0.041016 0.075195 0.082031
0 0.867188 0.571289 0.054688 0.084961
0 0.727539 0.418945 0.082031 0.09668
0 0.538086 0.243164 0.080078 0.087891
0 0.743164 0.910156 0.055664 0.082031
0 0.107422 0.099609 0.098633 0.102539
0 0.355469 0.429688 0.060547 0.097656
0 0.37207 0.358398 0.079102 0.074219
0 0.089844 0.81543 0.105469 0.052734
0 0.476562 0.893555 0.095703 0.104492
0 0.363281 0.494141 0.094727 0.140625
0 0.537109 0.140625 0.058594 0.069336
0 0.27832 0.546875 0.057617 0.089844
0 0.181641 0.412109 0.105469 0.140625
0 0.732422 0.216797 0.103516 0.078125
0 0.431641 0.511719 0.104492 0.084961
0 0.939453 0.214844 0.066406 0.128906
0 0.470703 0.583984 0.094727 0.121094
0 0.135742 0.304688 0.086914 0.09082
0 0.981445 0.450195 0.036133 0.130859
0 0.855469 0.737305 0.082031 0.086914
0 0.56543 0.857422 0.094727 0.083008
0 0.832031 0.935547 0.046875 0.072266
0 0.588867 0.625 0.137695 0.070312
0 0.306641 0.923828 0.107422 0.071289
0 0.913086 0.87793 0.074219 0.170898
0 0.874023 0.176758 0.085938 0.098633
0 0.652344 0.290039 0.049805 0.06543
0 0.314453 0.133789 0.134766 0.130859
0 0.742188 0.776367 0.09375 0.087891
0 0.536133 0.686523 0.078125 0.054688
0 0.324219 0.760742 0.134766 0.053711
0 0.461914 0.77832 0.075195 0.075195
0 0.384766 0.032227 0.050781 0.064453
0 0.901367 0.303711 0.150391 0.05957
0 0.412109 0.871094 0.068359 0.133789
0 0.154297 0.964844 0.078125 0.049805
0 0.646484 0.353516 0.058594 0.045898
0 0.570312 0.516602 0.057617 0.064453
0 0.688477 0.635742 0.027344 0.072266
0 0.900391 0.443359 0.0625 0.056641
0 0.046875 0.460938 0.09375 0.043945
0 0.889648 0.692383 0.100586 0.073242
0 0.80957 0.973633 0.041016 0.048828
0 0.086914 0.541016 0.097656 0.053711
0 0.914062 0.023438 0.052734 0.044922
0 0.155273 0.897461 0.200195 0.069336
0 0.939453 0.738281 0.051758 0.074219
0 0.692383 0.56543 0.082031 0.045898
0 0.132812 0.022461 0.043945 0.045898
0 0.499023 0.694336 0.069336 0.051758
0 0.068359 0.711914 0.049805 0.043945
0 0.195312 0.099609 0.121094 0.068359
0 0.133789 0.457031 0.055664 0.081055
0 0.725586 0.240234 0.09082 0.113281
0 0.506836 0.391602 0.104492 0.070312
0 0.256836 0.68457 0.035156 0.080078
0 0.581055 0.692383 0.063477 0.038086
0 0.019531 0.555664 0.039062 0.066406
0 0.635742 0.5 0.079102 0.036133
0 0.15625 0.535156 0.136719 0.236328
0 0.835938 0.392578 0.036133 0.03418
0 0.577148 0.676758 0.05957 0.02832
0 0.149414 0.658203 0.078125 0.074219
0 0.09375 0.016602 0.039062 0.03418
0 0.078125 0.280273 0.102539 0.097656
0 0.543945 0.391602 0.077148 0.057617
0 0.759766 0.317383 0.072266 0.055664
0 0.15332 0.633789 0.086914 0.053711
0 0.030273 0.25293 0.060547 0.056641
0 0.667969 0.014648 0.080078 0.029297
0 0.645508 0.022461 0.051758 0.043945
0 0.681641 0.586914 0.075195 0.064453
