0 0.368164 0.615234 0.143555 0.12207
0 0.068359 0.115234 0.124023 0.166992
0 0.15625 0.810547 0.110352 0.112305
0 0.719727 0.301758 0.129883 0.102539
0 0.288086 0.089844 0.097656 0.134766
0 0.106445 0.546875 0.145508 0.150391
0 0.141602 0.275391 0.108398 0.097656
0 0.80957 0.6875 0.179688 0.147461
0 0.818359 0.077148 0.203125 0.144531
0 0.046875 0.44043 0.094727 0.137695
0 0.146484 0.643555 0.104492 0.113281
0 0.425781 0.250977 0.123047 0.167969
0 0.109375 0.540039 0.150391 0.157227
0 0.575195 0.324219 0.078125 0.072266
0 0.265625 0.280273 0.126953 0.112305
0 0.360352 0.75293 0.077148 0.092773
0 0.957031 0.27832 0.084961 0.116211
0 0.224609 0.038086 0.089844 0.067383
0 0.448242 0.505859 0.072266 0.072266
0 0.538086 0.935547 0.077148 0.072266
0 0.958008 0.945312 0.083008 0.09668
0 0.183594 0.484375 0.100586 0.102539
