0 0.307617 0.408203 0.083008 0.102539
0 0.347656 0.503906 0.102539 0.100586
0 0.253906 0.314453 0.094727 0.074219
0 0.376953 0.072266 0.089844 0.080078
0 0.243164 0.479492 0.072266 0.109375
0 0.414062 0.573242 0.084961 0.0625
0 0.322266 0.586914 0.105469 0.075195
0 0.910156 0.827148 0.147461 0.077148
0 0.557617 0.705078 0.272461 0.112305
0 0.067383 0.104492 0.134766 0.070312
0 0.43457 0.455078 0.140625 0.077148
0 0.753906 0.15332 0.110352 0.056641
0 0.796875 0.207031 0.120117 0.095703
0 0.111328 0.226562 0.155273 0.110352
0 0.095703 0.669922 0.132812 0.102539
0 0.793945 0.668945 0.209961 0.114258
0 0.736328 0.950195 0.120117 0.067383
0 0.02832 0.520508 0.056641 0.197266
0 0.416992 0.638672 0.134766 0.084961
0 0.608398 0.40918 0.203125 0.129883
0 0.525391 0.249023 0.147461 0.075195
0 0.150391 0.581055 0.073242 0.052734
0 0.353516 0.191406 0.142578 0.069336
0 0.194336 0.679688 0.115234 0.054688
0 0.597656 0.944336 0.157227 0.080078
0 0.143555 0.483398 0.054688 0.052734
0 0.59082 0.022461 0.131836 0.045898
0 0.71582 0.511719 0.091797 0.06543
0 0.836914 0.456055 0.084961 0.089844
0 0.831055 0.37793 0.117188 0.097656
0 0.113281 0.613281 0.068359 0.046875
0 0.280273 0.905273 0.27832 0.092773
0 0.904297 0.62793 0.115234 0.083008
0 0.563477 0.793945 0.277344 0.069336
0 0.382812 0.235352 0.147461 0.067383
0 0.928711 0.392578 0.120117 0.067383
0 0.347656 0.847656 0.147461 0.192383
0 0.124023 0.835938 0.079102 0.107422
0 0.769531 0.022461 0.199219 0.044922
0 0.856445 0.082031 0.217773 0.125
0 0.24707 0.763672 0.054688 0.075195
0 0.521484 0.898438 0.145508 0.082031
0 0.154297 0.173828 0.075195 0.06543
0 0.951172 0.936523 0.097656 0.100586
0 0.960938 0.273438 0.078125 0.078125
0 0.913086 0.024414 0.123047 0.049805
0 0.286133 0.970703 0.205078 0.058594
0 0.510742 0.023438 0.115234 0.044922
0 0.944336 0.067383 0.110352 0.081055
0 0.96582 0.166016 0.068359 0.0625
0 0.983398 0.341797 0.033203 0.05957
0 0.544922 0.430664 0.137695 0.117188
0 0.973633 0.521484 0.052734 0.06543
0 0.487305 0.736328 0.150391 0.06543
0 0.912109 0.657227 0.175781 0.064453
