0 0.446289 0.052734 0.155273 0.106445
0 0.376953 0.164062 0.087891 0.048828
0 0.282227 0.204102 0.081055 0.067383
0 0.210938 0.120117 0.077148 0.044922
0 0.104492 0.160156 0.141602 0.069336
0 0.044922 0.092773 0.089844 0.044922
0 0.15918 0.249023 0.170898 0.055664
0 0.177734 0.302734 0.088867 0.06543
0 0.302734 0.321289 0.170898 0.094727
0 0.026367 0.25 0.053711 0.055664
0 0.489258 0.25 0.057617 0.068359
0 0.52832 0.275391 0.041992 0.083008
0 0.578125 0.271484 0.047852 0.086914
0 0.819336 0.151367 0.102539 0.061523
0 0.922852 0.076172 0.069336 0.146484
0 0.954102 0.301758 0.045898 0.063477
0 0.902344 0.303711 0.046875 0.058594
0 0.412109 0.488281 0.091797 0.15625
0 0.290039 0.545898 0.072266 0.079102
0 0.060547 0.62793 0.121094 0.045898
0 0.069336 0.691406 0.138672 0.077148
0 0.052734 0.799805 0.071289 0.125977
0 0.234375 0.762695 0.053711 0.081055
0 0.314453 0.777344 0.041992 0.041016
0 0.375 0.805664 0.068359 0.106445
0 0.410156 0.703125 0.155273 0.077148
0 0.532227 0.701172 0.083008 0.047852
0 0.641602 0.685547 0.082031 0.045898
0 0.713867 0.651367 0.052734 0.040039
0 0.742188 0.592773 0.068359 0.080078
0 0.722656 0.521484 0.046875 0.0625
0 0.645508 0.518555 0.051758 0.067383
0 0.875977 0.698242 0.078125 0.047852
0 0.786133 0.671875 0.083984 0.091797
0 0.702148 0.831055 0.0625 0.092773
0 0.514648 0.777344 0.069336 0.06543
0 0.572266 0.816406 0.167969 0.072266
0 0.90332 0.755859 0.088867 0.074219
0 0.899414 0.819336 0.057617 0.056641
