0 0.277344 0.046875 0.083984 0.078125
0 0.460938 0.087891 0.078125 0.109375
0 0.149414 0.22168 0.069336 0.072266
0 0.479492 0.264648 0.09082 0.069336
0 0.487305 0.381836 0.107422 0.068359
0 0.085938 0.459961 0.100586 0.083008
0 0.333984 0.538086 0.058594 0.060547
0 0.294922 0.605469 0.066406 0.076172
0 0.208008 0.665039 0.083984 0.076172
0 0.053711 0.680664 0.097656 0.066406
0 0.063477 0.755859 0.084961 0.072266
0 0.378906 0.670898 0.066406 0.079102
0 0.46875 0.68457 0.05957 0.060547
0 0.513672 0.551758 0.086914 0.067383
0 0.274414 0.842773 0.077148 0.104492
0 0.173828 0.842773 0.082031 0.071289
0 0.147461 0.966797 0.087891 0.06543
0 0.641602 0.959961 0.068359 0.079102
0 0.632812 0.904297 0.107422 0.051758
0 0.524414 0.918945 0.063477 0.060547
0 0.844727 0.922852 0.068359 0.085938
0 0.953125 0.821289 0.09375 0.063477
0 0.820312 0.808594 0.09375 0.054688
0 0.673828 0.791992 0.066406 0.064453
0 0.591797 0.748047 0.107422 0.070312
0 0.804688 0.743164 0.116211 0.057617
0 0.689453 0.683594 0.060547 0.075195
0 0.837891 0.686523 0.09668 0.056641
0 0.804688 0.570312 0.086914 0.061523
0 0.620117 0.597656 0.0625 0.06543
0 0.978516 0.575195 0.041992 0.050781
0 0.976562 0.319336 0.045898 0.086914
0 0.672852 0.148438 0.094727 0.151367
0 0.642578 0.292969 0.078125 0.084961
0 0.387695 0.786133 0.069336 0.064453
0 0.308594 0.700195 0.070312 0.06543
0 0.227539 0.30957 0.09082 0.057617
0 0.265625 0.203125 0.073242 0.077148
0 0.040039 0.530273 0.079102 0.086914
0 0.180664 0.610352 0.126953 0.069336
0 0.488281 0.035156 0.078125 0.056641
0 0.042969 0.47168 0.081055 0.063477
