0 0.65625 0.978516 0.097656 0.042969
0 0.373047 0.835938 0.079102 0.103516
0 0.451172 0.855469 0.091797 0.05957
0 0.455078 0.788086 0.107422 0.064453
0 0.55957 0.755859 0.115234 0.067383
0 0.5625 0.818359 0.092773 0.061523
0 0.631836 0.798828 0.069336 0.06543
0 0.8125 0.821289 0.111328 0.097656
0 0.910156 0.876953 0.148438 0.106445
0 0.936523 0.817383 0.110352 0.109375
0 0.719727 0.65918 0.068359 0.079102
0 0.592773 0.694336 0.082031 0.067383
0 0.313477 0.724609 0.079102 0.0625
0 0.313477 0.667969 0.178711 0.101562
0 0.131836 0.730469 0.057617 0.083984
0 0.022461 0.711914 0.045898 0.128906
0 0.03418 0.854492 0.068359 0.092773
0 0.019531 0.570312 0.040039 0.116211
0 0.09668 0.586914 0.085938 0.136719
0 0.138672 0.362305 0.240234 0.088867
0 0.045898 0.239258 0.091797 0.069336
0 0.299805 0.171875 0.095703 0.057617
0 0.251953 0.135742 0.079102 0.061523
0 0.175781 0.164062 0.049805 0.074219
0 0.211914 0.064453 0.124023 0.128906
0 0.516602 0.047852 0.106445 0.095703
0 0.420898 0.117188 0.087891 0.151367
0 0.37207 0.211914 0.081055 0.052734
0 0.496094 0.244141 0.107422 0.107422
0 0.342773 0.378906 0.072266 0.182617
0 0.40625 0.490234 0.048828 0.305664
0 0.643555 0.59668 0.09668 0.073242
0 0.587891 0.400391 0.172852 0.240234
0 0.716797 0.493164 0.107422 0.219727
0 0.84375 0.302734 0.173828 0.092773
0 0.688477 0.296875 0.140625 0.069336
0 0.876953 0.220703 0.106445 0.057617
0 0.65625 0.143555 0.201172 0.146484
0 0.918945 0.15918 0.162109 0.075195
0 0.953125 0.521484 0.045898 0.125
0 0.979492 0.5625 0.041016 0.125
0 0.975586 0.333984 0.048828 0.077148
0 0.129883 0.266602 0.084961 0.072266
0 0.213867 0.826172 0.043945 0.085938
0 0.689453 0.641602 0.123047 0.045898
0 0.797852 0.380859 0.12207 0.048828
0 0.642578 0.369141 0.055664 0.063477
