0 0.629883 0.421875 0.084961 0.131836
0 0.821289 0.050781 0.076172 0.063477
0 0.578125 0.837891 0.082031 0.100586
0 0.748047 0.96875 0.091797 0.060547
0 0.158203 0.307617 0.074219 0.072266
0 0.620117 0.957031 0.088867 0.071289
0 0.712891 0.794922 0.084961 0.113281
0 0.80957 0.442383 0.078125 0.133789
0 0.591797 0.50293 0.079102 0.079102
0 0.652344 0.238281 0.114258 0.061523
0 0.658203 0.151367 0.126953 0.100586
0 0.265625 0.035156 0.136719 0.070312
0 0.057617 0.109375 0.060547 0.091797
0 0.030273 0.178711 0.061523 0.074219
0 0.755859 0.535156 0.082031 0.150391
0 0.432617 0.838867 0.181641 0.132812
0 0.302734 0.962891 0.086914 0.074219
0 0.701172 0.895508 0.086914 0.085938
0 0.118164 0.55957 0.112305 0.099609
0 0.167969 0.396484 0.106445 0.12207
0 0.083008 0.368164 0.074219 0.133789
0 0.753906 0.044922 0.084961 0.068359
0 0.62207 0.081055 0.126953 0.111328
0 0.038086 0.953125 0.077148 0.092773
0 0.902344 0.745117 0.142578 0.111328
0 0.348633 0.129883 0.100586 0.202148
0 0.28418 0.552734 0.107422 0.205078
0 0.891602 0.770508 0.107422 0.132812
0 0.882812 0.851562 0.170898 0.140625
0 0.881836 0.916016 0.161133 0.167969
0 0.144531 0.868164 0.058594 0.09668
0 0.709961 0.408203 0.052734 0.09375
0 0.84082 0.270508 0.080078 0.158203
0 0.879883 0.265625 0.109375 0.1875
0 0.9375 0.135742 0.124023 0.073242
0 0.855469 0.133789 0.072266 0.105469
0 0.803711 0.202148 0.075195 0.075195
0 0.726562 0.337891 0.078125 0.05957
0 0.979492 0.363281 0.040039 0.069336
0 0.022461 0.102539 0.045898 0.05957
0 0.744141 0.185547 0.053711 0.063477
