0 0.854492 0.19043 0.099609 0.152344
0 0.957031 0.452148 0.085938 0.074219
0 0.762695 0.696289 0.077148 0.067383
0 0.902344 0.385742 0.144531 0.137695
0 0.089844 0.875 0.082031 0.057617
0 0.845703 0.81543 0.082031 0.0625
0 0.72168 0.890625 0.134766 0.078125
0 0.685547 0.796875 0.082031 0.057617
0 0.902344 0.513672 0.089844 0.097656
0 0.80957 0.361328 0.095703 0.06543
0 0.613281 0.881836 0.101562 0.080078
0 0.951172 0.097656 0.097656 0.064453
0 0.666992 0.070312 0.084961 0.12207
0 0.860352 0.931641 0.086914 0.055664
0 0.03125 0.973633 0.0625 0.052734
0 0.828125 0.529297 0.082031 0.099609
0 0.957031 0.765625 0.071289 0.112305
0 0.038086 0.262695 0.077148 0.092773
0 0.069336 0.050781 0.120117 0.099609
0 0.085938 0.200195 0.107422 0.102539
0 0.947266 0.563477 0.105469 0.082031
0 0.964844 0.246094 0.069336 0.078125
0 0.942383 0.067383 0.113281 0.097656
