0 0.967773 0.288086 0.064453 0.102539
0 0.673828 0.099609 0.097656 0.100586
0 0.603516 0.358398 0.116211 0.086914
0 0.662109 0.686523 0.125 0.118164
0 0.371094 0.404297 0.125 0.174805
0 0.262695 0.21875 0.146484 0.128906
0 0.163086 0.731445 0.126953 0.166016
0 0.22168 0.910156 0.147461 0.108398
0 0.334961 0.959961 0.174805 0.079102
0 0.834961 0.78418 0.106445 0.102539
0 0.935547 0.956055 0.113281 0.087891
0 0.188477 0.103516 0.081055 0.089844
0 0.083008 0.303711 0.108398 0.075195
0 0.043945 0.108398 0.087891 0.106445
0 0.490234 0.036133 0.137695 0.073242
0 0.492188 0.120117 0.077148 0.068359
0 0.873047 0.025391 0.109375 0.050781
0 0.760742 0.489258 0.117188 0.155273
0 0.597656 0.47168 0.145508 0.09375
0 0.481445 0.334961 0.087891 0.133789
0 0.09082 0.519531 0.111328 0.143555
0 0.290039 0.550781 0.087891 0.118164
0 0.450195 0.93457 0.050781 0.042969
0 0.555664 0.735352 0.050781 0.041016
0 0.695312 0.321289 0.125977 0.100586
0 0.833008 0.958008 0.087891 0.083984
