0 0.280273 0.65918 0.118164 0.089844
0 0.199219 0.751953 0.080078 0.095703
0 0.121094 0.12793 0.077148 0.067383
0 0.316406 0.771484 0.069336 0.084961
0 0.408203 0.922852 0.123047 0.0625
0 0.257812 0.970703 0.073242 0.057617
0 0.137695 0.821289 0.073242 0.075195
0 0.385742 0.671875 0.102539 0.120117
0 0.947266 0.751953 0.099609 0.064453
0 0.050781 0.717773 0.082031 0.077148
0 0.194336 0.949219 0.075195 0.070312
0 0.90332 0.116211 0.091797 0.129883
0 0.350586 0.970703 0.077148 0.057617
0 0.044922 0.796875 0.089844 0.089844
0 0.916992 0.05957 0.099609 0.074219
0 0.94043 0.137695 0.083008 0.092773
0 0.97168 0.176758 0.055664 0.070312
0 0.956055 0.424805 0.083984 0.06543
