0 0.963867 0.352539 0.071289 0.050781
0 0.354492 0.482422 0.104492 0.051758
0 0.75 0.208008 0.109375 0.061523
0 0.959961 0.202148 0.079102 0.072266
0 0.349609 0.024414 0.128906 0.041992
0 0.044922 0.605469 0.089844 0.0625
0 0.745117 0.31543 0.09375 0.043945
0 0.27832 0.325195 0.144531 0.057617
0 0.748047 0.020508 0.107422 0.041992
0 0.506836 0.099609 0.143555 0.063477
0 0.59082 0.430664 0.119531 0.050098
0 0.130859 0.27832 0.134766 0.058594
0 0.130859 0.333008 0.170898 0.052734
0 0.541016 0.947266 0.09668 0.03418
0 0.088867 0.234375 0.162109 0.045898
0 0.494141 0.384766 0.130859 0.051758
0 0.457031 0.726562 0.152344 0.039062
0 0.861328 0.265625 0.116211 0.054688
0 0.947266 0.050781 0.104492 0.040039
0 0.330078 0.430664 0.174805 0.056641
0 0.90918 0.946289 0.116211 0.037109
0 0.179688 0.120117 0.101562 0.040039
0 0.136719 0.595703 0.120117 0.045898
0 0.458008 0.760742 0.146484 0.03125
0 0.349609 0.369141 0.136719 0.047852
0 0.539062 0.637695 0.076172 0.03125
0 0.727539 0.739258 0.118164 0.042969
0 0.868164 0.016602 0.098633 0.033203
0 0.081055 0.046875 0.152344 0.047852
0 0.173828 0.196289 0.091797 0.061523
0 0.084961 0.450195 0.170898 0.042969
0 0.84375 0.798828 0.154297 0.03418
0 0.09668 0.077148 0.123047 0.051758
0 0.405273 0.939453 0.165039 0.0625
0 0.902344 0.62793 0.131836 0.075195
0 0.808594 0.173828 0.119141 0.03125
0 0.300781 0.211914 0.101562 0.057617
0 0.539062 0.899414 0.074219 0.026367
0 0.250977 0.161133 0.107422 0.033203
0 0.048828 0.28125 0.098633 0.033203
0 0.984375 0.957031 0.03125 0.03418
0 0.678711 0.626953 0.120117 0.046875
0 0.865234 0.597656 0.12793 0.045898
0 0.199219 0.379883 0.139648 0.02832
0 0.082031 0.71582 0.131836 0.038086
0 0.032227 0.149414 0.061523 0.03418
0 0.304688 0.985352 0.12793 0.02832
0 0.033203 0.359375 0.06543 0.035156
0 0.623047 0.694336 0.113281 0.030273
0 0.171875 0.827148 0.166992 0.037109
0 0.404297 0.801758 0.105469 0.029297
0 0.844727 0.756836 0.137695 0.036133
0 0.079102 0.975586 0.157227 0.047852
0 0.291992 0.680664 0.129883 0.029297
0 0.239258 0.208008 0.098633 0.041016
0 0.956055 0.710254 0.064941 0.035254
0 0.045898 0.805664 0.092773 0.043945
0 0.304688 0.754883 0.126953 0.035156
0 0.37793 0.304688 0.206055 0.075195
0 0.350586 0.655273 0.200195 0.058594
0 0.591797 0.630859 0.105469 0.033203
0 0.0625 0.198242 0.125 0.029297
0 0.94043 0.595703 0.114258 0.039062
0 0.053711 0.408203 0.097656 0.027344
0 0.151367 0.776367 0.125 0.029297
0 0.0625 0.942383 0.125977 0.039062
0 0.335938 0.919922 0.109375 0.041992
0 0.654297 0.660156 0.102539 0.033203
0 0.733398 0.62793 0.088867 0.022461
0 0.054688 0.557617 0.107422 0.061523
0 0.163086 0.410156 0.170898 0.044922
0 0.257812 0.443359 0.143555 0.068359
0 0.474609 0.408203 0.143555 0.041016
0 0.295898 0.058594 0.115234 0.057617
0 0.233398 0.585938 0.158203 0.036133
0 0.163086 0.563477 0.137695 0.038086
0 0.253906 0.34082 0.144531 0.027344
0 0.898438 0.671875 0.118164 0.041016
0 0.143555 0.756836 0.182617 0.0625
0 0.188477 0.724609 0.097656 0.035156
0 0.178711 0.041016 0.151367 0.046875
0 0.042969 0.024414 0.086914 0.049805
