0 0.827148 0.162109 0.144531 0.074219
0 0.680664 0.076172 0.107422 0.075195
0 0.806641 0.327148 0.160156 0.080078
0 0.551758 0.888672 0.104492 0.075195
0 0.707031 0.926758 0.105469 0.094727
0 0.913086 0.759766 0.171875 0.083008
0 0.59082 0.02832 0.117188 0.056641
0 0.900391 0.50293 0.198242 0.083008
0 0.75 0.618164 0.136719 0.080078
0 0.844727 0.043945 0.144531 0.06543
0 0.866211 0.697266 0.120117 0.061523
0 0.617188 0.355469 0.105469 0.072266
0 0.755859 0.495117 0.123047 0.057617
0 0.511719 0.630859 0.100586 0.082031
0 0.466797 0.110352 0.084961 0.067383
0 0.829102 0.25293 0.135742 0.047852
0 0.787109 0.28418 0.134766 0.040039
0 0.520508 0.226562 0.097656 0.055664
0 0.787109 0.079102 0.109375 0.05957
0 0.657227 0.042969 0.099609 0.047852
0 0.967773 0.570312 0.063477 0.075195
0 0.907227 0.978516 0.114258 0.042969
