0 0.423828 0.264648 0.209961 0.140625
0 0.276367 0.240234 0.100586 0.112305
0 0.385742 0.473633 0.232422 0.120117
0 0.020508 0.695312 0.041992 0.067383
0 0.19043 0.547852 0.112305 0.086914
0 0.160156 0.324219 0.077148 0.145508
0 0.360352 0.921875 0.192383 0.084961
0 0.120117 0.671875 0.086914 0.080078
0 0.959961 0.844727 0.080078 0.071289
0 0.045898 0.192383 0.091797 0.240234
0 0.25293 0.738281 0.077148 0.091797
0 0.077148 0.068359 0.095703 0.097656
0 0.124023 0.081055 0.05957 0.072266
0 0.954102 0.953125 0.080078 0.078125
0 0.300781 0.755859 0.082031 0.055664
0 0.249023 0.045898 0.079102 0.087891
0 0.800781 0.112305 0.087891 0.057617
0 0.923828 0.364258 0.0625 0.084961
