0 0.15918 0.040039 0.077148 0.066406
0 0.073242 0.079102 0.053711 0.063477
0 0.103516 0.141602 0.055664 0.056641
0 0.154297 0.180664 0.071289 0.081055
0 0.217773 0.231445 0.071289 0.083984
0 0.34082 0.260742 0.075195 0.061523
0 0.293945 0.313477 0.05957 0.087891
0 0.083008 0.458008 0.079102 0.09082
0 0.545898 0.015625 0.083984 0.03125
0 0.484375 0.045898 0.086914 0.091797
0 0.334961 0.023438 0.066406 0.043945
0 0.339844 0.133789 0.063477 0.067383
0 0.429688 0.18457 0.079102 0.068359
0 0.564453 0.133789 0.080078 0.079102
0 0.704102 0.084961 0.066406 0.070312
0 0.924805 0.022461 0.056641 0.045898
0 0.935547 0.082031 0.055664 0.048828
0 0.023438 0.538086 0.047852 0.060547
0 0.067383 0.84082 0.099609 0.0625
0 0.030273 0.625977 0.060547 0.051758
0 0.328125 0.49707 0.111328 0.100586
0 0.44043 0.452148 0.071289 0.074219
0 0.455078 0.336914 0.09375 0.063477
0 0.451172 0.253906 0.071289 0.05957
0 0.732422 0.3125 0.09375 0.072266
0 0.882812 0.154297 0.073242 0.055664
0 0.900391 0.414062 0.043945 0.054688
0 0.639648 0.666992 0.082031 0.080078
0 0.416016 0.613281 0.087891 0.073242
0 0.350586 0.584961 0.080078 0.077148
0 0.264648 0.639648 0.089844 0.070312
0 0.458008 0.522461 0.054688 0.068359
0 0.172852 0.97168 0.069336 0.055664
0 0.635742 0.922852 0.070312 0.107422
0 0.516602 0.875977 0.054688 0.053711
0 0.535156 0.804688 0.081055 0.060547
0 0.487305 0.947266 0.061523 0.051758
0 0.304688 0.807617 0.089844 0.068359
0 0.883789 0.736328 0.092773 0.063477
0 0.857422 0.794922 0.074219 0.085938
0 0.484375 0.666992 0.044922 0.05957
0 0.728516 0.77832 0.050781 0.0625
0 0.453125 0.873047 0.061523 0.045898
