0 0.227539 0.041992 0.110352 0.076172
0 0.060547 0.074219 0.074219 0.076172
0 0.087891 0.185547 0.075195 0.080078
0 0.150391 0.238281 0.072266 0.074219
0 0.060547 0.256836 0.074219 0.06543
0 0.12207 0.30957 0.063477 0.06543
0 0.03418 0.415039 0.069336 0.069336
0 0.104492 0.393555 0.085938 0.068359
0 0.273438 0.374023 0.095703 0.113281
0 0.355469 0.399414 0.074219 0.074219
0 0.28418 0.484375 0.089844 0.080078
0 0.142578 0.581055 0.086914 0.097656
0 0.210938 0.577148 0.070312 0.094727
0 0.505859 0.582031 0.086914 0.071289
0 0.445312 0.526367 0.06543 0.069336
0 0.038086 0.760742 0.077148 0.110352
0 0.007812 0.867188 0.016602 0.085938
0 0.054688 0.841797 0.075195 0.077148
0 0.165039 0.801758 0.079102 0.09375
0 0.259766 0.828125 0.089844 0.076172
0 0.329102 0.768555 0.069336 0.063477
0 0.333984 0.706055 0.083984 0.068359
0 0.446289 0.757812 0.077148 0.085938
0 0.365234 0.811523 0.092773 0.073242
0 0.335938 0.916016 0.101562 0.088867
0 0.460938 0.876953 0.080078 0.071289
0 0.541992 0.851562 0.056641 0.085938
0 0.620117 0.820312 0.103516 0.078125
0 0.578125 0.920898 0.09375 0.067383
0 0.695312 0.657227 0.068359 0.077148
0 0.719727 0.574219 0.104492 0.064453
0 0.78125 0.702148 0.094727 0.078125
0 0.875 0.728516 0.05957 0.074219
0 0.791992 0.841797 0.068359 0.095703
0 0.713867 0.942383 0.118164 0.061523
0 0.791016 0.487305 0.148438 0.072266
0 0.865234 0.541016 0.078125 0.070312
0 0.839844 0.454102 0.091797 0.041992
0 0.902344 0.416016 0.078125 0.0625
0 0.65332 0.396484 0.050781 0.054688
0 0.708008 0.401367 0.071289 0.056641
0 0.771484 0.382812 0.06543 0.054688
0 0.69043 0.34082 0.133789 0.06543
0 0.858398 0.34375 0.082031 0.072266
0 0.911133 0.266602 0.076172 0.055664
0 0.975586 0.325195 0.047852 0.081055
0 0.958984 0.90918 0.081055 0.095703
0 0.511719 0.992188 0.083008 0.014648
0 0.207031 0.977539 0.084961 0.043945
0 0.174805 0.925781 0.083008 0.060547
0 0.083984 0.94043 0.107422 0.091797
0 0.02832 0.970703 0.057617 0.058594
0 0.391602 0.026367 0.068359 0.053711
0 0.825195 0.012695 0.112305 0.025391
0 0.875 0.026367 0.091797 0.045898
0 0.93457 0.047852 0.075195 0.044922
0 0.452148 0.455078 0.042969 0.099609
0 0.533203 0.535156 0.047852 0.049805
0 0.854492 0.863281 0.097656 0.081055
0 0.620117 0.255859 0.049805 0.063477
0 0.668945 0.021484 0.050781 0.042969
0 0.62207 0.008789 0.039062 0.017578
0 0.129883 0.944336 0.067383 0.075195
0 0.048828 0.791992 0.097656 0.09375
0 0.904297 0.958984 0.080078 0.082031
0 0.788086 0.585938 0.064453 0.044922
0 0.865234 0.475586 0.102539 0.041992
0 0.53418 0.018555 0.053711 0.038086
