0 0.768555 0.452148 0.075195 0.070312
0 0.104492 0.599609 0.130859 0.063477
0 0.609375 0.191406 0.119141 0.087891
0 0.355469 0.507812 0.103516 0.0625
0 0.987305 0.379883 0.024414 0.088867
0 0.800781 0.591797 0.125 0.051758
0 0.926758 0.838867 0.099609 0.091797
0 0.478516 0.628906 0.131836 0.074219
0 0.249023 0.113281 0.142578 0.088867
0 0.068359 0.078125 0.134766 0.107422
0 0.302734 0.616211 0.099609 0.053711
0 0.791992 0.294922 0.086914 0.141602
0 0.990234 0.827148 0.019531 0.061523
0 0.852539 0.521484 0.125 0.043945
0 0.396484 0.824219 0.151367 0.077148
0 0.839844 0.939453 0.083984 0.078125
0 0.90918 0.673828 0.083984 0.050781
0 0.53418 0.609375 0.086914 0.046875
0 0.754883 0.825195 0.115234 0.049805
0 0.818359 0.708008 0.072266 0.076172
0 0.431641 0.777344 0.092773 0.06543
0 0.395508 0.186523 0.118164 0.05957
0 0.71875 0.734375 0.107422 0.056641
0 0.160156 0.874023 0.166016 0.077148
0 0.978516 0.02832 0.041992 0.055664
0 0.049805 0.449219 0.099609 0.079102
0 0.727539 0.394531 0.088867 0.029297
0 0.910156 0.360352 0.079102 0.054688
0 0.782227 0.637695 0.081055 0.045898
0 0.476562 0.304688 0.106445 0.085938
0 0.613281 0.591797 0.120117 0.100586
0 0.506836 0.222656 0.107422 0.051758
0 0.987305 0.511719 0.024414 0.064453
0 0.62793 0.511719 0.195312 0.074219
0 0.349609 0.585938 0.108398 0.044922
0 0.895508 0.742188 0.080078 0.048828
0 0.532227 0.460938 0.071289 0.035156
0 0.548828 0.580078 0.095703 0.06543
0 0.868164 0.402344 0.115234 0.100586
0 0.94043 0.979492 0.104492 0.040039
0 0.049805 0.751953 0.100586 0.080078
0 0.029297 0.78418 0.057617 0.055664
0 0.026367 0.195312 0.052734 0.047852
0 0.711914 0.219727 0.086914 0.09668
0 0.914062 0.40332 0.064453 0.106445
0 0.515625 0.054688 0.063477 0.073242
0 0.719727 0.012695 0.035156 0.026367
0 0.026367 0.506836 0.053711 0.03125
0 0.989258 0.094727 0.021484 0.053711
0 0.290039 0.547852 0.119141 0.033203
0 0.630859 0.011719 0.052734 0.022461
0 0.469727 0.885742 0.163086 0.068359
0 0.573242 0.918945 0.098633 0.048828
0 0.414062 0.015625 0.044922 0.029297
0 0.130859 0.961914 0.134766 0.066406
0 0.898438 0.758789 0.075195 0.0625
0 0.014648 0.527344 0.029297 0.043945
0 0.675781 0.106445 0.09668 0.040039
0 0.336914 0.75293 0.131836 0.043945
0 0.277344 0.755859 0.133789 0.087891
0 0.476562 0.395508 0.15332 0.105469
0 0.536133 0.407227 0.082031 0.058594
0 0.063477 0.101562 0.12793 0.076172
