0 0.09082 0.501953 0.09375 0.107422
0 0.014648 0.302734 0.030273 0.047852
0 0.084961 0.694336 0.071289 0.06543
0 0.080078 0.848633 0.070312 0.083984
0 0.007812 0.875977 0.015625 0.076172
0 0.138672 0.945312 0.061523 0.070312
0 0.228516 0.921875 0.102539 0.15625
0 0.273438 0.873047 0.066406 0.050781
0 0.387695 0.931641 0.116211 0.09082
0 0.430664 0.853516 0.116211 0.106445
0 0.296875 0.71582 0.087891 0.107422
0 0.292969 0.55957 0.163086 0.173828
0 0.415039 0.571289 0.083984 0.111328
0 0.53418 0.679688 0.119141 0.089844
0 0.639648 0.736328 0.186523 0.081055
0 0.620117 0.804688 0.167969 0.077148
0 0.806641 0.853516 0.164062 0.073242
0 0.649414 0.878906 0.124023 0.072266
0 0.697266 0.90918 0.078125 0.054688
0 0.855469 0.949219 0.064453 0.052734
0 0.447266 0.418945 0.083008 0.121094
0 0.144531 0.30957 0.09082 0.085938
0 0.21875 0.263672 0.070312 0.061523
0 0.287109 0.199219 0.088867 0.071289
0 0.333008 0.302734 0.123047 0.092773
0 0.603516 0.245117 0.110352 0.071289
0 0.75293 0.116211 0.113281 0.072266
0 0.858398 0.157227 0.098633 0.150391
0 0.951172 0.203125 0.09375 0.078125
0 0.665039 0.339844 0.072266 0.055664
0 0.615234 0.380859 0.078125 0.053711
0 0.65625 0.459961 0.055664 0.082031
0 0.714844 0.478516 0.12793 0.101562
0 0.814453 0.46875 0.070312 0.053711
0 0.795898 0.380859 0.083984 0.0625
0 0.917969 0.370117 0.114258 0.076172
0 0.945312 0.464844 0.075195 0.102539
0 0.881836 0.519531 0.086914 0.09082
0 0.541992 0.016602 0.098633 0.03418
0 0.647461 0.007812 0.071289 0.016602
0 0.885742 0.026367 0.108398 0.053711
0 0.416016 0.25 0.045898 0.054688
0 0.739258 0.280273 0.056641 0.084961
0 0.391602 0.77832 0.072266 0.085938
0 0.882812 0.898438 0.139648 0.074219
0 0.824219 0.539062 0.105469 0.087891
