0 0.060547 0.708008 0.066406 0.076172
0 0.022461 0.469727 0.045898 0.071289
0 0.43457 0.194336 0.05957 0.086914
0 0.695312 0.030273 0.072266 0.060547
0 0.760742 0.367188 0.044922 0.092773
0 0.930664 0.046875 0.054688 0.078125
0 0.898438 0.731445 0.038086 0.073242
0 0.023438 0.321289 0.047852 0.073242
0 0.029297 0.399414 0.025391 0.069336
0 0.638672 0.701172 0.079102 0.067383
0 0.140625 0.786133 0.103516 0.050781
0 0.382812 0.700195 0.064453 0.064453
0 0.632812 0.199219 0.058594 0.072266
0 0.540039 0.351562 0.054688 0.074219
0 0.728516 0.530273 0.061523 0.074219
0 0.878906 0.430664 0.045898 0.077148
0 0.407227 0.316406 0.077148 0.055664
0 0.327148 0.799805 0.061523 0.0625
0 0.587891 0.099609 0.068359 0.043945
0 0.087891 0.080078 0.0625 0.061523
0 0.016602 0.063477 0.029297 0.051758
0 0.30957 0.40918 0.114258 0.066406
0 0.929688 0.629883 0.060547 0.058594
0 0.360352 0.976562 0.078125 0.042969
0 0.336914 0.091797 0.049805 0.083984
0 0.152344 0.46582 0.069336 0.046875
0 0.149414 0.723633 0.085938 0.041992
0 0.178711 0.691406 0.089844 0.036133
0 0.53125 0.650391 0.042969 0.072266
0 0.799805 0.017578 0.050781 0.035156
0 0.250977 0.354492 0.060547 0.058594
0 0.495117 0.05957 0.058594 0.085938
0 0.46582 0.334961 0.03418 0.121094
0 0.349609 0.067383 0.09375 0.066406
0 0.483398 0.708008 0.072266 0.0625
0 0.492188 0.4375 0.064453 0.048828
0 0.121094 0.80957 0.051758 0.067383
0 0.119141 0.304688 0.046875 0.064453
0 0.458008 0.988281 0.106445 0.019531
0 0.676758 0.517578 0.042969 0.067383
0 0.885742 0.12793 0.025391 0.0625
0 0.703125 0.579102 0.029297 0.070312
0 0.224609 0.729492 0.080078 0.032227
0 0.020508 0.818359 0.041016 0.042969
0 0.255859 0.109375 0.06543 0.032227
0 0.701562 0.378906 0.030859 0.075391
0 0.126953 0.851562 0.041992 0.042969
0 0.806641 0.810547 0.043945 0.054688
0 0.144531 0.020508 0.032227 0.041016
0 0.424805 0.850586 0.088867 0.037109
0 0.011719 0.584961 0.023438 0.015625
0 0.59375 0.820312 0.071289 0.048828
0 0.891602 0.987305 0.037109 0.025391
0 0.319336 0.899414 0.042969 0.023438
0 0.338867 0.864258 0.068359 0.039062
0 0.680664 0.985352 0.046875 0.02832
0 0.262695 0.132812 0.040039 0.043945
0 0.519531 0.710938 0.02832 0.055664
0 0.030273 0.988281 0.061523 0.023438
0 0.0625 0.946289 0.029297 0.044922
0 0.677734 0.356445 0.071289 0.03125
0 0.719727 0.742188 0.051758 0.040039
0 0.825195 0.71582 0.037109 0.045898
0 0.723633 0.762695 0.030273 0.038086
0 0.412109 0.693359 0.045898 0.046875
0 0.293945 0.02832 0.057617 0.057617
0 0.324219 0.020508 0.035156 0.041992
0 0.477539 0.824219 0.042969 0.033203
0 0.495117 0.462891 0.044922 0.041992
0 0.652344 0.679688 0.032227 0.03418
