0 0.394531 0.470703 0.076172 0.097656
0 0.927734 0.511719 0.072266 0.080078
0 0.253906 0.674805 0.075195 0.084961
0 0.236328 0.194336 0.089844 0.072266
0 0.685547 0.598633 0.067383 0.070312
0 0.530273 0.167969 0.080078 0.110352
0 0.841797 0.114258 0.080078 0.09375
0 0.046875 0.697266 0.09375 0.051758
0 0.584961 0.5 0.073242 0.09082
0 0.920898 0.924805 0.100586 0.085938
0 0.736328 0.211914 0.083008 0.145508
0 0.72168 0.359375 0.104492 0.116211
0 0.844727 0.30957 0.110352 0.054688
0 0.991211 0.072266 0.016602 0.068359
0 0.504883 0.22168 0.067383 0.078125
0 0.780273 0.121094 0.071289 0.110352
0 0.770508 0.384766 0.054688 0.103516
0 0.176758 0.171875 0.078125 0.094727
0 0.483398 0.572266 0.080078 0.054688
0 0.613281 0.292969 0.124023 0.071289
0 0.408203 0.807617 0.047852 0.117188
0 0.293945 0.617188 0.09082 0.070312
0 0.579102 0.580078 0.138672 0.078125
0 0.195312 0.575195 0.089844 0.060547
0 0.810547 0.822266 0.097656 0.085938
0 0.583984 0.329102 0.129883 0.070312
0 0.928711 0.237305 0.087891 0.06543
0 0.59668 0.901367 0.095703 0.043945
0 0.128906 0.884766 0.118164 0.073242
0 0.172852 0.612305 0.110352 0.044922
0 0.850586 0.816406 0.068359 0.071289
0 0.927734 0.320312 0.045898 0.089844
0 0.291016 0.324219 0.084961 0.056641
0 0.15332 0.841797 0.120117 0.113281
0 0.876953 0.256836 0.033203 0.094727
0 0.452148 0.878906 0.12207 0.041992
0 0.422852 0.576172 0.115234 0.083984
0 0.271484 0.930664 0.089844 0.061523
0 0.072266 0.053711 0.055664 0.053711
0 0.241211 0.964844 0.102539 0.069336
0 0.875 0.020508 0.039062 0.041992
0 0.558594 0.029297 0.050781 0.058594
0 0.616211 0.78125 0.076172 0.037109
0 0.845703 0.522461 0.046875 0.079102
0 0.279297 0.024414 0.044922 0.049805
0 0.363281 0.298828 0.103516 0.149414
0 0.023438 0.632812 0.047852 0.045898
0 0.050781 0.475586 0.094727 0.089844
0 0.833008 0.470703 0.075195 0.099609
0 0.422852 0.120117 0.084961 0.105469
0 0.978516 0.741211 0.042969 0.040039
0 0.942383 0.166992 0.03125 0.098633
0 0.139648 0.040039 0.051758 0.056641
0 0.021484 0.548828 0.042969 0.068359
0 0.828125 0.954102 0.0625 0.029297
0 0.051758 0.678711 0.103516 0.083984
0 0.697266 0.908203 0.134766 0.103516
0 0.887695 0.97168 0.05957 0.050781
0 0.416992 0.97168 0.09082 0.053711
0 0.946289 0.970703 0.050781 0.051758
0 0.544922 0.02832 0.044922 0.055664
0 0.225586 0.44043 0.064453 0.142578
0 0.946289 0.232422 0.063477 0.055664
0 0.105469 0.007812 0.063477 0.015625
0 0.025391 0.204102 0.051758 0.051758
0 0.746094 0.969727 0.079102 0.05957
0 0.270508 0.849609 0.113281 0.041992
0 0.487305 0.623047 0.075195 0.074219
0 0.494141 0.859375 0.101562 0.060547
0 0.121094 0.901367 0.147461 0.083984
