0 0.013672 0.15625 0.02832 0.077148
0 0.328125 0.030273 0.169922 0.060547
0 0.310547 0.09375 0.113281 0.087891
0 0.276367 0.208008 0.091797 0.140625
0 0.182617 0.111328 0.05957 0.079102
0 0.176758 0.227539 0.086914 0.078125
0 0.407227 0.220703 0.079102 0.142578
0 0.063477 0.304688 0.083008 0.097656
0 0.201172 0.331055 0.069336 0.05957
0 0.305664 0.336914 0.067383 0.086914
0 0.376953 0.411133 0.106445 0.091797
0 0.186523 0.477539 0.086914 0.084961
0 0.051758 0.481445 0.086914 0.082031
0 0.05957 0.414062 0.071289 0.078125
0 0.155273 0.628906 0.087891 0.086914
0 0.376953 0.574219 0.063477 0.081055
0 0.374023 0.705078 0.077148 0.069336
0 0.40625 0.810547 0.072266 0.081055
0 0.545898 0.935547 0.123047 0.088867
0 0.478516 0.742188 0.080078 0.094727
0 0.504883 0.670898 0.069336 0.063477
0 0.713867 0.737305 0.109375 0.141602
0 0.655273 0.59375 0.083984 0.107422
0 0.755859 0.5625 0.125 0.111328
0 0.792969 0.65918 0.074219 0.107422
0 0.576172 0.44043 0.111328 0.09082
0 0.681641 0.382812 0.123047 0.114258
0 0.725586 0.216797 0.113281 0.091797
0 0.819336 0.098633 0.086914 0.097656
0 0.837891 0.029297 0.049805 0.058594
0 0.946289 0.081055 0.106445 0.136719
0 0.93457 0.34668 0.129883 0.101562
0 0.883789 0.453125 0.081055 0.107422
0 0.986328 0.505859 0.027344 0.083008
0 0.957031 0.647461 0.084961 0.088867
0 0.93457 0.705078 0.106445 0.138672
0 0.976562 0.948242 0.046875 0.102539
