0 0.864258 0.602539 0.110352 0.112305
0 0.595703 0.954102 0.126953 0.09082
0 0.130859 0.694336 0.117188 0.200195
0 0.21582 0.158203 0.097656 0.102539
0 0.230469 0.900391 0.227539 0.198242
0 0.604492 0.328125 0.125977 0.217773
0 0.882812 0.814453 0.118164 0.300781
0 0.575195 0.780273 0.157227 0.118164
0 0.725586 0.169922 0.102539 0.087891
0 0.399414 0.301758 0.160156 0.229492
0 0.287109 0.255859 0.109375 0.207031
0 0.323242 0.709961 0.1875 0.237305
0 0.582031 0.554688 0.105469 0.205078
0 0.726562 0.935547 0.103516 0.105469
0 0.408203 0.836914 0.100586 0.095703
