0 0.870117 0.008789 0.076172 0.018555
0 0.797852 0.030273 0.154297 0.048828
0 0.787109 0.064453 0.083008 0.049805
0 0.515625 0.068359 0.125977 0.083008
0 0.456055 0.110352 0.056641 0.079102
0 0.501953 0.155273 0.073242 0.080078
0 0.592773 0.108398 0.131836 0.113281
0 0.619141 0.181641 0.0625 0.086914
0 0.748047 0.194336 0.073242 0.081055
0 0.658203 0.21875 0.083008 0.126953
0 0.735352 0.295898 0.073242 0.095703
0 0.950195 0.216797 0.089844 0.058594
0 0.394531 0.046875 0.095703 0.05957
0 0.257812 0.135742 0.107422 0.12207
0 0.404297 0.167969 0.094727 0.058594
0 0.180664 0.014648 0.075195 0.030273
0 0.041992 0.073242 0.084961 0.051758
0 0.064453 0.014648 0.061523 0.029297
0 0.383789 0.277344 0.113281 0.073242
0 0.467773 0.303711 0.055664 0.06543
0 0.510742 0.289062 0.073242 0.098633
0 0.555664 0.363281 0.05957 0.080078
0 0.573242 0.454102 0.053711 0.116211
0 0.631836 0.446289 0.060547 0.047852
0 0.686523 0.320312 0.092773 0.053711
0 0.808594 0.333984 0.0625 0.047852
0 0.820312 0.388672 0.120117 0.069336
0 0.920898 0.34668 0.113281 0.085938
0 0.988281 0.386719 0.022461 0.057617
0 0.982422 0.427734 0.035156 0.041992
0 0.874023 0.483398 0.054688 0.081055
0 0.78418 0.566406 0.104492 0.048828
0 0.87207 0.626953 0.063477 0.120117
0 0.837891 0.758789 0.058594 0.088867
0 0.763672 0.773438 0.074219 0.117188
0 0.767578 0.856445 0.051758 0.057617
0 0.848633 0.871094 0.09082 0.052734
0 0.454102 0.509766 0.063477 0.066406
0 0.37207 0.451172 0.048828 0.05957
0 0.399414 0.34668 0.058594 0.047852
0 0.328125 0.373047 0.063477 0.119141
0 0.271484 0.376953 0.060547 0.038086
0 0.226562 0.357422 0.121094 0.049805
0 0.056641 0.564453 0.114258 0.057617
0 0.192383 0.676758 0.107422 0.112305
0 0.298828 0.680664 0.095703 0.139648
0 0.411133 0.654297 0.082031 0.071289
0 0.114258 0.794922 0.128906 0.066406
0 0.126953 0.901367 0.081055 0.072266
0 0.443359 0.926758 0.057617 0.057617
0 0.516602 0.914062 0.064453 0.060547
0 0.587891 0.914062 0.070312 0.0625
0 0.580078 0.977539 0.054688 0.043945
0 0.197266 0.974609 0.052734 0.049805
0 0.845703 0.920898 0.132812 0.055664
0 0.977539 0.978516 0.044922 0.041992
0 0.294922 0.983398 0.095703 0.033203
0 0.579102 0.289062 0.05957 0.052734
0 0.525391 0.020508 0.104492 0.041016
