0 0.025391 0.048828 0.050781 0.066406
0 0.293945 0.063477 0.129883 0.126953
0 0.209961 0.039062 0.084961 0.068359
0 0.392578 0.035156 0.079102 0.070312
0 0.548828 0.069336 0.076172 0.066406
0 0.633789 0.102539 0.061523 0.06543
0 0.595703 0.202148 0.061523 0.067383
0 0.457031 0.297852 0.089844 0.117188
0 0.300781 0.21875 0.061523 0.056641
0 0.15332 0.15918 0.154297 0.083984
0 0.198242 0.256836 0.077148 0.114258
0 0.831055 0.125 0.071289 0.086914
0 0.361328 0.352539 0.05957 0.084961
0 0.086914 0.439453 0.075195 0.09668
0 0.071289 0.272461 0.104492 0.09668
0 0.375 0.494141 0.063477 0.069336
0 0.466797 0.587891 0.074219 0.070312
0 0.515625 0.633789 0.084961 0.084961
0 0.805664 0.579102 0.05957 0.067383
0 0.84668 0.68457 0.073242 0.071289
0 0.878906 0.800781 0.092773 0.092773
0 0.604492 0.775391 0.126953 0.095703
0 0.506836 0.703125 0.064453 0.055664
0 0.282227 0.587891 0.082031 0.069336
0 0.233398 0.65332 0.074219 0.0625
0 0.339844 0.678711 0.063477 0.051758
0 0.097656 0.579102 0.081055 0.061523
0 0.015625 0.629883 0.032227 0.084961
0 0.483398 0.837891 0.081055 0.081055
0 0.364258 0.765625 0.069336 0.063477
0 0.175781 0.870117 0.09375 0.113281
0 0.035156 0.796875 0.067383 0.084961
0 0.408203 0.890625 0.056641 0.077148
0 0.136719 0.972656 0.069336 0.054688
0 0.552734 0.935547 0.088867 0.128906
0 0.981445 0.939453 0.037109 0.115234
0 0.916992 0.962891 0.066406 0.057617
0 0.958984 0.643555 0.079102 0.057617
0 0.96875 0.513672 0.061523 0.075195
0 0.941406 0.189453 0.077148 0.075195
0 0.924805 0.086914 0.056641 0.055664
0 0.369141 0.152344 0.082031 0.05957
0 0.398438 0.099609 0.078125 0.052734
0 0.203125 0.329102 0.085938 0.068359
0 0.368164 0.973633 0.074219 0.049805
