0 0.026367 0.942383 0.053711 0.077148
0 0.017578 0.652344 0.036133 0.09668
0 0.180664 0.681641 0.161133 0.067383
0 0.170898 0.741211 0.161133 0.061523
0 0.19043 0.579102 0.104492 0.116211
0 0.311523 0.564453 0.076172 0.130859
0 0.389648 0.573242 0.071289 0.098633
0 0.447266 0.639648 0.074219 0.046875
0 0.515625 0.727539 0.077148 0.054688
0 0.496094 0.794922 0.053711 0.06543
0 0.645508 0.74707 0.087891 0.079102
0 0.733398 0.729492 0.111328 0.086914
0 0.8125 0.738281 0.080078 0.049805
0 0.571289 0.543945 0.09082 0.09375
0 0.643555 0.514648 0.092773 0.120117
0 0.504883 0.509766 0.063477 0.063477
0 0.391602 0.397461 0.108398 0.073242
0 0.389648 0.304688 0.071289 0.069336
0 0.460938 0.297852 0.084961 0.057617
0 0.341797 0.057617 0.058594 0.115234
0 0.350586 0.174805 0.073242 0.058594
0 0.12207 0.140625 0.041992 0.064453
0 0.483398 0.12793 0.076172 0.072266
0 0.416992 0.06543 0.069336 0.131836
0 0.519531 0.012695 0.074219 0.026367
0 0.592773 0.025391 0.106445 0.051758
0 0.650391 0.036133 0.0625 0.073242
0 0.65918 0.112305 0.091797 0.139648
0 0.572266 0.158203 0.071289 0.068359
0 0.614258 0.217773 0.061523 0.113281
0 0.490234 0.21875 0.097656 0.069336
0 0.555664 0.276367 0.089844 0.050781
0 0.589844 0.084961 0.09668 0.061523
0 0.758789 0.12793 0.069336 0.072266
0 0.873047 0.183594 0.070312 0.061523
0 0.952148 0.121094 0.094727 0.106445
0 0.958008 0.231445 0.078125 0.083984
0 0.744141 0.455078 0.066406 0.104492
0 0.924805 0.40625 0.056641 0.075195
0 0.867188 0.476562 0.071289 0.081055
0 0.913086 0.505859 0.069336 0.080078
0 0.886719 0.563477 0.094727 0.077148
0 0.910156 0.611328 0.149414 0.069336
0 0.788086 0.568359 0.064453 0.117188
0 0.771484 0.220703 0.074219 0.060547
0 0.96875 0.981445 0.0625 0.036133
0 0.029297 0.692383 0.051758 0.045898
0 0.402344 0.250977 0.058594 0.041992
0 0.350586 0.125977 0.09082 0.069336
0 0.62793 0.296875 0.054688 0.044922
0 0.953125 0.682617 0.092773 0.070312
0 0.435547 0.68457 0.052734 0.061523
0 0.765625 0.175781 0.049805 0.045898
