0 0.15625 0.510742 0.055664 0.091797
0 0.832031 0.286133 0.057617 0.087891
0 0.249023 0.423828 0.050781 0.081055
0 0.201172 0.326172 0.080078 0.101562
0 0.007812 0.844727 0.016602 0.081055
0 0.073242 0.147461 0.068359 0.117188
0 0.797852 0.056641 0.046875 0.098633
0 0.307617 0.515625 0.052734 0.081055
0 0.614258 0.589844 0.058594 0.106445
0 0.365234 0.364258 0.050781 0.075195
0 0.03418 0.704102 0.068359 0.078125
0 0.505859 0.324219 0.047852 0.091797
0 0.731445 0.327148 0.060547 0.083984
0 0.704102 0.606445 0.053711 0.080078
0 0.256836 0.584961 0.118164 0.167969
0 0.908203 0.462891 0.063477 0.111328
0 0.43457 0.285156 0.054688 0.105469
0 0.885742 0.677734 0.054688 0.088867
0 0.712891 0.063477 0.037109 0.095703
0 0.651367 0.339844 0.06543 0.072266
0 0.098633 0.595703 0.073242 0.130859
0 0.214844 0.720703 0.047852 0.069336
0 0.637695 0.960938 0.060547 0.073242
0 0.716797 0.155273 0.043945 0.098633
0 0.352539 0.197266 0.072266 0.088867
0 0.767578 0.606445 0.049805 0.073242
0 0.686523 0.451172 0.046875 0.075195
0 0.979492 0.830078 0.037109 0.074219
0 0.303711 0.116211 0.045898 0.105469
0 0.663086 0.235352 0.047852 0.115234
0 0.407227 0.02832 0.040039 0.056641
0 0.055664 0.325195 0.081055 0.073242
0 0.144531 0.615234 0.069336 0.083008
0 0.518555 0.288086 0.043945 0.077148
0 0.527344 0.158203 0.054688 0.110352
0 0.804688 0.964844 0.057617 0.064453
0 0.666992 0.904297 0.0625 0.083984
0 0.613281 0.027344 0.041016 0.052734
0 0.4375 0.678711 0.047852 0.069336
0 0.583008 0.602539 0.061523 0.069336
0 0.195312 0.375 0.06543 0.068359
0 0.099609 0.963867 0.080078 0.050781
0 0.280273 0.619141 0.076172 0.063477
0 0.632812 0.56543 0.056641 0.083008
0 0.048828 0.240234 0.051758 0.083008
0 0.448242 0.101562 0.09082 0.0625
0 0.888672 0.873047 0.051758 0.063477
0 0.59082 0.141602 0.057617 0.118164
0 0.06543 0.631836 0.056641 0.075195
0 0.129883 0.727539 0.047852 0.071289
0 0.717773 0.352539 0.050781 0.083008
0 0.383789 0.648438 0.057617 0.067383
0 0.257812 0.980469 0.041992 0.039062
0 0.274414 0.704102 0.057617 0.069336
0 0.868164 0.029297 0.039062 0.058594
0 0.055664 0.364258 0.073242 0.09082
0 0.681641 0.029297 0.040039 0.057617
0 0.223633 0.020508 0.044922 0.041016
0 0.413086 0.594727 0.02832 0.06543
0 0.727539 0.40918 0.043945 0.073242
0 0.765625 0.205078 0.024414 0.064453
0 0.554688 0.021484 0.046875 0.043945
0 0.264648 0.019531 0.032227 0.039062
0 0.979492 0.019531 0.035156 0.039062
0 0.714844 0.03125 0.048828 0.061523
0 0.254883 0.652344 0.045898 0.070312
0 0.62793 0.379883 0.039062 0.081055
0 0.374023 0.980469 0.050781 0.039062
0 0.141602 0.017578 0.025391 0.035156
0 0.896484 0.970703 0.055664 0.053711
0 0.333008 0.736328 0.035156 0.068359
0 0.341797 0.911133 0.061523 0.039062
0 0.051758 0.961914 0.061523 0.043945
0 0.34375 0.920898 0.06543 0.036133
0 0.988281 0.322266 0.023438 0.116211
0 0.236328 0.911133 0.063477 0.06543
0 0.178711 0.848633 0.081055 0.094727
0 0.030273 0.59082 0.061523 0.054688
0 0.158203 0.014648 0.02832 0.030273
