0 0.158203 0.27832 0.089844 0.063477
0 0.063477 0.303711 0.091797 0.077148
0 0.048828 0.380859 0.098633 0.063477
0 0.15332 0.417969 0.094727 0.0625
0 0.22168 0.486328 0.094727 0.063477
0 0.342773 0.47168 0.082031 0.071289
0 0.345703 0.384766 0.05957 0.054688
0 0.349609 0.324219 0.067383 0.060547
0 0.313477 0.257812 0.05957 0.05957
0 0.391602 0.196289 0.134766 0.060547
0 0.232422 0.167969 0.063477 0.055664
0 0.260742 0.106445 0.078125 0.099609
0 0.115234 0.039062 0.071289 0.06543
0 0.076172 0.537109 0.066406 0.121094
0 0.100586 0.592773 0.149414 0.084961
0 0.457031 0.546875 0.055664 0.067383
0 0.186523 0.69043 0.092773 0.061523
0 0.146484 0.762695 0.068359 0.044922
0 0.115234 0.947266 0.088867 0.079102
0 0.219727 0.908203 0.084961 0.073242
0 0.539062 0.957031 0.104492 0.049805
0 0.825195 0.908203 0.151367 0.123047
0 0.616211 0.862305 0.166016 0.070312
0 0.445312 0.848633 0.101562 0.0625
0 0.426758 0.780273 0.06543 0.052734
0 0.5 0.774414 0.064453 0.063477
0 0.264648 0.734375 0.060547 0.048828
0 0.230469 0.783203 0.071289 0.046875
0 0.572266 0.515625 0.092773 0.056641
0 0.564453 0.662109 0.154297 0.094727
0 0.53125 0.710938 0.0625 0.042969
0 0.59668 0.754883 0.106445 0.123047
0 0.702148 0.74707 0.069336 0.088867
0 0.802734 0.699219 0.136719 0.0625
0 0.834961 0.599609 0.074219 0.052734
0 0.837891 0.556641 0.124023 0.0625
0 0.945312 0.850586 0.109375 0.104492
0 0.944336 0.429688 0.110352 0.075195
0 0.9375 0.350586 0.124023 0.077148
0 0.425781 0.380859 0.066406 0.060547
0 0.510742 0.290039 0.061523 0.061523
0 0.59375 0.287109 0.071289 0.051758
0 0.631836 0.348633 0.09668 0.076172
0 0.569336 0.360352 0.064453 0.071289
0 0.588867 0.450195 0.074219 0.064453
0 0.674805 0.40625 0.09082 0.068359
0 0.568359 0.027344 0.085938 0.054688
0 0.542969 0.111328 0.064453 0.058594
0 0.616211 0.076172 0.056641 0.056641
0 0.826172 0.045898 0.092773 0.0625
0 0.706055 0.084961 0.098633 0.069336
0 0.717773 0.139648 0.109375 0.048828
0 0.935547 0.137695 0.099609 0.052734
0 0.386719 0.255859 0.064453 0.076172
0 0.912109 0.62207 0.051758 0.060547
0 0.887695 0.092773 0.076172 0.076172
0 0.888672 0.711914 0.046875 0.042969
0 0.833008 0.765625 0.046875 0.042969
0 0.868164 0.724609 0.0625 0.043945
0 0.451172 0.474609 0.100586 0.06543
0 0.860352 0.886719 0.076172 0.045898
