0 0.024414 0.654297 0.049805 0.071289
0 0.041992 0.216797 0.084961 0.113281
0 0.328125 0.032227 0.050781 0.064453
0 0.407227 0.282227 0.071289 0.075195
0 0.414062 0.369141 0.071289 0.071289
0 0.140625 0.361328 0.072266 0.094727
0 0.303711 0.412109 0.099609 0.070312
0 0.27832 0.470703 0.072266 0.072266
0 0.193359 0.546875 0.083984 0.083008
0 0.282227 0.628906 0.050781 0.072266
0 0.365234 0.633789 0.085938 0.060547
0 0.392578 0.491211 0.053711 0.074219
0 0.423828 0.5625 0.057617 0.067383
0 0.448242 0.599609 0.073242 0.060547
0 0.12793 0.791016 0.058594 0.089844
0 0.071289 0.87207 0.061523 0.083008
0 0.207031 0.902344 0.078125 0.068359
0 0.291016 0.793945 0.082031 0.081055
0 0.077148 0.974609 0.073242 0.050781
0 0.424805 0.97168 0.083008 0.056641
0 0.608398 0.936523 0.078125 0.066406
0 0.573242 0.864258 0.048828 0.097656
0 0.726562 0.871094 0.071289 0.068359
0 0.78125 0.881836 0.05957 0.074219
0 0.757812 0.976562 0.092773 0.045898
0 0.886719 0.975586 0.066406 0.044922
0 0.891602 0.904297 0.068359 0.083008
0 0.386719 0.722656 0.05957 0.110352
0 0.506836 0.697266 0.060547 0.126953
0 0.600586 0.642578 0.12207 0.100586
0 0.59668 0.553711 0.05957 0.050781
0 0.501953 0.483398 0.063477 0.069336
0 0.576172 0.444336 0.083008 0.080078
0 0.478516 0.385742 0.074219 0.104492
0 0.53125 0.305664 0.0625 0.074219
0 0.670898 0.364258 0.116211 0.071289
0 0.682617 0.416992 0.0625 0.048828
0 0.739258 0.421875 0.05957 0.06543
0 0.824219 0.375 0.150391 0.129883
0 0.821289 0.263672 0.103516 0.088867
0 0.517578 0.174805 0.09375 0.132812
0 0.589844 0.070312 0.126953 0.078125
0 0.705078 0.09375 0.078125 0.063477
0 0.807617 0.118164 0.063477 0.060547
0 0.953125 0.1875 0.092773 0.101562
0 0.977539 0.873047 0.043945 0.048828
0 0.945312 0.46875 0.052734 0.070312
0 0.293945 0.050781 0.056641 0.06543
0 0.238281 0.021484 0.09668 0.043945
0 0.785156 0.508789 0.150391 0.046875
0 0.679688 0.603516 0.047852 0.052734
0 0.125977 0.911133 0.056641 0.057617
