0 0.15625 0.21875 0.179688 0.085938
0 0.111328 0.274414 0.125977 0.05957
0 0.053711 0.400391 0.061523 0.066406
0 0.174805 0.483398 0.141602 0.208984
0 0.330078 0.517578 0.135742 0.118164
0 0.554688 0.347656 0.126953 0.106445
0 0.746094 0.291016 0.173828 0.111328
0 0.908203 0.258789 0.128906 0.091797
0 0.22168 0.055664 0.09375 0.111328
0 0.094727 0.072266 0.066406 0.09082
0 0.044922 0.069336 0.087891 0.133789
0 0.513672 0.058594 0.118164 0.097656
0 0.931641 0.399414 0.111328 0.087891
0 0.648438 0.494141 0.116211 0.087891
0 0.785156 0.571289 0.06543 0.103516
0 0.847656 0.588867 0.067383 0.099609
0 0.96582 0.835938 0.068359 0.082031
0 0.876953 0.948242 0.067383 0.083008
0 0.743164 0.969727 0.09375 0.060547
0 0.436523 0.921875 0.102539 0.145508
0 0.586914 0.868164 0.083984 0.163086
0 0.662109 0.705078 0.079102 0.073242
0 0.389648 0.750977 0.163086 0.084961
0 0.387695 0.772461 0.053711 0.165039
0 0.227539 0.826172 0.057617 0.056641
0 0.119141 0.661133 0.091797 0.045898
0 0.022461 0.548828 0.044922 0.042969
0 0.088867 0.932617 0.103516 0.133789
0 0.927734 0.496094 0.068359 0.067383
0 0.261719 0.119141 0.073242 0.105469
