0 0.78125 0.021484 0.154297 0.042969
0 0.849609 0.082031 0.079102 0.077148
0 0.942383 0.073242 0.115234 0.068359
0 0.9375 0.419922 0.073242 0.083008
0 0.871094 0.295898 0.082031 0.097656
0 0.820312 0.198242 0.075195 0.112305
0 0.726562 0.330078 0.072266 0.084961
0 0.790039 0.433594 0.121094 0.081055
0 0.698242 0.427734 0.071289 0.074219
0 0.589844 0.523438 0.160156 0.046875
0 0.628906 0.551758 0.110352 0.054688
0 0.774414 0.632812 0.142578 0.063477
0 0.975586 0.666992 0.047852 0.047852
0 0.942383 0.560547 0.070312 0.058594
0 0.825195 0.701172 0.063477 0.076172
0 0.859375 0.77832 0.060547 0.083984
0 0.619141 0.914062 0.086914 0.105469
0 0.516602 0.711914 0.081055 0.066406
0 0.34375 0.907227 0.125977 0.075195
0 0.415039 0.972656 0.050781 0.054688
0 0.198242 0.577148 0.123047 0.112305
0 0.359375 0.410156 0.102539 0.175781
0 0.460938 0.423828 0.068359 0.088867
0 0.549805 0.311523 0.083008 0.139648
0 0.533203 0.162109 0.125 0.208008
0 0.0625 0.902344 0.116211 0.09082
0 0.274414 0.537109 0.205078 0.180664
0 0.260742 0.175781 0.108398 0.100586
0 0.3125 0.021484 0.145508 0.042969
0 0.904297 0.982422 0.175781 0.035156
