0 0.794922 0.467773 0.055664 0.092773
0 0.365234 0.52832 0.073242 0.069336
0 0.429688 0.237305 0.083984 0.089844
0 0.450195 0.814453 0.057617 0.09375
0 0.186523 0.484375 0.067383 0.083008
0 0.072266 0.553711 0.045898 0.09668
0 0.069336 0.419922 0.069336 0.102539
0 0.05957 0.275391 0.052734 0.086914
0 0.412109 0.844727 0.084961 0.081055
0 0.597656 0.855469 0.061523 0.095703
0 0.126953 0.192383 0.055664 0.078125
0 0.480469 0.039062 0.076172 0.076172
0 0.038086 0.455078 0.077148 0.069336
0 0.885742 0.373047 0.058594 0.094727
0 0.298828 0.96582 0.068359 0.054688
0 0.493164 0.114258 0.037109 0.101562
0 0.677734 0.204102 0.069336 0.083984
0 0.160156 0.563477 0.097656 0.051758
0 0.251953 0.155273 0.058594 0.080078
0 0.380859 0.743164 0.051758 0.076172
0 0.833008 0.273438 0.064453 0.070312
0 0.213867 0.194336 0.053711 0.080078
0 0.357422 0.404297 0.048828 0.083984
0 0.142578 0.135742 0.054688 0.102539
0 0.542969 0.93457 0.063477 0.094727
0 0.500977 0.831055 0.064453 0.068359
0 0.427734 0.083984 0.079102 0.131836
0 0.783203 0.263672 0.076172 0.09668
0 0.719727 0.178711 0.045898 0.112305
0 0.042969 0.15332 0.083008 0.098633
0 0.599609 0.181641 0.050781 0.143555
0 0.813477 0.154297 0.076172 0.080078
0 0.066406 0.783203 0.066406 0.055664
0 0.761719 0.298828 0.040039 0.063477
0 0.078125 0.135742 0.05957 0.130859
0 0.955078 0.555664 0.084961 0.064453
0 0.053711 0.591797 0.05957 0.042969
0 0.77832 0.613281 0.037109 0.080078
0 0.041016 0.87207 0.074219 0.047852
0 0.932617 0.793945 0.039062 0.0625
0 0.661133 0.676758 0.06543 0.047852
0 0.755859 0.107422 0.0625 0.082031
0 0.526367 0.449219 0.057617 0.079102
0 0.9375 0.166016 0.045898 0.098633
0 0.53418 0.519531 0.052734 0.072266
0 0.611328 0.790039 0.051758 0.06543
0 0.105469 0.276367 0.082031 0.0625
0 0.65625 0.429688 0.055664 0.113281
0 0.829102 0.033203 0.02832 0.06543
0 0.861328 0.610352 0.02832 0.086914
0 0.210938 0.907227 0.053711 0.032227
0 0.670898 0.574219 0.053711 0.051758
0 0.973633 0.904297 0.047852 0.060547
0 0.530273 0.485352 0.071289 0.048828
0 0.37793 0.036133 0.053711 0.068359
0 0.022461 0.256836 0.044922 0.066406
0 0.72168 0.561523 0.055664 0.061523
0 0.472656 0.56543 0.035156 0.068359
0 0.500977 0.71582 0.101562 0.095703
0 0.138672 0.697266 0.081055 0.06543
0 0.641602 0.331055 0.040039 0.038086
0 0.451172 0.694336 0.066406 0.087891
0 0.880859 0.552734 0.044922 0.057617
0 0.103516 0.764648 0.056641 0.023438
0 0.588867 0.44043 0.099609 0.064453
0 0.616211 0.984375 0.032227 0.03125
0 0.108398 0.293945 0.075195 0.058594
0 0.495117 0.668945 0.038086 0.081055
0 0.875 0.616211 0.020508 0.078125
0 0.457031 0.635742 0.045898 0.041992
0 0.869141 0.612305 0.02832 0.084961
