0 0.97168 0.375977 0.055664 0.097656
0 0.772461 0.514648 0.086914 0.125977
0 0.717773 0.647461 0.070312 0.111328
0 0.543945 0.960938 0.084961 0.078125
0 0.928711 0.734375 0.068359 0.086914
0 0.115234 0.844727 0.09668 0.099609
0 0.862305 0.93457 0.080078 0.079102
0 0.839844 0.132812 0.070312 0.108398
0 0.634766 0.467773 0.070312 0.083008
0 0.167969 0.145508 0.092773 0.142578
0 0.621094 0.983398 0.048828 0.033203
0 0.191406 0.436523 0.067383 0.105469
0 0.775391 0.8125 0.051758 0.070312
0 0.975586 0.118164 0.047852 0.067383
0 0.195312 0.729492 0.083008 0.080078
0 0.258789 0.170898 0.084961 0.108398
0 0.744141 0.327148 0.049805 0.109375
0 0.831055 0.222656 0.079102 0.080078
0 0.058594 0.709961 0.104492 0.169922
0 0.667969 0.873047 0.077148 0.072266
0 0.03418 0.25 0.06543 0.125
0 0.037109 0.396484 0.070312 0.084961
