0 0.412109 0.97168 0.160156 0.055664
0 0.291992 0.070312 0.109375 0.09668
0 0.039062 0.054688 0.079102 0.105469
0 0.489258 0.439453 0.165039 0.150391
0 0.913086 0.850586 0.172852 0.117188
0 0.564453 0.638672 0.291992 0.144531
0 0.547852 0.344727 0.19043 0.102539
0 0.669922 0.946289 0.155273 0.107422
0 0.289062 0.858398 0.328125 0.109375
0 0.095703 0.620117 0.192383 0.131836
0 0.709961 0.333008 0.157227 0.112305
0 0.855469 0.260742 0.137695 0.171875
0 0.505859 0.03418 0.1875 0.06543
0 0.56543 0.25 0.102539 0.084961
0 0.084961 0.092773 0.092773 0.182617
0 0.212891 0.707031 0.19043 0.104492
0 0.675781 0.511719 0.197266 0.099609
0 0.956055 0.197266 0.086914 0.113281
0 0.915039 0.959961 0.168945 0.079102
