0 0.556641 0.503906 0.155273 0.084961
0 0.585938 0.288086 0.082031 0.137695
0 0.21582 0.28418 0.158203 0.089844
0 0.295898 0.086914 0.142578 0.105469
0 0.71582 0.225586 0.126953 0.072266
0 0.977539 0.536133 0.044922 0.066406
0 0.635742 0.056641 0.113281 0.114258
0 0.323242 0.34082 0.078125 0.083008
0 0.442383 0.359375 0.134766 0.115234
0 0.474609 0.614258 0.095703 0.129883
0 0.40625 0.182617 0.120117 0.057617
0 0.350586 0.552734 0.080078 0.072266
0 0.592773 0.420898 0.086914 0.107422
0 0.505859 0.710938 0.087891 0.078125
0 0.178711 0.094727 0.075195 0.099609
0 0.480469 0.160156 0.083008 0.057617
0 0.944336 0.023438 0.110352 0.046875
0 0.616211 0.15332 0.075195 0.0625
0 0.835938 0.704102 0.171875 0.084961
0 0.661133 0.737305 0.148438 0.09082
0 0.185547 0.713867 0.162109 0.18457
0 0.71582 0.827148 0.167969 0.095703
0 0.401367 0.498047 0.075195 0.097656
0 0.470703 0.858398 0.248047 0.132812
0 0.083984 0.649414 0.06543 0.105469
0 0.949219 0.073242 0.06543 0.0625
0 0.727539 0.693359 0.147461 0.087891
0 0.208008 0.365234 0.060547 0.0625
0 0.823242 0.929688 0.132812 0.140625
0 0.611328 0.630859 0.075195 0.087891
0 0.104492 0.939453 0.080078 0.120117
0 0.472656 0.959961 0.256836 0.080078
0 0.041016 0.087891 0.083008 0.142578
0 0.021484 0.525391 0.043945 0.095703
0 0.910156 0.033203 0.057617 0.067383
0 0.609375 0.293945 0.049805 0.084961
0 0.583984 0.662109 0.094727 0.064453
0 0.702148 0.800781 0.154297 0.042969
