0 0.825195 0.522461 0.054688 0.083984
0 0.983398 0.797852 0.032227 0.077148
0 0.943359 0.474609 0.069336 0.06543
0 0.990234 0.53418 0.019531 0.102539
0 0.268555 0.382812 0.083008 0.053711
0 0.385742 0.1875 0.100586 0.111328
0 0.674805 0.59082 0.097656 0.039062
0 0.120117 0.830078 0.092773 0.06543
0 0.09668 0.196289 0.080078 0.045898
0 0.770508 0.666016 0.029297 0.077148
0 0.478516 0.417969 0.118164 0.09375
0 0.220703 0.087891 0.117188 0.041992
0 0.987305 0.598633 0.025391 0.061523
0 0.458984 0.668945 0.108398 0.041992
0 0.908203 0.84375 0.09375 0.043945
0 0.168945 0.507812 0.117188 0.054688
0 0.036133 0.126953 0.068359 0.060547
0 0.969727 0.077148 0.060547 0.102539
0 0.787109 0.521484 0.061523 0.064453
0 0.918945 0.984375 0.056641 0.030273
0 0.275391 0.0625 0.073242 0.054688
0 0.810547 0.859375 0.036133 0.061523
0 0.737305 0.543945 0.069336 0.041016
0 0.103516 0.496094 0.035156 0.098633
0 0.939453 0.010742 0.064453 0.022461
0 0.344727 0.480469 0.094727 0.068359
0 0.167969 0.773438 0.113281 0.043945
0 0.874023 0.358398 0.064453 0.03418
0 0.517578 0.857422 0.048828 0.083984
0 0.101562 0.561523 0.104492 0.035156
0 0.802734 0.734375 0.069336 0.072266
0 0.90332 0.296875 0.064453 0.060547
0 0.030273 0.552734 0.060547 0.044922
0 0.441406 0.634766 0.110352 0.032227
0 0.108398 0.599609 0.109375 0.041016
0 0.397461 0.079102 0.095703 0.050781
0 0.944336 0.660156 0.099609 0.05957
0 0.75293 0.731445 0.058594 0.029297
0 0.027344 0.216797 0.055664 0.040039
0 0.083008 0.919922 0.068359 0.021484
0 0.242188 0.838867 0.087891 0.057617
0 0.673828 0.972656 0.118164 0.037109
0 0.28125 0.274414 0.098633 0.037109
0 0.818359 0.265625 0.107422 0.039062
0 0.699219 0.917969 0.104492 0.038086
0 0.689453 0.860352 0.055664 0.060547
0 0.746094 0.878906 0.050781 0.045898
0 0.976562 0.467773 0.046875 0.036133
0 0.294922 0.560547 0.108398 0.040039
0 0.22168 0.71875 0.121094 0.03125
0 0.772461 0.631836 0.076172 0.063477
0 0.844727 0.978516 0.05957 0.038086
0 0.041016 0.432617 0.083008 0.053711
0 0.353516 0.692383 0.071289 0.033203
0 0.022461 0.014648 0.045898 0.02832
0 0.204102 0.993164 0.084961 0.013672
0 0.532227 0.704102 0.054688 0.055664
0 0.989258 0.273438 0.020508 0.043945
0 0.920898 0.032227 0.049805 0.027344
0 0.085938 0.0625 0.073242 0.014648
0 0.730469 0.015625 0.042969 0.03125
0 0.489258 0.361328 0.152344 0.039062
0 0.956055 0.40625 0.086914 0.095703
0 0.411133 0.973633 0.135742 0.036133
0 0.129883 0.694336 0.115234 0.043945
0 0.685156 0.700488 0.055371 0.037891
0 0.174805 0.055664 0.054688 0.023438
0 0.671875 0.019531 0.05957 0.039062
0 0.273438 0.90625 0.121094 0.044922
0 0.989258 0.422852 0.021484 0.0625
0 0.442383 0.374023 0.073242 0.061523
0 0.541992 0.983398 0.051758 0.02832
0 0.734375 0.050781 0.135742 0.039062
0 0.614258 0.475586 0.102539 0.041992
0 0.755859 0.852539 0.046875 0.03418
0 0.637695 0.697266 0.060547 0.03418
0 0.171875 0.896484 0.116211 0.06543
0 0.017578 0.611328 0.035156 0.047852
0 0.370117 0.080078 0.047852 0.067383
