0 0.331055 0.053711 0.125977 0.108398
0 0.429688 0.080078 0.116211 0.09668
0 0.549805 0.095703 0.111328 0.048828
0 0.766602 0.144531 0.110352 0.05957
0 0.891602 0.113281 0.09668 0.0625
0 0.983398 0.109375 0.032227 0.064453
0 0.186523 0.099609 0.100586 0.143555
0 0.067383 0.123047 0.135742 0.064453
0 0.217773 0.394531 0.09375 0.119141
0 0.286133 0.447266 0.097656 0.082031
0 0.454102 0.388672 0.166016 0.064453
0 0.550781 0.265625 0.126953 0.056641
0 0.655273 0.231445 0.041992 0.080078
0 0.635742 0.317383 0.058594 0.054688
0 0.626953 0.429688 0.061523 0.061523
0 0.93457 0.401367 0.130859 0.134766
0 0.762695 0.236328 0.154297 0.088867
0 0.878906 0.212891 0.101562 0.066406
0 0.980469 0.520508 0.038086 0.099609
0 0.379883 0.485352 0.068359 0.087891
0 0.576172 0.535156 0.051758 0.071289
0 0.732422 0.538086 0.128906 0.040039
0 0.732422 0.577148 0.160156 0.053711
0 0.859375 0.696289 0.180664 0.081055
0 0.782227 0.866211 0.056641 0.123047
0 0.560547 0.837891 0.121094 0.086914
0 0.427734 0.707031 0.069336 0.06543
0 0.337891 0.746094 0.051758 0.072266
0 0.333984 0.592773 0.101562 0.095703
0 0.195312 0.544922 0.050781 0.089844
0 0.026367 0.460938 0.052734 0.083008
0 0.063477 0.875977 0.12793 0.057617
0 0.25293 0.81543 0.12793 0.0625
0 0.297852 0.863281 0.123047 0.056641
0 0.217773 0.977539 0.067383 0.044922
0 0.566406 0.65332 0.130859 0.072266
0 0.892578 0.936523 0.080078 0.058594
0 0.039062 0.231445 0.079102 0.038086
