0 0.459961 0.508789 0.069336 0.087891
0 0.143555 0.28418 0.087891 0.078125
0 0.417969 0.214844 0.044922 0.069336
0 0.21582 0.166992 0.086914 0.046875
0 0.335938 0.275391 0.033203 0.072266
0 0.306641 0.875 0.070312 0.112305
0 0.585938 0.142578 0.089844 0.098633
0 0.050781 0.049805 0.053711 0.068359
0 0.510742 0.793945 0.054688 0.077148
0 0.77832 0.429688 0.088867 0.077148
0 0.429688 0.873047 0.091797 0.09375
0 0.642578 0.516602 0.02832 0.066406
0 0.716797 0.170898 0.082031 0.041992
0 0.130859 0.648438 0.115234 0.032227
0 0.387695 0.425781 0.074219 0.157227
0 0.018555 0.537109 0.037109 0.072266
0 0.101562 0.026367 0.0625 0.038086
0 0.880859 0.818359 0.071289 0.095703
0 0.34375 0.443359 0.053711 0.076172
0 0.834961 0.717773 0.039062 0.083984
0 0.865234 0.173828 0.040039 0.072266
0 0.180664 0.450195 0.06543 0.067383
0 0.514648 0.555664 0.128906 0.051758
0 0.178711 0.549805 0.135742 0.068359
0 0.163086 0.834961 0.050781 0.061523
0 0.544922 0.044922 0.056641 0.067383
0 0.551758 0.207031 0.09375 0.040039
0 0.712891 0.451172 0.03125 0.066406
0 0.553711 0.524414 0.076172 0.041992
0 0.412109 0.339844 0.084961 0.044922
0 0.782227 0.648438 0.052734 0.025391
0 0.239258 0.25 0.047852 0.036133
0 0.063477 0.666992 0.03125 0.099609
0 0.74707 0.291992 0.054688 0.048828
0 0.817383 0.203125 0.092773 0.045898
0 0.205078 0.012695 0.035156 0.026367
0 0.025391 0.599609 0.051758 0.049805
0 0.242188 0.135742 0.050781 0.072266
0 0.496094 0.614258 0.052734 0.037109
0 0.820312 0.759766 0.055664 0.035156
0 0.356445 0.966797 0.077148 0.03125
0 0.819336 0.985352 0.073242 0.029297
0 0.049805 0.835938 0.046875 0.040039
0 0.328125 0.805664 0.064453 0.050781
0 0.243164 0.836914 0.063477 0.042969
0 0.672852 0.896484 0.092773 0.055664
0 0.160156 0.975586 0.079102 0.038086
0 0.241211 0.889648 0.02832 0.054688
0 0.362305 0.866211 0.094727 0.030273
0 0.452148 0.142578 0.098633 0.046875
0 0.660156 0.839844 0.075195 0.039062
0 0.96582 0.84375 0.054688 0.057617
0 0.782227 0.943359 0.051758 0.040039
0 0.857422 0.493164 0.098633 0.0625
0 0.609375 0.641602 0.03125 0.053711
0 0.917969 0.798828 0.058594 0.054688
0 0.417969 0.287109 0.075195 0.047852
0 0.333984 0.407227 0.114258 0.084961
0 0.782227 0.530273 0.067383 0.035156
0 0.698242 0.316406 0.102539 0.046875
0 0.948242 0.481445 0.082031 0.061523
0 0.554688 0.923828 0.061523 0.038086
0 0.856445 0.891602 0.053711 0.021484
0 0.472656 0.806641 0.030273 0.054688
0 0.790039 0.248047 0.0625 0.054688
0 0.459961 0.663086 0.06543 0.047852
0 0.949219 0.063477 0.073242 0.09082
0 0.755859 0.845703 0.051758 0.049805
0 0.988281 0.942383 0.023438 0.092773
0 0.879883 0.926758 0.036133 0.03125
0 0.991211 0.674805 0.017578 0.051758
