0 0.123047 0.849609 0.060547 0.084961
0 0.967773 0.486328 0.05957 0.103516
0 0.320312 0.820312 0.047852 0.083008
0 0.163086 0.273438 0.0625 0.102539
0 0.958984 0.064453 0.071289 0.083008
0 0.207031 0.208984 0.068359 0.085938
0 0.347656 0.961914 0.073242 0.054688
0 0.076172 0.089844 0.09375 0.12207
0 0.542969 0.139648 0.070312 0.06543
0 0.025391 0.195312 0.051758 0.106445
0 0.619141 0.860352 0.063477 0.078125
0 0.318359 0.304688 0.073242 0.085938
0 0.080078 0.445312 0.070312 0.070312
0 0.445312 0.475586 0.060547 0.085938
0 0.094727 0.380859 0.0625 0.058594
0 0.035156 0.918945 0.041992 0.068359
0 0.314453 0.475586 0.041992 0.072266
0 0.012695 0.073242 0.026367 0.068359
0 0.033203 0.022461 0.066406 0.045898
0 0.725586 0.550781 0.027344 0.068359
0 0.379883 0.584961 0.049805 0.075195
0 0.322266 0.256836 0.087891 0.051758
0 0.287109 0.081055 0.054688 0.06543
0 0.410156 0.90625 0.05957 0.060547
0 0.492188 0.373047 0.105469 0.036133
0 0.570312 0.804688 0.071289 0.069336
0 0.867188 0.517578 0.047852 0.061523
0 0.445312 0.025391 0.051758 0.051758
0 0.066406 0.547852 0.05957 0.087891
0 0.728516 0.436523 0.049805 0.111328
0 0.898438 0.023438 0.045898 0.044922
0 0.178711 0.743164 0.069336 0.029297
0 0.1875 0.429688 0.06543 0.032227
0 0.107422 0.567383 0.06543 0.058594
0 0.225586 0.119141 0.039062 0.047852
0 0.080078 0.791992 0.0625 0.043945
0 0.744141 0.625 0.074219 0.043945
0 0.025391 0.553711 0.051758 0.047852
0 0.686523 0.344727 0.0625 0.052734
0 0.804688 0.297852 0.023438 0.063477
0 0.323242 0.655273 0.055664 0.050781
0 0.248047 0.582031 0.094727 0.06543
0 0.983398 0.936523 0.025391 0.074219
0 0.039062 0.975586 0.048828 0.043945
0 0.490234 0.894531 0.043945 0.049805
0 0.633789 0.293945 0.041016 0.053711
0 0.837891 0.413086 0.055664 0.038086
0 0.678711 0.992188 0.056641 0.015625
0 0.356445 0.866211 0.026367 0.067383
0 0.458984 0.480469 0.070312 0.092773
0 0.105469 0.553711 0.068359 0.055664
0 0.375 0.697266 0.070312 0.017578
0 0.336914 0.615234 0.023438 0.063477
0 0.011719 0.985352 0.024414 0.025391
0 0.56543 0.067383 0.036133 0.051758
0 0.905273 0.59668 0.030273 0.072266
0 0.983398 0.328125 0.029297 0.048828
0 0.387695 0.026367 0.044922 0.050781
0 0.03418 0.180664 0.038086 0.042969
0 0.366211 0.648438 0.030273 0.083008
0 0.989258 0.551758 0.021484 0.074219
0 0.756836 0.013672 0.042969 0.026367
0 0.084961 0.694336 0.079102 0.045898
0 0.320312 0.569336 0.055664 0.040039
0 0.75293 0.194336 0.085938 0.072266
0 0.678711 0.851562 0.032227 0.066406
0 0.714844 0.921875 0.058594 0.044922
0 0.402344 0.981445 0.063477 0.029297
0 0.012695 0.714844 0.026367 0.036133
