0 0.953125 0.5625 0.064453 0.147461
0 0.794922 0.976562 0.094727 0.045898
0 0.806641 0.638672 0.051758 0.06543
0 0.886719 0.040039 0.097656 0.080078
0 0.367188 0.060547 0.070312 0.121094
0 0.333008 0.394531 0.09082 0.091797
0 0.979492 0.165039 0.040039 0.088867
0 0.324219 0.474609 0.100586 0.075195
0 0.847656 0.542969 0.130859 0.09375
0 0.0625 0.959961 0.094727 0.079102
0 0.558594 0.462891 0.112305 0.079102
0 0.921875 0.879883 0.089844 0.063477
0 0.041016 0.168945 0.082031 0.147461
0 0.37793 0.920898 0.100586 0.133789
0 0.271484 0.079102 0.167969 0.118164
0 0.049805 0.288086 0.100586 0.097656
0 0.551758 0.06543 0.117188 0.100586
0 0.950195 0.837891 0.098633 0.088867
0 0.289062 0.746094 0.075195 0.073242
0 0.070312 0.678711 0.055664 0.086914
0 0.083008 0.59375 0.083984 0.06543
0 0.134766 0.751953 0.088867 0.05957
0 0.204102 0.738281 0.064453 0.054688
