0 0.041992 0.041992 0.073242 0.083984
0 0.056641 0.145508 0.061523 0.078125
0 0.123047 0.089844 0.057617 0.099609
0 0.166992 0.104492 0.044922 0.0625
0 0.204102 0.083984 0.050781 0.09082
0 0.259766 0.075195 0.069336 0.097656
0 0.65625 0.085938 0.138672 0.069336
0 0.515625 0.116211 0.061523 0.067383
0 0.020508 0.338867 0.041992 0.073242
0 0.021484 0.415039 0.042969 0.101562
0 0.107422 0.238281 0.094727 0.053711
0 0.174805 0.212891 0.069336 0.082031
0 0.290039 0.1875 0.056641 0.083008
0 0.243164 0.170898 0.050781 0.064453
0 0.22168 0.282227 0.049805 0.0625
0 0.251953 0.30957 0.054688 0.071289
0 0.296875 0.280273 0.061523 0.045898
0 0.405273 0.273438 0.15332 0.120117
0 0.358398 0.349609 0.063477 0.057617
0 0.40625 0.18457 0.053711 0.049805
0 0.443359 0.158203 0.051758 0.060547
0 0.484375 0.179688 0.037109 0.061523
0 0.460938 0.211914 0.100586 0.060547
0 0.55957 0.216797 0.061523 0.060547
0 0.620117 0.211914 0.064453 0.113281
0 0.635742 0.24707 0.09668 0.071289
0 0.022461 0.801758 0.045898 0.075195
0 0.03125 0.699219 0.057617 0.054688
0 0.219727 0.630859 0.053711 0.079102
0 0.245117 0.657227 0.050781 0.046875
0 0.25293 0.442383 0.077148 0.09082
0 0.365234 0.662109 0.075195 0.053711
0 0.4375 0.670898 0.074219 0.067383
0 0.583008 0.68457 0.057617 0.070312
0 0.444336 0.907227 0.066406 0.088867
0 0.249023 0.75 0.119141 0.048828
0 0.180664 0.835938 0.047852 0.054688
0 0.350586 0.813477 0.068359 0.057617
0 0.501953 0.798828 0.070312 0.085938
0 0.53125 0.738281 0.073242 0.133789
0 0.666992 0.792969 0.094727 0.056641
0 0.651367 0.857422 0.149414 0.079102
0 0.679688 0.896484 0.100586 0.163086
0 0.52832 0.895508 0.075195 0.076172
0 0.552734 0.858398 0.070312 0.071289
0 0.880859 0.791992 0.063477 0.061523
0 0.87793 0.713867 0.102539 0.057617
0 0.917969 0.742188 0.099609 0.054688
0 0.707031 0.691406 0.085938 0.070312
0 0.62793 0.657227 0.044922 0.083984
0 0.65625 0.604492 0.083008 0.052734
0 0.842773 0.638672 0.101562 0.071289
0 0.789062 0.652344 0.054688 0.052734
0 0.976562 0.655273 0.046875 0.05957
0 0.730469 0.431641 0.082031 0.089844
0 0.78418 0.495117 0.102539 0.138672
0 0.589844 0.417969 0.107422 0.068359
0 0.496094 0.370117 0.073242 0.048828
0 0.864258 0.334961 0.087891 0.050781
0 0.862305 0.297852 0.049805 0.048828
0 0.972656 0.301758 0.054688 0.049805
0 0.93457 0.198242 0.061523 0.084961
0 0.025391 0.874023 0.050781 0.111328
0 0.81543 0.994141 0.043945 0.011719
0 0.743164 0.651367 0.060547 0.053711
0 0.571289 0.292969 0.035156 0.037109
