0 0.314453 0.928711 0.069336 0.142578
0 0.173828 0.894531 0.069336 0.078125
0 0.165039 0.969727 0.046875 0.05957
0 0.008789 0.672852 0.018555 0.05957
0 0.015625 0.741211 0.032227 0.144531
0 0.09375 0.707031 0.130859 0.088867
0 0.129883 0.632812 0.06543 0.071289
0 0.316406 0.5625 0.120117 0.219727
0 0.222656 0.717773 0.06543 0.050781
0 0.292969 0.711914 0.069336 0.060547
0 0.378906 0.712891 0.075195 0.077148
0 0.277344 0.78125 0.06543 0.073242
0 0.344727 0.789062 0.077148 0.066406
0 0.226562 0.768555 0.046875 0.06543
0 0.554688 0.679688 0.101562 0.081055
0 0.599609 0.820312 0.150391 0.137695
0 0.713867 0.705078 0.061523 0.069336
0 0.791992 0.68457 0.076172 0.09082
0 0.714844 0.80957 0.053711 0.083008
0 0.795898 0.80957 0.115234 0.102539
0 0.668945 0.964844 0.080078 0.069336
0 0.605469 0.956055 0.063477 0.086914
0 0.536133 0.969727 0.068359 0.05957
0 0.922852 0.845703 0.05957 0.154297
0 0.914062 0.898438 0.088867 0.202148
0 0.911133 0.725586 0.163086 0.084961
0 0.897461 0.496094 0.188477 0.102539
0 0.896484 0.588867 0.148438 0.140625
0 0.136719 0.246094 0.071289 0.107422
0 0.108398 0.257812 0.041016 0.071289
0 0.18457 0.213867 0.079102 0.085938
0 0.241211 0.200195 0.112305 0.102539
0 0.300781 0.289062 0.089844 0.128906
0 0.519531 0.34668 0.094727 0.089844
0 0.578125 0.264648 0.100586 0.06543
0 0.59375 0.145508 0.103516 0.146484
0 0.698242 0.125977 0.114258 0.069336
0 0.806641 0.169922 0.279297 0.183594
0 0.771484 0.241211 0.063477 0.084961
0 0.71875 0.290039 0.052734 0.063477
0 0.890625 0.271484 0.067383 0.121094
0 0.963867 0.362305 0.071289 0.113281
0 0.960938 0.220703 0.077148 0.060547
0 0.956055 0.272461 0.048828 0.076172
0 0.958008 0.151367 0.083008 0.092773
0 0.125 0.337891 0.087891 0.05957
0 0.880859 0.200195 0.070312 0.06543
