0 0.417969 0.277344 0.088867 0.107422
0 0.87793 0.484375 0.102539 0.094727
0 0.249023 0.761719 0.084961 0.110352
0 0.692383 0.524414 0.089844 0.144531
0 0.871094 0.832031 0.107422 0.089844
0 0.766602 0.371094 0.094727 0.142578
0 0.674805 0.332031 0.070312 0.115234
0 0.34668 0.425781 0.075195 0.078125
0 0.749023 0.654297 0.075195 0.06543
0 0.714844 0.183594 0.0625 0.147461
0 0.205078 0.644531 0.077148 0.060547
0 0.574219 0.881836 0.06543 0.094727
0 0.538086 0.418945 0.0625 0.094727
0 0.479492 0.092773 0.060547 0.073242
0 0.969727 0.030273 0.060547 0.057617
0 0.063477 0.041992 0.072266 0.080078
0 0.037109 0.31543 0.070312 0.107422
0 0.032227 0.482422 0.064453 0.057617
0 0.84082 0.313477 0.046875 0.097656
