0 0.710938 0.771484 0.061523 0.081055
0 0.578125 0.05957 0.073242 0.080078
0 0.253906 0.568359 0.072266 0.088867
0 0.150391 0.266602 0.075195 0.097656
0 0.777344 0.070312 0.054688 0.101562
0 0.395508 0.232422 0.082031 0.105469
0 0.779297 0.619141 0.080078 0.113281
0 0.360352 0.52832 0.070312 0.078125
0 0.547852 0.332031 0.067383 0.060547
0 0.871094 0.119141 0.076172 0.121094
0 0.886719 0.948242 0.06543 0.061523
0 0.386719 0.616211 0.060547 0.064453
0 0.350586 0.272461 0.177734 0.070312
0 0.944336 0.099609 0.041992 0.092773
0 0.038086 0.204102 0.072266 0.107422
0 0.738281 0.291992 0.101562 0.089844
0 0.365234 0.970703 0.073242 0.048828
0 0.111328 0.458984 0.110352 0.088867
0 0.011719 0.62793 0.023438 0.05957
0 0.722656 0.59375 0.060547 0.076172
0 0.573242 0.172852 0.058594 0.080078
0 0.039062 0.794922 0.078125 0.041016
0 0.804688 0.692383 0.06543 0.045898
0 0.277344 0.685547 0.110352 0.051758
0 0.5 0.419922 0.086914 0.069336
0 0.041992 0.149414 0.073242 0.091797
0 0.053711 0.552734 0.107422 0.09375
0 0.605469 0.223633 0.029297 0.075195
0 0.09082 0.709961 0.09082 0.047852
0 0.226562 0.139648 0.076172 0.064453
0 0.199219 0.580078 0.076172 0.073242
0 0.496094 0.483398 0.079102 0.068359
0 0.242188 0.03125 0.049805 0.0625
0 0.162109 0.679688 0.041992 0.079102
0 0.525391 0.148438 0.022461 0.076172
0 0.895508 0.616211 0.058594 0.054688
0 0.935547 0.719727 0.029297 0.064453
0 0.792969 0.969727 0.057617 0.032227
0 0.458984 0.671875 0.060547 0.043945
0 0.59082 0.87793 0.045898 0.15332
0 0.357422 0.804688 0.027344 0.050781
0 0.700195 0.416016 0.044922 0.057617
0 0.357422 0.771484 0.061523 0.022461
0 0.632812 0.085938 0.043945 0.06543
0 0.713867 0.111328 0.113281 0.054688
0 0.636719 0.558594 0.058594 0.043945
0 0.889648 0.112305 0.047852 0.078125
0 0.839844 0.362305 0.133789 0.063477
0 0.012695 0.466797 0.026367 0.046875
0 0.804688 0.745117 0.080078 0.057617
0 0.428711 0.069336 0.046875 0.054688
0 0.873047 0.984375 0.035156 0.030273
0 0.109375 0.074219 0.088867 0.050781
0 0.413086 0.728516 0.145508 0.056641
0 0.074219 0.046875 0.02832 0.077148
0 0.436523 0.015625 0.029297 0.03125
0 0.546875 0.919922 0.066406 0.050781
0 0.84082 0.612305 0.03125 0.055664
0 0.415039 0.735352 0.078125 0.108398
0 0.972656 0.756836 0.032227 0.084961
