0 0.025391 0.018555 0.050781 0.038086
0 0.089844 0.166992 0.066406 0.076172
0 0.171875 0.049805 0.054688 0.068359
0 0.274414 0.084961 0.049805 0.070312
0 0.535156 0.104492 0.083008 0.058594
0 0.306641 0.138672 0.054688 0.051758
0 0.351562 0.123047 0.056641 0.058594
0 0.524414 0.15918 0.085938 0.051758
0 0.518555 0.241211 0.091797 0.079102
0 0.697266 0.104492 0.108398 0.0625
0 0.669922 0.151367 0.077148 0.077148
0 0.875977 0.238281 0.076172 0.081055
0 0.921875 0.176758 0.101562 0.086914
0 0.336914 0.523438 0.112305 0.080078
0 0.478516 0.500977 0.068359 0.081055
0 0.648438 0.610352 0.069336 0.086914
0 0.732422 0.621094 0.068359 0.083984
0 0.835938 0.708984 0.094727 0.070312
0 0.930664 0.720703 0.075195 0.071289
0 0.954102 0.851562 0.066406 0.097656
0 0.53418 0.740234 0.077148 0.103516
0 0.410156 0.775391 0.071289 0.087891
0 0.388672 0.629883 0.085938 0.069336
0 0.783203 0.34668 0.071289 0.088867
0 0.719727 0.228516 0.060547 0.044922
0 0.938477 0.969727 0.056641 0.05957
0 0.595703 0.293945 0.048828 0.0625
0 0.927734 0.512695 0.043945 0.063477
0 0.878906 0.515625 0.042969 0.047852
0 0.567383 0.583984 0.040039 0.074219
0 0.574219 0.500977 0.058594 0.03418
0 0.455078 0.705078 0.073242 0.042969
0 0.373047 0.051758 0.041992 0.041992
0 0.858398 0.108398 0.041016 0.041016
0 0.720703 0.805664 0.0625 0.056641
