0 0.199219 0.283203 0.102539 0.053711
0 0.192383 0.503906 0.097656 0.083984
0 0.345703 0.253906 0.082031 0.089844
0 0.442383 0.285156 0.079102 0.064453
0 0.581055 0.214844 0.097656 0.106445
0 0.782227 0.226562 0.110352 0.160156
0 0.899414 0.119141 0.083008 0.132812
0 0.951172 0.259766 0.09668 0.112305
0 0.959961 0.352539 0.079102 0.049805
0 0.833008 0.439453 0.119141 0.165039
0 0.963867 0.475586 0.072266 0.067383
0 0.982422 0.861328 0.035156 0.244141
0 0.65918 0.414062 0.135742 0.060547
0 0.597656 0.396484 0.172852 0.124023
0 0.396484 0.139648 0.071289 0.094727
0 0.356445 0.051758 0.165039 0.104492
0 0.238281 0.1875 0.106445 0.115234
0 0.066406 0.341797 0.05957 0.055664
0 0.054688 0.274414 0.072266 0.05957
0 0.087891 0.144531 0.175781 0.12207
0 0.092773 0.044922 0.185547 0.089844
0 0.042969 0.484375 0.085938 0.056641
0 0.333008 0.729492 0.147461 0.078125
0 0.508789 0.857422 0.103516 0.054688
0 0.230469 0.863281 0.083984 0.083984
0 0.755859 0.869141 0.135742 0.0625
0 0.094727 0.641602 0.189453 0.102539
0 0.459961 0.966797 0.115234 0.06543
0 0.844727 0.785156 0.049805 0.035156
0 0.587891 0.710938 0.054688 0.043945
0 0.74707 0.34668 0.042969 0.039062
0 0.0625 0.951172 0.125977 0.086914
0 0.154297 0.424805 0.070312 0.050781
