0 0.505859 0.052734 0.091797 0.105469
0 0.379883 0.069336 0.067383 0.048828
0 0.355469 0.104492 0.057617 0.089844
0 0.492188 0.219727 0.067383 0.074219
0 0.578125 0.266602 0.089844 0.071289
0 0.830078 0.345703 0.083008 0.083984
0 0.394531 0.295898 0.063477 0.070312
0 0.4375 0.37207 0.075195 0.069336
0 0.194336 0.244141 0.099609 0.131836
0 0.102539 0.225586 0.058594 0.071289
0 0.223633 0.425781 0.072266 0.071289
0 0.325195 0.463867 0.06543 0.071289
0 0.536133 0.536133 0.083984 0.078125
0 0.442383 0.5 0.098633 0.06543
0 0.90918 0.466797 0.072266 0.053711
0 0.189453 0.645508 0.128906 0.112305
0 0.383789 0.700195 0.087891 0.0625
0 0.676758 0.600586 0.054688 0.051758
0 0.759766 0.668945 0.05957 0.055664
0 0.698242 0.660156 0.058594 0.036133
0 0.662109 0.719727 0.069336 0.0625
0 0.921875 0.645508 0.117188 0.102539
0 0.842773 0.751953 0.057617 0.040039
0 0.985352 0.760742 0.02832 0.145508
0 0.78125 0.832031 0.067383 0.064453
0 0.601562 0.810547 0.083008 0.128906
0 0.329102 0.866211 0.064453 0.063477
0 0.136719 0.84375 0.087891 0.092773
0 0.099609 0.935547 0.083984 0.082031
0 0.675781 0.969727 0.071289 0.05957
0 0.75293 0.935547 0.086914 0.064453
0 0.617188 0.917969 0.09082 0.061523
0 0.904297 0.97168 0.074219 0.055664
0 0.987305 0.949219 0.024414 0.075195
0 0.946289 0.87793 0.067383 0.05957
0 0.049805 0.013672 0.039062 0.02832
0 0.746094 0.601562 0.042969 0.041016
