0 0.375977 0.09082 0.057617 0.107422
0 0.385742 0.274414 0.061523 0.081055
0 0.145508 0.484375 0.061523 0.078125
0 0.256836 0.298828 0.06543 0.100586
0 0.027344 0.375977 0.044922 0.097656
0 0.723633 0.679688 0.056641 0.086914
0 0.669922 0.672852 0.084961 0.089844
0 0.010742 0.259766 0.022461 0.100586
0 0.510742 0.419922 0.048828 0.081055
0 0.648438 0.767578 0.050781 0.085938
0 0.693359 0.056641 0.047852 0.107422
0 0.192383 0.318359 0.047852 0.101562
0 0.962891 0.419922 0.041992 0.091797
0 0.763672 0.428711 0.060547 0.092773
0 0.566406 0.947266 0.054688 0.083008
0 0.571289 0.671875 0.055664 0.079102
0 0.241211 0.720703 0.05957 0.077148
0 0.145508 0.884766 0.077148 0.072266
0 0.902344 0.619141 0.055664 0.084961
0 0.695312 0.289062 0.125 0.116211
0 0.764648 0.832031 0.044922 0.073242
0 0.311523 0.28418 0.074219 0.083984
0 0.056641 0.290039 0.069336 0.072266
0 0.916016 0.947266 0.060547 0.101562
0 0.724609 0.165039 0.042969 0.074219
0 0.145508 0.666992 0.035156 0.068359
0 0.413086 0.689453 0.038086 0.082031
0 0.464844 0.615234 0.043945 0.063477
0 0.946289 0.442383 0.037109 0.081055
0 0.560547 0.15918 0.037109 0.069336
0 0.467773 0.72168 0.045898 0.067383
0 0.050781 0.749023 0.068359 0.052734
0 0.790039 0.683594 0.051758 0.123047
0 0.954102 0.05957 0.030273 0.081055
0 0.461914 0.475586 0.072266 0.058594
0 0.587891 0.454102 0.041016 0.058594
0 0.795898 0.072266 0.029297 0.097656
0 0.638672 0.362305 0.051758 0.058594
0 0.580078 0.037109 0.024414 0.074219
0 0.911133 0.49707 0.025391 0.05957
0 0.654297 0.170898 0.041992 0.060547
0 0.139648 0.84082 0.043945 0.069336
0 0.967773 0.68457 0.050781 0.044922
0 0.053711 0.77832 0.054688 0.052734
0 0.303711 0.414062 0.044922 0.066406
0 0.039062 0.52832 0.048828 0.070312
0 0.469727 0.84668 0.063477 0.066406
0 0.609375 0.022461 0.046875 0.043945
0 0.397461 0.762695 0.042969 0.069336
0 0.279297 0.022461 0.050781 0.044922
0 0.537109 0.751953 0.043945 0.057617
0 0.164062 0.020508 0.041016 0.041016
0 0.351562 0.795898 0.037109 0.061523
0 0.106445 0.742188 0.038086 0.052734
0 0.583008 0.59668 0.030273 0.073242
0 0.380859 0.020508 0.042969 0.041016
0 0.417969 0.80957 0.040039 0.056641
0 0.516602 0.727539 0.033203 0.066406
0 0.259766 0.587891 0.083008 0.041992
0 0.28125 0.729492 0.041016 0.041016
0 0.853516 0.736328 0.040039 0.0625
0 0.27832 0.875 0.037109 0.041992
0 0.334961 0.426758 0.039062 0.066406
0 0.842773 0.883789 0.033203 0.050781
0 0.181641 0.556641 0.041992 0.066406
0 0.667969 0.945312 0.040039 0.036133
0 0.036133 0.486328 0.025391 0.050781
0 0.384766 0.805664 0.042969 0.070312
