0 0.768555 0.333984 0.066406 0.087891
0 0.763672 0.914062 0.086914 0.111328
0 0.867188 0.053711 0.045898 0.077148
0 0.246094 0.636719 0.072266 0.074219
0 0.198242 0.175781 0.09668 0.124023
0 0.472656 0.688477 0.069336 0.070312
0 0.47168 0.5625 0.072266 0.083984
0 0.325195 0.539062 0.037109 0.098633
0 0.460938 0.605469 0.088867 0.063477
0 0.620117 0.588867 0.056641 0.080078
0 0.828125 0.53125 0.041016 0.083984
0 0.545898 0.036133 0.035156 0.070312
0 0.53125 0.307617 0.105469 0.101562
0 0.375 0.639648 0.070312 0.06543
0 0.416992 0.327148 0.092773 0.053711
0 0.643555 0.663086 0.081055 0.0625
0 0.558594 0.235352 0.051758 0.072266
0 0.743164 0.185547 0.091797 0.097656
0 0.861328 0.149414 0.032227 0.094727
0 0.172852 0.722656 0.102539 0.039062
0 0.720703 0.233398 0.101562 0.084961
0 0.114258 0.672852 0.060547 0.058594
0 0.691406 0.666992 0.069336 0.047852
0 0.174805 0.313477 0.076172 0.053711
0 0.599609 0.743164 0.03125 0.066406
0 0.020508 0.617188 0.041016 0.050781
0 0.286133 0.094727 0.058594 0.054688
0 0.386719 0.568359 0.09082 0.098633
0 0.75 0.548828 0.06543 0.038086
0 0.014648 0.566406 0.030273 0.080078
0 0.770508 0.018555 0.050781 0.036133
0 0.831055 0.641602 0.076172 0.048828
0 0.113281 0.026367 0.046875 0.052734
0 0.457031 0.748047 0.067383 0.055664
0 0.874023 0.043945 0.036133 0.081055
0 0.356445 0.664062 0.054688 0.047852
0 0.897461 0.697266 0.099609 0.069336
0 0.37793 0.737305 0.061523 0.025391
0 0.616211 0.685547 0.053711 0.045898
0 0.963867 0.025391 0.033203 0.051758
0 0.751953 0.663086 0.036133 0.054688
0 0.532227 0.948242 0.045898 0.048828
0 0.177734 0.868164 0.061523 0.027344
0 0.985352 0.943359 0.02832 0.052734
0 0.387695 0.787109 0.052734 0.018555
0 0.116211 0.90332 0.074219 0.043945
0 0.831055 0.671875 0.032227 0.06543
0 0.882812 0.649414 0.041016 0.0625
0 0.111328 0.323242 0.055664 0.026367
0 0.651367 0.975586 0.037109 0.037109
0 0.977539 0.911133 0.044922 0.021484
0 0.25293 0.980469 0.071289 0.039062
