0 0.084961 0.688477 0.131836 0.051758
0 0.139648 0.756836 0.140625 0.060547
0 0.135742 0.950195 0.126953 0.067383
0 0.851562 0.640625 0.120117 0.067383
0 0.276367 0.285156 0.219727 0.058594
0 0.12207 0.8125 0.095703 0.047852
0 0.033203 0.848633 0.067383 0.087891
0 0.083984 0.063477 0.115234 0.0625
0 0.016602 0.041992 0.03418 0.084961
0 0.048828 0.048828 0.091797 0.097656
0 0.143555 0.855469 0.084961 0.054688
0 0.959961 0.824219 0.080078 0.049805
0 0.943359 0.742188 0.107422 0.054688
0 0.65918 0.636719 0.06543 0.054688
