0 0.793945 0.703125 0.129883 0.078125
0 0.195312 0.365234 0.092773 0.077148
0 0.258789 0.095703 0.102539 0.094727
0 0.946289 0.605469 0.106445 0.077148
0 0.503906 0.891602 0.094727 0.075195
0 0.047852 0.188477 0.086914 0.107422
0 0.320312 0.854492 0.112305 0.141602
0 0.87207 0.543945 0.119141 0.094727
0 0.435547 0.166016 0.077148 0.082031
0 0.370117 0.672852 0.092773 0.083008
0 0.320312 0.371094 0.092773 0.072266
0 0.861328 0.863281 0.165039 0.148438
0 0.855469 0.083984 0.112305 0.075195
0 0.585938 0.016602 0.123047 0.03418
0 0.319336 0.298828 0.099609 0.075195
0 0.862305 0.321289 0.160156 0.084961
0 0.366211 0.541992 0.075195 0.074219
0 0.03125 0.613281 0.0625 0.101562
0 0.393555 0.764648 0.087891 0.080078
0 0.765625 0.173828 0.092773 0.06543
0 0.712891 0.365234 0.12793 0.073242
0 0.480469 0.767578 0.087891 0.075195
0 0.042969 0.886719 0.086914 0.070312
0 0.733398 0.619141 0.142578 0.069336
0 0.657227 0.146484 0.105469 0.075195
0 0.680664 0.256836 0.203125 0.084961
0 0.681641 0.552734 0.145508 0.06543
0 0.595703 0.857422 0.089844 0.102539
0 0.623047 0.726562 0.12793 0.075195
0 0.930664 0.416992 0.102539 0.054688
0 0.539062 0.235352 0.120117 0.073242
0 0.365234 0.256836 0.091797 0.079102
0 0.771484 0.069336 0.110352 0.064453
0 0.707031 0.898438 0.140625 0.097656
0 0.423828 0.848633 0.084961 0.0625
0 0.699219 0.416992 0.125 0.070312
0 0.506836 0.84082 0.073242 0.054688
0 0.81543 0.953125 0.177734 0.091797
0 0.954102 0.691406 0.09082 0.075195
0 0.467773 0.386719 0.073242 0.070312
0 0.943359 0.970703 0.111328 0.057617
0 0.553711 0.178711 0.09375 0.054688
0 0.97168 0.219727 0.056641 0.049805
0 0.963867 0.170898 0.071289 0.047852
0 0.953125 0.119141 0.086914 0.042969
