0 0.141602 0.099609 0.051758 0.079102
0 0.230469 0.107422 0.068359 0.082031
0 0.224609 0.181641 0.066406 0.105469
0 0.292969 0.155273 0.051758 0.124023
0 0.292969 0.276367 0.079102 0.078125
0 0.250977 0.236328 0.06543 0.050781
0 0.026367 0.732422 0.052734 0.061523
0 0.15332 0.706055 0.064453 0.088867
0 0.198242 0.743164 0.064453 0.130859
0 0.101562 0.583984 0.128906 0.061523
0 0.055664 0.514648 0.069336 0.086914
0 0.274414 0.517578 0.12207 0.105469
0 0.289062 0.78125 0.109375 0.12793
0 0.351562 0.773438 0.042969 0.05957
0 0.519531 0.745117 0.076172 0.078125
0 0.467773 0.666016 0.072266 0.089844
0 0.524414 0.660156 0.083008 0.116211
0 0.367188 0.597656 0.094727 0.089844
0 0.320312 0.614258 0.052734 0.063477
0 0.447266 0.558594 0.160156 0.089844
0 0.44043 0.474609 0.09375 0.06543
0 0.650391 0.585938 0.049805 0.057617
0 0.791016 0.69043 0.066406 0.070312
0 0.720703 0.817383 0.106445 0.075195
0 0.851562 0.680664 0.068359 0.082031
0 0.857422 0.583984 0.094727 0.091797
0 0.866211 0.459961 0.119141 0.142578
0 0.69043 0.358398 0.076172 0.063477
0 0.749023 0.3125 0.055664 0.06543
0 0.836914 0.317383 0.072266 0.082031
0 0.605469 0.300781 0.055664 0.060547
0 0.484375 0.262695 0.071289 0.068359
0 0.417969 0.21875 0.048828 0.052734
0 0.460938 0.19043 0.0625 0.049805
0 0.387695 0.113281 0.080078 0.064453
0 0.674805 0.124023 0.0625 0.068359
0 0.707031 0.199219 0.068359 0.083008
0 0.736328 0.1875 0.063477 0.05957
0 0.799805 0.113281 0.158203 0.070312
0 0.911133 0.128906 0.087891 0.092773
0 0.886719 0.056641 0.068359 0.073242
0 0.736328 0.049805 0.070312 0.09082
0 0.783203 0.072266 0.042969 0.042969
0 0.985352 0.24707 0.02832 0.129883
0 0.947266 0.641602 0.104492 0.131836
0 0.961914 0.735352 0.075195 0.083008
0 0.984375 0.786133 0.03125 0.098633
0 0.871094 0.197266 0.049805 0.056641
