0 0.87207 0.813477 0.125 0.077148
0 0.038086 0.852539 0.077148 0.081055
0 0.414062 0.519531 0.104492 0.135742
0 0.763672 0.647461 0.134766 0.087891
0 0.624023 0.397461 0.097656 0.115234
0 0.27832 0.385742 0.167969 0.163086
0 0.513672 0.148438 0.120117 0.142578
0 0.504883 0.943359 0.147461 0.113281
0 0.936523 0.72168 0.126953 0.070312
0 0.469727 0.253906 0.115234 0.124023
0 0.051758 0.324219 0.103516 0.134766
0 0.341797 0.80957 0.139648 0.179688
0 0.308594 0.722656 0.117188 0.083008
0 0.672852 0.537109 0.12207 0.125
0 0.15625 0.224609 0.120117 0.134766
0 0.076172 0.056641 0.152344 0.110352
0 0.636719 0.788086 0.165039 0.117188
0 0.527344 0.818359 0.102539 0.082031
0 0.59375 0.863281 0.070312 0.086914
0 0.155273 0.177734 0.09668 0.102539
0 0.554688 0.042969 0.109375 0.083008
0 0.973633 0.554688 0.051758 0.080078
