0 0.030273 0.618164 0.061523 0.069336
0 0.125 0.688477 0.075195 0.050781
0 0.107422 0.583008 0.056641 0.072266
0 0.053711 0.493164 0.083984 0.083984
0 0.143555 0.516602 0.068359 0.058594
0 0.223633 0.547852 0.077148 0.050781
0 0.335938 0.530273 0.094727 0.054688
0 0.251953 0.642578 0.084961 0.061523
0 0.208984 0.755859 0.099609 0.0625
0 0.089844 0.839844 0.109375 0.092773
0 0.082031 0.922852 0.047852 0.060547
0 0.129883 0.90918 0.070312 0.061523
0 0.172852 0.967773 0.068359 0.0625
0 0.257812 0.856445 0.09668 0.067383
0 0.345703 0.976562 0.133789 0.046875
0 0.353516 0.848633 0.079102 0.060547
0 0.436523 0.841797 0.097656 0.066406
0 0.484375 0.857422 0.073242 0.056641
0 0.488281 0.913086 0.100586 0.053711
0 0.412109 0.90918 0.051758 0.055664
0 0.341797 0.921875 0.066406 0.057617
0 0.610352 0.814453 0.063477 0.053711
0 0.65625 0.889648 0.086914 0.094727
0 0.483398 0.626953 0.082031 0.095703
0 0.547852 0.533203 0.076172 0.083984
0 0.575195 0.725586 0.088867 0.05957
0 0.786133 0.709961 0.082031 0.076172
0 0.9375 0.738281 0.116211 0.120117
0 0.712891 0.788086 0.091797 0.056641
0 0.867188 0.879883 0.174805 0.083008
0 0.867188 0.916992 0.168945 0.106445
0 0.554688 0.926758 0.043945 0.040039
0 0.642578 0.958008 0.066406 0.046875
0 0.422852 0.445312 0.099609 0.072266
0 0.362305 0.395508 0.088867 0.055664
0 0.117188 0.354492 0.072266 0.0625
0 0.053711 0.175781 0.042969 0.080078
0 0.017578 0.226562 0.035156 0.066406
0 0.107422 0.238281 0.055664 0.0625
0 0.063477 0.03125 0.070312 0.0625
0 0.294922 0.026367 0.072266 0.053711
0 0.148438 0.100586 0.075195 0.080078
0 0.172852 0.139648 0.077148 0.045898
0 0.233398 0.085938 0.058594 0.051758
0 0.27832 0.121094 0.089844 0.069336
0 0.110352 0.019531 0.067383 0.040039
0 0.392578 0.050781 0.124023 0.101562
0 0.530273 0.030273 0.070312 0.061523
0 0.861328 0.017578 0.12793 0.036133
0 0.678711 0.030273 0.081055 0.060547
0 0.555664 0.123047 0.055664 0.063477
0 0.523438 0.211914 0.052734 0.123047
0 0.416016 0.292969 0.146484 0.075195
0 0.338867 0.175781 0.051758 0.054688
0 0.390625 0.172852 0.09082 0.078125
0 0.318359 0.243164 0.137695 0.080078
0 0.208008 0.319336 0.086914 0.091797
0 0.274414 0.326172 0.049805 0.061523
0 0.616211 0.349609 0.081055 0.049805
0 0.612305 0.425781 0.05957 0.049805
0 0.641602 0.486328 0.116211 0.060547
0 0.757812 0.495117 0.067383 0.067383
0 0.693359 0.536133 0.085938 0.043945
0 0.720703 0.583984 0.099609 0.083984
0 0.93457 0.495117 0.113281 0.057617
0 0.873047 0.364258 0.068359 0.064453
0 0.779297 0.395508 0.058594 0.069336
0 0.693359 0.357422 0.069336 0.09082
0 0.905273 0.382812 0.106445 0.103516
0 0.929688 0.426758 0.139648 0.079102
0 0.646484 0.25 0.055664 0.068359
0 0.639648 0.174805 0.15625 0.064453
0 0.710938 0.225586 0.095703 0.066406
0 0.729492 0.25293 0.051758 0.054688
0 0.838867 0.25293 0.110352 0.076172
0 0.775391 0.242188 0.060547 0.060547
0 0.915039 0.267578 0.051758 0.067383
0 0.8125 0.326172 0.100586 0.074219
0 0.96875 0.258789 0.055664 0.080078
0 0.977539 0.189453 0.043945 0.074219
0 0.839844 0.161133 0.106445 0.0625
0 0.915039 0.176758 0.063477 0.060547
0 0.935547 0.061523 0.12793 0.053711
0 0.067383 0.963867 0.078125 0.072266
0 0.1875 0.297852 0.057617 0.048828
0 0.1875 0.360352 0.069336 0.036133
0 0.164062 0.474609 0.039062 0.049805
0 0.05957 0.458008 0.089844 0.085938
0 0.837891 0.061523 0.05957 0.052734
