0 0.774414 0.606445 0.129883 0.145508
0 0.904297 0.599609 0.099609 0.105469
0 0.667969 0.055664 0.091797 0.107422
0 0.660156 0.49707 0.075195 0.123047
0 0.691406 0.962891 0.175781 0.073242
0 0.807617 0.970703 0.112305 0.057617
0 0.862305 0.748047 0.125 0.087891
0 0.761719 0.140625 0.125977 0.0625
0 0.789062 0.790039 0.079102 0.12793
0 0.833008 0.814453 0.147461 0.070312
0 0.928711 0.932617 0.141602 0.06543
0 0.962891 0.527344 0.074219 0.0625
0 0.953125 0.482422 0.09375 0.125
0 0.572266 0.489258 0.070312 0.05957
0 0.933594 0.320312 0.132812 0.112305
0 0.802734 0.058594 0.148438 0.116211
0 0.970703 0.047852 0.057617 0.092773
0 0.959961 0.666016 0.079102 0.102539
