0 0.591797 0.160156 0.105469 0.118164
0 0.414062 0.788086 0.100586 0.067383
0 0.458984 0.412109 0.084961 0.115234
0 0.361328 0.27832 0.094727 0.142578
0 0.543945 0.845703 0.155273 0.091797
0 0.457031 0.618164 0.086914 0.106445
0 0.836914 0.357422 0.095703 0.089844
0 0.452148 0.089844 0.115234 0.160156
0 0.259766 0.791992 0.089844 0.064453
0 0.397461 0.40332 0.102539 0.091797
0 0.037109 0.114258 0.074219 0.160156
0 0.550781 0.293945 0.132812 0.149414
0 0.919922 0.456055 0.128906 0.107422
0 0.195312 0.362305 0.107422 0.134766
0 0.301758 0.129883 0.071289 0.078125
0 0.371094 0.671875 0.078125 0.09375
0 0.432617 0.300781 0.067383 0.087891
0 0.320312 0.395508 0.051758 0.067383
0 0.464844 0.842773 0.102539 0.077148
0 0.555664 0.050781 0.087891 0.097656
0 0.914062 0.084961 0.100586 0.068359
0 0.103516 0.049805 0.09082 0.099609
0 0.967773 0.850586 0.063477 0.108398
0 0.981445 0.705078 0.037109 0.077148
