0 0.056641 0.078125 0.077148 0.15625
0 0.194336 0.070312 0.140625 0.112305
0 0.368164 0.03125 0.158203 0.063477
0 0.582031 0.044922 0.161133 0.073242
0 0.834961 0.085938 0.097656 0.130859
0 0.958984 0.033203 0.068359 0.067383
0 0.518555 0.297852 0.166016 0.071289
0 0.260742 0.228516 0.061523 0.054688
0 0.114258 0.345703 0.069336 0.070312
0 0.03418 0.379883 0.068359 0.165039
0 0.594727 0.196289 0.205078 0.121094
0 0.774414 0.219727 0.138672 0.068359
0 0.762695 0.389648 0.081055 0.104492
0 0.533203 0.459961 0.09375 0.109375
0 0.321289 0.579102 0.128906 0.171875
0 0.298828 0.736328 0.086914 0.154297
0 0.087891 0.841797 0.063477 0.091797
0 0.036133 0.810547 0.064453 0.09668
0 0.178711 0.931641 0.067383 0.101562
0 0.237305 0.875977 0.069336 0.173828
0 0.460938 0.962891 0.077148 0.064453
0 0.523438 0.958984 0.086914 0.076172
0 0.611328 0.938477 0.085938 0.123047
0 0.40918 0.805664 0.126953 0.094727
0 0.629883 0.777344 0.149414 0.101562
0 0.776367 0.806641 0.181641 0.077148
0 0.731445 0.569336 0.078125 0.05957
0 0.856445 0.365234 0.085938 0.083008
0 0.928711 0.956055 0.09082 0.074219
0 0.017578 0.946289 0.035156 0.107422
0 0.194336 0.413086 0.094727 0.12793
0 0.245117 0.369141 0.092773 0.081055
0 0.025391 0.21582 0.051758 0.055664
0 0.371094 0.945312 0.084961 0.108398
