0 0.391602 0.074219 0.078125 0.080078
0 0.567383 0.150391 0.072266 0.067383
0 0.515625 0.486328 0.097656 0.074219
0 0.227539 0.40625 0.130859 0.092773
0 0.806641 0.126953 0.076172 0.082031
0 0.632812 0.94043 0.098633 0.09082
0 0.052734 0.537109 0.105469 0.077148
0 0.134766 0.260742 0.070312 0.051758
0 0.703125 0.144531 0.032227 0.083984
0 0.816406 0.796875 0.083008 0.048828
0 0.530273 0.185547 0.071289 0.047852
0 0.956055 0.916016 0.072266 0.063477
0 0.420898 0.585938 0.079102 0.044922
0 0.635742 0.337891 0.064453 0.0625
0 0.558594 0.948242 0.069336 0.075195
0 0.396484 0.425781 0.076172 0.054688
0 0.501953 0.25 0.058594 0.036133
0 0.149414 0.645996 0.11582 0.033691
0 0.100586 0.858398 0.104492 0.056641
0 0.117188 0.977539 0.050781 0.044922
0 0.868164 0.865234 0.061523 0.080078
0 0.25 0.979492 0.095703 0.040039
0 0.321289 0.770508 0.142578 0.055664
0 0.901367 0.146484 0.06543 0.030273
0 0.857422 0.242188 0.055664 0.056641
0 0.898438 0.185547 0.06543 0.069336
0 0.816406 0.705078 0.054688 0.063477
0 0.005859 0.597656 0.012695 0.026367
0 0.254883 0.563477 0.112305 0.06543
0 0.415039 0.495117 0.048828 0.032227
0 0.583008 0.398438 0.024414 0.086914
0 0.574219 0.563477 0.077148 0.057617
0 0.567383 0.397461 0.02832 0.085938
0 0.836914 0.390625 0.088867 0.042969
0 0.041992 0.990234 0.083984 0.018555
0 0.415039 0.837891 0.070312 0.041992
0 0.745117 0.265625 0.066406 0.033203
0 0.416016 0.626953 0.079102 0.041992
0 0.013672 0.378906 0.027344 0.041016
0 0.166992 0.413086 0.063477 0.044922
0 0.725586 0.076172 0.053711 0.032227
0 0.731445 0.542969 0.058594 0.048828
0 0.929688 0.418945 0.073242 0.030273
0 0.948242 0.21582 0.045898 0.043945
0 0.539355 0.660059 0.097656 0.041406
0 0.195312 0.226562 0.074219 0.043945
0 0.452148 0.292969 0.048828 0.023438
0 0.642578 0.691406 0.089844 0.074219
0 0.97168 0.494141 0.056641 0.057617
0 0.124023 0.817383 0.0625 0.03125
0 0.916992 0.03418 0.037109 0.050781
0 0.220703 0.303711 0.045898 0.033203
0 0.511719 0.017578 0.060547 0.035156
0 0.666992 0.015625 0.048828 0.03125
0 0.771484 0.30957 0.02832 0.052734
0 0.699219 0.648438 0.053711 0.048828
0 0.732422 0.859375 0.053711 0.03418
0 0.15625 0.253906 0.05957 0.053711
0 0.110352 0.382812 0.06543 0.03418
0 0.229492 0.734375 0.055664 0.064453
0 0.631836 0.552734 0.060547 0.042969
0 0.513672 0.384766 0.049805 0.035156
0 0.348633 0.266602 0.043945 0.046875
0 0.806641 0.988281 0.033203 0.018555
0 0.5 0.661133 0.078125 0.038086
0 0.426758 0.396484 0.09082 0.043945
