0 0.216797 0.09375 0.041992 0.045898
0 0.257812 0.046875 0.098633 0.038086
0 0.505859 0.023438 0.086914 0.047852
0 0.496094 0.053711 0.054688 0.0625
0 0.544922 0.060547 0.056641 0.052734
0 0.606445 0.020508 0.097656 0.041016
0 0.62793 0.041016 0.088867 0.048828
0 0.610352 0.089844 0.079102 0.075195
0 0.749023 0.134766 0.067383 0.055664
0 0.938477 0.216797 0.069336 0.054688
0 0.811523 0.176758 0.06543 0.087891
0 0.787109 0.270508 0.071289 0.048828
0 0.765625 0.352539 0.052734 0.072266
0 0.84082 0.359375 0.079102 0.060547
0 0.913086 0.395508 0.056641 0.050781
0 0.975586 0.337891 0.038086 0.050781
0 0.982422 0.425781 0.03418 0.078125
0 0.932617 0.442383 0.053711 0.057617
0 0.78418 0.499023 0.075195 0.06543
0 0.698242 0.450195 0.078125 0.053711
0 0.673828 0.375977 0.083008 0.051758
0 0.567383 0.197266 0.047852 0.053711
0 0.573242 0.604492 0.053711 0.035156
0 0.584961 0.874023 0.032227 0.054688
0 0.013672 0.354492 0.02832 0.049805
0 0.128906 0.360352 0.052734 0.051758
0 0.394531 0.460938 0.056641 0.037109
0 0.432617 0.425781 0.041016 0.02832
0 0.014648 0.8125 0.029297 0.033203
0 0.108398 0.94043 0.083984 0.054688
0 0.113281 0.974609 0.048828 0.049805
0 0.442383 0.800781 0.037109 0.036133
0 0.291016 0.46582 0.050781 0.036133
0 0.100586 0.556641 0.03418 0.038086
0 0.719727 0.889648 0.03125 0.033203
0 0.609375 0.972656 0.055664 0.042969
0 0.493164 0.982422 0.036133 0.035156
0 0.830078 0.930664 0.051758 0.033203
0 0.836914 0.970703 0.043945 0.035156
0 0.927734 0.068359 0.040039 0.036133
0 0.330078 0.862305 0.048828 0.046875
