0 0.874023 0.796875 0.082031 0.094727
0 0.983398 0.78418 0.032227 0.060547
0 0.905273 0.959961 0.088867 0.05957
0 0.885742 0.161133 0.058594 0.081055
0 0.956055 0.839844 0.086914 0.088867
0 0.667969 0.861328 0.068359 0.081055
0 0.398438 0.450195 0.09668 0.071289
0 0.647461 0.487305 0.088867 0.080078
0 0.541016 0.254883 0.066406 0.074219
0 0.442383 0.236328 0.124023 0.111328
0 0.410156 0.072266 0.081055 0.077148
0 0.176758 0.298828 0.09375 0.068359
0 0.350586 0.301758 0.076172 0.092773
0 0.148438 0.357422 0.097656 0.068359
0 0.517578 0.952148 0.054688 0.083008
0 0.207031 0.702148 0.067383 0.069336
0 0.842773 0.171875 0.083008 0.070312
0 0.070312 0.140625 0.070312 0.051758
0 0.701172 0.038086 0.088867 0.069336
0 0.884766 0.396484 0.053711 0.09375
0 0.446289 0.142578 0.080078 0.064453
0 0.550781 0.166992 0.09668 0.083008
0 0.076172 0.53125 0.085938 0.072266
0 0.93457 0.283203 0.099609 0.055664
0 0.654297 0.9375 0.094727 0.039062
0 0.895508 0.043945 0.064453 0.073242
0 0.276367 0.1875 0.088867 0.056641
0 0.842773 0.494141 0.054688 0.060547
0 0.649414 0.28418 0.064453 0.068359
0 0.833984 0.287109 0.082031 0.069336
0 0.785156 0.129883 0.046875 0.066406
0 0.418945 0.49707 0.077148 0.054688
0 0.22168 0.248047 0.067383 0.047852
0 0.436523 0.692383 0.054688 0.0625
0 0.973633 0.589844 0.052734 0.09082
0 0.345703 0.770508 0.084961 0.069336
0 0.728516 0.143555 0.055664 0.074219
0 0.518555 0.910156 0.09375 0.056641
0 0.072266 0.75 0.139648 0.05957
0 0.801758 0.963867 0.03418 0.06543
0 0.973633 0.693359 0.052734 0.032227
0 0.242188 0.307617 0.087891 0.087891
0 0.196289 0.183594 0.076172 0.050781
0 0.728516 0.385742 0.055664 0.041016
0 0.849609 0.686523 0.053711 0.049805
0 0.174805 0.134766 0.126953 0.114258
0 0.626953 0.207031 0.097656 0.097656
0 0.521484 0.624023 0.068359 0.051758
0 0.837891 0.969727 0.047852 0.029297
0 0.083008 0.626953 0.115234 0.040039
0 0.264648 0.935547 0.044922 0.039062
0 0.021484 0.842773 0.043945 0.047852
0 0.108398 0.282227 0.058594 0.041992
0 0.209961 0.911133 0.089844 0.041016
0 0.569336 0.010742 0.043945 0.022461
0 0.166016 0.654297 0.068359 0.101562
0 0.505859 0.109375 0.044922 0.040039
0 0.482422 0.857422 0.049805 0.054688
0 0.578125 0.650391 0.072266 0.036133
