0 0.451172 0.041992 0.097656 0.084961
0 0.53418 0.849609 0.089844 0.099609
0 0.901367 0.21582 0.100586 0.126953
0 0.683594 0.90332 0.082031 0.092773
0 0.585938 0.693359 0.123047 0.078125
0 0.973633 0.519531 0.052734 0.099609
0 0.650391 0.466797 0.067383 0.080078
0 0.640625 0.029297 0.088867 0.058594
0 0.239258 0.821289 0.200195 0.155273
0 0.5 0.569336 0.077148 0.089844
0 0.19043 0.59375 0.12793 0.110352
0 0.832031 0.397461 0.080078 0.067383
0 0.974609 0.387695 0.050781 0.102539
0 0.270508 0.510742 0.097656 0.078125
0 0.725586 0.75 0.087891 0.067383
0 0.256836 0.380859 0.064453 0.091797
0 0.242188 0.206055 0.080078 0.107422
0 0.898438 0.769531 0.203125 0.080078
0 0.241211 0.698242 0.084961 0.181641
0 0.133789 0.467773 0.075195 0.086914
0 0.94043 0.699219 0.102539 0.110352
0 0.316406 0.091797 0.075195 0.099609
0 0.802734 0.614258 0.083008 0.160156
0 0.166016 0.03125 0.087891 0.0625
0 0.079102 0.392578 0.125 0.067383
0 0.719727 0.612305 0.099609 0.089844
0 0.789062 0.100586 0.079102 0.162109
0 0.070312 0.792969 0.112305 0.083008
0 0.542969 0.34668 0.097656 0.084961
0 0.668945 0.263672 0.094727 0.120117
0 0.944336 0.023438 0.089844 0.046875
0 0.625 0.556641 0.112305 0.075195
0 0.283203 0.149414 0.072266 0.080078
0 0.041992 0.702148 0.074219 0.099609
0 0.753906 0.334961 0.069336 0.102539
0 0.771484 0.800781 0.069336 0.068359
0 0.482422 0.344727 0.080078 0.070312
0 0.771484 0.710938 0.06543 0.0625
0 0.833008 0.899414 0.087891 0.169922
0 0.342773 0.211914 0.057617 0.049805
0 0.051758 0.333984 0.070312 0.09082
0 0.510742 0.279297 0.078125 0.094727
0 0.056641 0.930664 0.080078 0.091797
0 0.601562 0.323242 0.055664 0.072266
0 0.680664 0.813477 0.0625 0.0625
0 0.94043 0.854492 0.072266 0.119141
0 0.954102 0.449219 0.05957 0.044922
0 0.363281 0.802734 0.123047 0.09668
0 0.682617 0.208984 0.057617 0.049805
0 0.594727 0.744141 0.064453 0.049805
0 0.710938 0.327148 0.0625 0.064453
0 0.360352 0.080078 0.051758 0.067383
0 0.756836 0.047852 0.084961 0.067383
0 0.973633 0.891602 0.052734 0.080078
0 0.083984 0.304688 0.055664 0.060547
0 0.529297 0.147461 0.054688 0.102539
0 0.459961 0.28418 0.032227 0.089844
0 0.40625 0.636719 0.040039 0.080078
0 0.342773 0.631836 0.038086 0.084961
0 0.794922 0.582031 0.112305 0.085938
0 0.142578 0.712891 0.057617 0.083008
0 0.921875 0.68457 0.094727 0.064453
