0 0.021484 0.914062 0.042969 0.0625
0 0.09082 0.859375 0.085938 0.068359
0 0.15625 0.907227 0.079102 0.06543
0 0.196289 0.712891 0.094727 0.119141
0 0.345703 0.59668 0.068359 0.071289
0 0.619141 0.933594 0.073242 0.072266
0 0.648438 0.893555 0.075195 0.078125
0 0.787109 0.899414 0.072266 0.053711
0 0.8125 0.678711 0.073242 0.077148
0 0.916992 0.609375 0.078125 0.082031
0 0.925781 0.674805 0.081055 0.066406
0 0.583984 0.633789 0.084961 0.072266
0 0.558594 0.317383 0.106445 0.074219
0 0.555664 0.390625 0.107422 0.064453
0 0.727539 0.481445 0.105469 0.072266
0 0.955078 0.479492 0.088867 0.098633
0 0.795898 0.362305 0.055664 0.077148
0 0.733398 0.198242 0.109375 0.105469
0 0.916992 0.31543 0.114258 0.054688
0 0.427734 0.474609 0.061523 0.095703
0 0.484375 0.484375 0.072266 0.079102
0 0.616211 0.536133 0.09375 0.085938
0 0.319336 0.486328 0.069336 0.061523
0 0.328125 0.432617 0.079102 0.0625
0 0.398438 0.400391 0.070312 0.06543
0 0.272461 0.263672 0.076172 0.069336
0 0.175781 0.246094 0.070312 0.055664
0 0.105469 0.299805 0.074219 0.083008
0 0.12793 0.511719 0.06543 0.068359
0 0.030273 0.445312 0.060547 0.058594
0 0.203125 0.976562 0.069336 0.045898
0 0.046875 0.141602 0.094727 0.087891
0 0.149414 0.132812 0.069336 0.070312
0 0.194336 0.043945 0.099609 0.087891
0 0.387695 0.113281 0.089844 0.102539
0 0.100586 0.03418 0.068359 0.069336
0 0.563477 0.023438 0.075195 0.046875
0 0.706055 0.082031 0.120117 0.077148
0 0.795898 0.125 0.095703 0.068359
0 0.771484 0.017578 0.069336 0.036133
0 0.472656 0.089844 0.030273 0.037109
0 0.77832 0.286133 0.067383 0.073242
0 0.882812 0.371094 0.041992 0.049805
0 0.639648 0.427734 0.066406 0.058594
0 0.772461 0.415039 0.104492 0.039062
0 0.710938 0.439453 0.06543 0.048828
0 0.791992 0.47168 0.066406 0.060547
0 0.828125 0.602539 0.080078 0.064453
0 0.613281 0.829102 0.050781 0.045898
0 0.50293 0.973633 0.071289 0.052734
0 0.925781 0.948242 0.068359 0.039062
0 0.114258 0.376953 0.069336 0.068359
0 0.304688 0.74707 0.063477 0.057617
0 0.146484 0.758789 0.042969 0.033203
