0 0.736328 0.202148 0.144531 0.108398
0 0.660156 0.291992 0.166992 0.125
0 0.563477 0.429688 0.118164 0.150391
0 0.96582 0.416016 0.067383 0.117188
0 0.071289 0.443359 0.125 0.255859
0 0.198242 0.241211 0.103516 0.141602
0 0.360352 0.30957 0.142578 0.130859
0 0.021484 0.108398 0.043945 0.136719
0 0.018555 0.734375 0.037109 0.15625
0 0.197266 0.821289 0.097656 0.128906
0 0.624023 0.77832 0.135742 0.148438
0 0.886719 0.780273 0.123047 0.130859
0 0.507812 0.016602 0.130859 0.033203
0 0.132812 0.083984 0.089844 0.092773
0 0.039062 0.293945 0.078125 0.106445
0 0.669922 0.044922 0.071289 0.09082
0 0.583008 0.094727 0.052734 0.091797
0 0.438477 0.176758 0.083984 0.066406
0 0.464844 0.375 0.061523 0.134766
0 0.6875 0.473633 0.100586 0.228516
0 0.847656 0.636719 0.089844 0.108398
0 0.53125 0.709961 0.041992 0.101562
0 0.348633 0.624023 0.085938 0.074219
0 0.258789 0.65332 0.077148 0.071289
0 0.327148 0.546875 0.050781 0.058594
0 0.424805 0.736328 0.098633 0.118164
0 0.366211 0.876953 0.074219 0.095703
0 0.556641 0.913086 0.071289 0.111328
0 0.417969 0.958984 0.058594 0.081055
0 0.766602 0.900391 0.061523 0.108398
0 0.84668 0.950195 0.057617 0.09375
0 0.922852 0.024414 0.087891 0.049805
0 0.915039 0.106445 0.064453 0.119141
0 0.972656 0.319336 0.053711 0.080078
0 0.063477 0.964844 0.041016 0.066406
0 0.037109 0.929688 0.074219 0.139648
0 0.074219 0.579102 0.09668 0.084961
