0 0.051758 0.077148 0.104492 0.050781
0 0.273438 0.052734 0.064453 0.105469
0 0.511719 0.064453 0.138672 0.129883
0 0.337891 0.1875 0.068359 0.074219
0 0.539062 0.227539 0.051758 0.070312
0 0.636719 0.195312 0.047852 0.068359
0 0.827148 0.299805 0.110352 0.130859
0 0.765625 0.072266 0.052734 0.050781
0 0.02832 0.793945 0.056641 0.113281
0 0.044922 0.916992 0.09082 0.097656
0 0.138672 0.920898 0.072266 0.060547
0 0.233398 0.876953 0.137695 0.091797
0 0.189453 0.777344 0.073242 0.144531
0 0.089844 0.749023 0.076172 0.129883
0 0.163086 0.62207 0.108398 0.116211
0 0.052734 0.466797 0.105469 0.073242
0 0.296875 0.390625 0.089844 0.080078
0 0.446289 0.578125 0.120117 0.061523
0 0.588867 0.44043 0.106445 0.049805
0 0.771484 0.570312 0.119141 0.112305
0 0.822266 0.456055 0.089844 0.082031
0 0.738281 0.416016 0.056641 0.058594
0 0.583984 0.761719 0.094727 0.102539
0 0.499023 0.78125 0.063477 0.098633
0 0.476562 0.890625 0.058594 0.06543
0 0.420898 0.905273 0.070312 0.077148
0 0.355469 0.952148 0.052734 0.06543
0 0.643555 0.938477 0.047852 0.085938
0 0.698242 0.941406 0.097656 0.117188
0 0.789062 0.922852 0.075195 0.080078
0 0.621094 0.858398 0.077148 0.069336
0 0.828125 0.723633 0.087891 0.119141
0 0.669922 0.62207 0.051758 0.083008
0 0.660156 0.541992 0.078125 0.069336
0 0.59668 0.619141 0.057617 0.071289
0 0.032227 0.546875 0.064453 0.072266
0 0.496094 0.649414 0.050781 0.06543
