0 0.989258 0.097656 0.021484 0.120117
0 0.985352 0.416016 0.02832 0.076172
0 0.265625 0.078125 0.078125 0.107422
0 0.514648 0.829102 0.054688 0.092773
0 0.629883 0.198242 0.124023 0.048828
0 0.117188 0.585938 0.087891 0.058594
0 0.979492 0.188477 0.035156 0.09668
0 0.439453 0.080078 0.120117 0.115234
0 0.191406 0.969727 0.115234 0.045898
0 0.421875 0.585938 0.083008 0.073242
0 0.769531 0.123047 0.111328 0.091797
0 0.330078 0.797852 0.057617 0.113281
0 0.584961 0.854492 0.102539 0.081055
0 0.626953 0.738281 0.071289 0.064453
0 0.084961 0.666992 0.136719 0.041992
0 0.835938 0.382812 0.072266 0.058594
0 0.203125 0.477539 0.149414 0.075195
0 0.969727 0.893555 0.041992 0.106445
0 0.603516 0.30957 0.078125 0.071289
0 0.053711 0.070312 0.107422 0.086914
0 0.991211 0.624023 0.016602 0.069336
0 0.84375 0.416992 0.078125 0.072266
0 0.458008 0.554688 0.085938 0.041016
0 0.600586 0.927734 0.082031 0.067383
0 0.253906 0.583008 0.061523 0.061523
0 0.675781 0.448242 0.092773 0.09082
0 0.90332 0.806641 0.072266 0.048828
0 0.364258 0.505859 0.055664 0.063477
0 0.295898 0.958984 0.091797 0.070312
0 0.825195 0.032227 0.0625 0.041992
0 0.978516 0.621094 0.041992 0.06543
0 0.974609 0.676758 0.050781 0.029297
0 0.263672 0.483398 0.063477 0.058594
0 0.901367 0.775391 0.057617 0.042969
0 0.673828 0.426758 0.155273 0.116211
0 0.200195 0.910156 0.075195 0.050781
0 0.637695 0.145508 0.083008 0.047852
0 0.568359 0.648438 0.098633 0.046875
0 0.030273 0.972656 0.060547 0.047852
0 0.382812 0.795898 0.076172 0.051758
0 0.177734 0.133789 0.135742 0.083008
0 0.462891 0.793945 0.063477 0.069336
0 0.65918 0.814453 0.047852 0.042969
0 0.230469 0.703125 0.124023 0.047852
0 0.569336 0.633789 0.086914 0.039062
0 0.833008 0.982422 0.030273 0.035156
0 0.120117 0.378906 0.171875 0.051758
0 0.591797 0.013672 0.051758 0.025391
0 0.660156 0.265625 0.166016 0.089844
0 0.902344 0.822266 0.06543 0.052734
0 0.652344 0.019531 0.049805 0.037109
0 0.290039 0.157227 0.111328 0.083984
0 0.321289 0.344727 0.05957 0.050781
0 0.771484 0.801758 0.050781 0.020508
0 0.994141 0.584961 0.010742 0.045898
0 0.378906 0.402344 0.054688 0.03418
0 0.421875 0.632812 0.105469 0.037109
0 0.40625 0.231445 0.150391 0.147461
0 0.022461 0.782227 0.044922 0.044922
0 0.366211 0.19043 0.079102 0.087891
0 0.969727 0.188477 0.033203 0.09082
0 0.390625 0.160156 0.105469 0.017578
0 0.473633 0.162109 0.060547 0.02832
0 0.02832 0.949219 0.056641 0.070312
0 0.836914 0.624023 0.066406 0.015625
0 0.513672 0.916016 0.178711 0.144531
0 0.152344 0.761719 0.137695 0.077148
0 0.484375 0.068359 0.068359 0.047852
0 0.844727 0.648438 0.071289 0.025391
0 0.619141 0.25293 0.148438 0.098633
0 0.188477 0.674805 0.046875 0.027344
0 0.015625 0.986328 0.030273 0.022461
0 0.56543 0.710938 0.085938 0.047852
0 0.991211 0.960938 0.017578 0.072266
0 0.378906 0.657227 0.068359 0.052734
0 0.429688 0.666016 0.041016 0.074219
0 0.554688 0.736328 0.068359 0.027344
0 0.068359 0.74707 0.095703 0.042969
0 0.103516 0.832031 0.144531 0.09082
0 0.34082 0.822266 0.0625 0.041992
0 0.022461 0.554688 0.044922 0.079102
0 0.602539 0.478516 0.048828 0.061523
0 0.577148 0.429688 0.133789 0.088867
