0 0.170898 0.780273 0.091797 0.092773
0 0.637695 0.275391 0.086914 0.067383
0 0.974609 0.029297 0.050781 0.05957
0 0.850586 0.046875 0.097656 0.064453
0 0.780273 0.28418 0.073242 0.084961
0 0.761719 0.560547 0.075195 0.082031
0 0.029297 0.540039 0.05957 0.076172
0 0.625 0.013672 0.067383 0.027344
0 0.49707 0.250977 0.060547 0.052734
0 0.345703 0.457031 0.072266 0.074219
0 0.069336 0.416992 0.080078 0.064453
0 0.048828 0.069336 0.075195 0.060547
0 0.807617 0.375 0.086914 0.067383
0 0.492188 0.103516 0.089844 0.072266
0 0.96875 0.688477 0.0625 0.087891
0 0.314453 0.55957 0.074219 0.074219
0 0.212891 0.899414 0.083008 0.109375
0 0.348633 0.37207 0.084961 0.074219
0 0.408203 0.854492 0.078125 0.099609
0 0.457031 0.951172 0.080078 0.084961
0 0.208008 0.094727 0.072266 0.060547
0 0.896484 0.777344 0.104492 0.160156
0 0.381836 0.257812 0.060547 0.057617
0 0.365234 0.613281 0.092773 0.078125
0 0.235352 0.669922 0.067383 0.067383
0 0.914062 0.324219 0.09082 0.075195
0 0.458008 0.811523 0.083008 0.09082
0 0.699219 0.921875 0.075195 0.064453
0 0.27832 0.145508 0.068359 0.0625
0 0.980469 0.224609 0.038086 0.064453
0 0.81543 0.873047 0.0625 0.117188
0 0.893555 0.224609 0.072266 0.060547
0 0.837891 0.441406 0.077148 0.06543
0 0.069336 0.720703 0.120117 0.107422
0 0.360352 0.150391 0.073242 0.0625
0 0.255859 0.050781 0.078125 0.0625
0 0.657227 0.115234 0.089844 0.083008
0 0.677734 0.391602 0.073242 0.05957
0 0.205078 0.491211 0.077148 0.075195
0 0.980469 0.289062 0.038086 0.06543
0 0.046875 0.217773 0.089844 0.073242
0 0.104492 0.960938 0.070312 0.078125
0 0.793945 0.916016 0.05957 0.117188
0 0.929688 0.910156 0.064453 0.086914
0 0.94043 0.204102 0.049805 0.060547
