0 0.307617 0.879883 0.210938 0.183594
0 0.176758 0.983398 0.130859 0.033203
0 0.132812 0.978516 0.166992 0.042969
0 0.009766 0.849609 0.020508 0.138672
0 0.044922 0.40332 0.089844 0.115234
0 0.029297 0.241211 0.058594 0.073242
0 0.106445 0.341797 0.15332 0.171875
0 0.235352 0.560547 0.165039 0.145508
0 0.40918 0.541016 0.111328 0.232422
0 0.429688 0.40918 0.073242 0.166016
0 0.461914 0.332031 0.09375 0.084961
0 0.624023 0.464844 0.088867 0.242188
0 0.119141 0.173828 0.202148 0.132812
0 0.228516 0.115234 0.107422 0.130859
0 0.536133 0.164062 0.103516 0.092773
0 0.642578 0.113281 0.082031 0.09082
0 0.916016 0.980469 0.09668 0.039062
0 0.666992 0.882812 0.226562 0.09082
0 0.730469 0.75 0.126953 0.09082
0 0.770508 0.667969 0.06543 0.044922
0 0.583984 0.705078 0.081055 0.057617
0 0.939453 0.495117 0.081055 0.069336
0 0.726562 0.34668 0.063477 0.132812
0 0.604492 0.291016 0.069336 0.06543
0 0.810547 0.267578 0.081055 0.182617
0 0.910156 0.270508 0.063477 0.154297
0 0.900391 0.37793 0.060547 0.104492
0 0.952148 0.887695 0.089844 0.111328
0 0.787109 0.364258 0.0625 0.084961
0 0.231445 0.302734 0.164062 0.138672
0 0.31543 0.740234 0.235352 0.112305
0 0.016602 0.087891 0.03418 0.136719
