0 0.043945 0.418945 0.088867 0.053711
0 0.730469 0.624023 0.092773 0.070312
0 0.607422 0.024414 0.078125 0.048828
0 0.700195 0.31543 0.098633 0.043945
0 0.445312 0.143555 0.089844 0.044922
0 0.535156 0.818359 0.045898 0.06543
0 0.297852 0.637695 0.104492 0.055664
0 0.616211 0.774414 0.035156 0.092773
0 0.911133 0.493164 0.061523 0.057617
0 0.196289 0.737305 0.085938 0.040039
0 0.44043 0.573242 0.087891 0.050781
0 0.525391 0.555664 0.0625 0.043945
0 0.224609 0.22168 0.080078 0.060547
0 0.295898 0.233398 0.088867 0.048828
0 0.080078 0.024414 0.083984 0.049805
0 0.957031 0.533203 0.037109 0.094727
0 0.130176 0.609082 0.110254 0.067285
0 0.017578 0.780273 0.036133 0.099609
0 0.375977 0.015625 0.097656 0.03125
0 0.512695 0.984375 0.098633 0.030273
0 0.111328 0.106445 0.043945 0.049805
0 0.053711 0.12207 0.084961 0.043945
0 0.103516 0.962891 0.120117 0.041016
0 0.431641 0.375 0.079102 0.024414
0 0.595703 0.106445 0.094727 0.045898
0 0.754883 0.943359 0.074219 0.029297
0 0.152344 0.069336 0.134766 0.069336
0 0.72168 0.892578 0.082031 0.041016
0 0.714844 0.071289 0.055664 0.044922
0 0.214844 0.890625 0.060547 0.045898
0 0.543945 0.306641 0.092773 0.037109
0 0.568359 0.352539 0.054688 0.042969
0 0.697266 0.249023 0.040039 0.042969
0 0.472656 0.708008 0.058594 0.040039
0 0.619141 0.875977 0.101562 0.038086
0 0.488281 0.634766 0.070312 0.056641
0 0.276367 0.958984 0.087891 0.033203
0 0.085938 0.801758 0.069336 0.026367
0 0.72168 0.349609 0.040039 0.039062
0 0.412109 0.962891 0.088867 0.044922
0 0.983398 0.418945 0.032227 0.084961
0 0.47168 0.848633 0.050781 0.041016
0 0.234375 0.641602 0.106445 0.052734
0 0.181641 0.010742 0.125977 0.022461
0 0.977539 0.629883 0.044922 0.014648
0 0.15625 0.90625 0.09668 0.041992
0 0.113281 0.892578 0.030273 0.055664
0 0.166016 0.576172 0.085938 0.052734
0 0.378906 0.87793 0.134766 0.149414
0 0.138672 0.84375 0.061523 0.038086
0 0.452148 0.446289 0.056641 0.051758
0 0.793945 0.678711 0.040039 0.025391
0 0.983398 0.28125 0.029297 0.05957
0 0.928711 0.320312 0.047852 0.041016
0 0.30957 0.755859 0.068359 0.175781
0 0.564453 0.792969 0.050781 0.029297
0 0.856445 0.939453 0.063477 0.037109
0 0.213867 0.038086 0.045898 0.040039
0 0.544922 0.948242 0.052734 0.047852
0 0.237305 0.589844 0.083984 0.02832
0 0.103516 0.581055 0.12207 0.054688
0 0.919922 0.404297 0.043945 0.038086
0 0.901367 0.294922 0.082031 0.024414
