0 0.295898 0.418945 0.082031 0.145508
0 0.080078 0.699219 0.102539 0.117188
0 0.083984 0.061523 0.110352 0.079102
0 0.193359 0.541992 0.113281 0.150391
0 0.765625 0.887695 0.09375 0.165039
0 0.475586 0.539062 0.092773 0.104492
0 0.773438 0.724609 0.162109 0.140625
0 0.069336 0.323242 0.139648 0.111328
0 0.574219 0.725586 0.115234 0.107422
0 0.931641 0.957031 0.120117 0.085938
0 0.921875 0.844727 0.094727 0.089844
0 0.826172 0.96875 0.084961 0.0625
0 0.229492 0.109375 0.099609 0.135742
0 0.257812 0.214844 0.095703 0.165039
0 0.626953 0.322266 0.105469 0.150391
0 0.674805 0.560547 0.089844 0.12207
0 0.411133 0.119141 0.060547 0.09668
0 0.928711 0.545898 0.120117 0.171875
0 0.691406 0.200195 0.084961 0.172852
0 0.701172 0.37793 0.084961 0.142578
0 0.53125 0.161133 0.072266 0.089844
0 0.606445 0.108398 0.097656 0.137695
0 0.865234 0.120117 0.118164 0.172852
0 0.875977 0.202148 0.097656 0.099609
0 0.829102 0.060547 0.094727 0.117188
0 0.327148 0.750977 0.099609 0.177734
0 0.898438 0.509766 0.103516 0.115234
0 0.262695 0.863281 0.073242 0.101562
0 0.37207 0.873047 0.064453 0.082031
0 0.416016 0.507812 0.087891 0.067383
0 0.395508 0.385742 0.077148 0.102539
0 0.805664 0.758789 0.097656 0.126953
0 0.125 0.570312 0.06543 0.120117
0 0.222656 0.629883 0.086914 0.067383
0 0.313477 0.629883 0.0625 0.102539
0 0.103516 0.196289 0.102539 0.072266
0 0.551758 0.810547 0.084961 0.077148
0 0.901367 0.438477 0.049805 0.087891
0 0.695312 0.916016 0.063477 0.118164
0 0.861328 0.296875 0.06543 0.075195
0 0.938477 0.235352 0.082031 0.12207
0 0.90918 0.03418 0.069336 0.06543
0 0.696289 0.119141 0.094727 0.169922
0 0.46582 0.160156 0.070312 0.131836
0 0.694336 0.020508 0.060547 0.041992
0 0.084961 0.5625 0.044922 0.137695
0 0.31543 0.05957 0.094727 0.119141
0 0.628906 0.032227 0.069336 0.060547
0 0.75293 0.53418 0.0625 0.069336
0 0.066406 0.234375 0.094727 0.044922
0 0.439453 0.042969 0.064453 0.082031
