0 0.03418 0.782227 0.047852 0.126953
0 0.091797 0.800781 0.053711 0.052734
0 0.042969 0.491211 0.058594 0.057617
0 0.050781 0.625 0.095703 0.068359
0 0.136719 0.454102 0.089844 0.052734
0 0.269531 0.507812 0.128906 0.12207
0 0.150391 0.53418 0.084961 0.09082
0 0.261719 0.612305 0.109375 0.100586
0 0.183594 0.724609 0.048828 0.049805
0 0.251953 0.820312 0.06543 0.043945
0 0.358398 0.792969 0.075195 0.060547
0 0.390625 0.726562 0.074219 0.063477
0 0.134766 0.887695 0.056641 0.063477
0 0.238281 0.928711 0.089844 0.054688
0 0.210938 0.972656 0.109375 0.054688
0 0.442383 0.952148 0.05957 0.050781
0 0.389648 0.842773 0.056641 0.074219
0 0.467773 0.736328 0.068359 0.066406
0 0.460938 0.688477 0.09668 0.057617
0 0.480469 0.651367 0.137695 0.0625
0 0.49707 0.889648 0.054688 0.050781
0 0.636719 0.923828 0.083984 0.050781
0 0.630859 0.882812 0.074219 0.043945
0 0.655273 0.807617 0.087891 0.09668
0 0.619141 0.712891 0.118164 0.063477
0 0.458984 0.425781 0.067383 0.058594
0 0.522461 0.421875 0.070312 0.057617
0 0.398438 0.271484 0.076172 0.061523
0 0.03125 0.412109 0.057617 0.052734
0 0.046875 0.31543 0.060547 0.060547
0 0.038086 0.193359 0.076172 0.051758
0 0.138672 0.209961 0.080078 0.057617
0 0.128906 0.282227 0.071289 0.054688
0 0.213867 0.255859 0.100586 0.098633
0 0.047852 0.052734 0.061523 0.054688
0 0.075195 0.09375 0.06543 0.080078
0 0.143555 0.064453 0.06543 0.077148
0 0.328125 0.0625 0.063477 0.042969
0 0.386719 0.117188 0.056641 0.046875
0 0.456055 0.137695 0.102539 0.058594
0 0.633789 0.21875 0.067383 0.052734
0 0.893555 0.206055 0.082031 0.060547
0 0.944336 0.240234 0.102539 0.066406
0 0.962891 0.107422 0.073242 0.055664
0 0.588867 0.337891 0.061523 0.050781
0 0.650391 0.356445 0.048828 0.054688
0 0.80957 0.313477 0.101562 0.057617
0 0.765625 0.348633 0.082031 0.073242
0 0.851562 0.359375 0.107422 0.068359
0 0.958008 0.364258 0.078125 0.058594
0 0.90332 0.416016 0.048828 0.057617
0 0.947266 0.49707 0.070312 0.164062
0 0.771484 0.478516 0.113281 0.080078
0 0.655273 0.504883 0.069336 0.099609
0 0.709961 0.508789 0.070312 0.089844
0 0.643555 0.432617 0.041992 0.047852
0 0.516602 0.563477 0.079102 0.083984
0 0.761719 0.637695 0.09668 0.081055
0 0.866211 0.740234 0.114258 0.067383
0 0.956055 0.696289 0.087891 0.053711
0 0.767578 0.899414 0.077148 0.089844
0 0.829102 0.924805 0.075195 0.076172
0 0.953125 0.917969 0.09375 0.09668
0 0.861328 0.849609 0.073242 0.058594
0 0.880859 0.900391 0.083984 0.067383
0 0.570312 0.964844 0.09082 0.069336
0 0.373047 0.665039 0.05957 0.101562
0 0.356445 0.612305 0.077148 0.045898
0 0.352539 0.557617 0.052734 0.049805
0 0.138672 0.019531 0.078125 0.039062
0 0.735352 0.424805 0.100586 0.073242
