0 0.410156 0.061523 0.102539 0.095703
0 0.124023 0.049805 0.09375 0.100586
0 0.545898 0.048828 0.084961 0.067383
0 0.626953 0.03125 0.09082 0.0625
0 0.578125 0.165039 0.200195 0.097656
0 0.459961 0.135742 0.088867 0.06543
0 0.268555 0.248047 0.109375 0.078125
0 0.375 0.220703 0.048828 0.05957
0 0.442383 0.185547 0.069336 0.044922
0 0.814453 0.049805 0.077148 0.052734
0 0.924805 0.098633 0.125 0.089844
0 0.895508 0.019531 0.068359 0.040039
0 0.552734 0.324219 0.128906 0.083008
0 0.454102 0.356445 0.079102 0.05957
0 0.46582 0.415039 0.194336 0.080078
0 0.254883 0.334961 0.12793 0.084961
0 0.158203 0.430664 0.111328 0.054688
0 0.287109 0.633789 0.18457 0.102539
0 0.576172 0.628906 0.191406 0.165039
0 0.474609 0.47168 0.232422 0.080078
0 0.644531 0.496094 0.109375 0.069336
0 0.787109 0.480469 0.152344 0.086914
0 0.734375 0.601562 0.087891 0.142578
0 0.633789 0.798828 0.09668 0.080078
0 0.673828 0.858398 0.095703 0.079102
0 0.34082 0.755859 0.085938 0.068359
0 0.120117 0.780273 0.085938 0.069336
0 0.038086 0.799805 0.076172 0.051758
0 0.041992 0.869141 0.083984 0.085938
0 0.166016 0.924805 0.102539 0.06543
0 0.386719 0.988281 0.0625 0.022461
0 0.4375 0.942383 0.073242 0.081055
0 0.623047 0.973633 0.09082 0.051758
0 0.802734 0.976562 0.082031 0.046875
0 0.040039 0.541016 0.080078 0.185547
0 0.916992 0.310547 0.148438 0.112305
0 0.943359 0.767578 0.113281 0.077148
0 0.933594 0.821289 0.131836 0.081055
0 0.685547 0.905273 0.137695 0.091797
