0 0.893555 0.013672 0.137695 0.027344
0 0.791992 0.850586 0.074219 0.087891
0 0.644531 0.31543 0.085938 0.072266
0 0.828125 0.69043 0.092773 0.118164
0 0.946289 0.15332 0.084961 0.123047
0 0.873047 0.295898 0.117188 0.082031
0 0.800781 0.248047 0.107422 0.087891
0 0.829102 0.942383 0.09082 0.115234
0 0.94043 0.795898 0.092773 0.097656
0 0.774414 0.392578 0.120117 0.057617
0 0.650391 0.685547 0.086914 0.092773
0 0.856445 0.069336 0.084961 0.064453
0 0.69043 0.734375 0.083008 0.080078
0 0.859375 0.167969 0.120117 0.067383
0 0.93457 0.095703 0.115234 0.042969
0 0.931641 0.125977 0.114258 0.0625
0 0.737305 0.798828 0.044922 0.049805
0 0.895508 0.833008 0.077148 0.072266
