0 0.24707 0.268555 0.09375 0.09082
0 0.447266 0.287109 0.081055 0.117188
0 0.044922 0.976562 0.048828 0.045898
0 0.328125 0.53125 0.083984 0.116211
0 0.597656 0.413086 0.09375 0.086914
0 0.022461 0.885742 0.044922 0.099609
0 0.097656 0.53418 0.085938 0.112305
0 0.668945 0.292969 0.085938 0.080078
0 0.40332 0.074219 0.083008 0.073242
0 0.743164 0.663086 0.126953 0.083984
0 0.417969 0.438477 0.088867 0.068359
0 0.797852 0.753906 0.135742 0.113281
0 0.126953 0.161133 0.121094 0.075195
0 0.542969 0.067383 0.100586 0.084961
0 0.251953 0.451172 0.083984 0.084961
0 0.516602 0.969727 0.064453 0.060547
0 0.706055 0.255859 0.067383 0.079102
0 0.384766 0.310547 0.072266 0.0625
0 0.325195 0.198242 0.092773 0.083984
0 0.1875 0.208008 0.098633 0.061523
