0 0.05957 0.510742 0.048828 0.084961
0 0.263672 0.140625 0.071289 0.073242
0 0.276367 0.745117 0.049805 0.080078
0 0.075195 0.087891 0.09082 0.073242
0 0.107422 0.530273 0.069336 0.086914
0 0.016602 0.596875 0.03418 0.068164
0 0.547852 0.05957 0.033203 0.09668
0 0.576172 0.214844 0.054688 0.075195
0 0.289062 0.271484 0.054688 0.102539
0 0.547852 0.626953 0.057617 0.071289
0 0.254883 0.314453 0.040039 0.072266
0 0.866211 0.582031 0.06543 0.085938
0 0.572266 0.130859 0.032227 0.082031
0 0.263672 0.660156 0.041992 0.074219
0 0.182617 0.129883 0.051758 0.104492
0 0.798828 0.77832 0.041992 0.09375
0 0.890625 0.90625 0.054688 0.071289
0 0.780273 0.154297 0.047852 0.079102
0 0.491211 0.613281 0.061523 0.06543
0 0.850586 0.960938 0.039062 0.05957
0 0.267578 0.52832 0.115234 0.0625
0 0.742188 0.320312 0.060547 0.060547
0 0.381836 0.857422 0.029297 0.052734
0 0.097656 0.852539 0.069336 0.0625
0 0.744141 0.865234 0.03418 0.080078
0 0.397461 0.958008 0.056641 0.040039
0 0.676465 0.197266 0.042969 0.115625
0 0.092773 0.037109 0.075195 0.049805
0 0.379883 0.360352 0.050781 0.060547
0 0.026367 0.841797 0.053711 0.047852
0 0.493164 0.955078 0.073242 0.044922
0 0.160156 0.261719 0.046875 0.039062
0 0.892578 0.859375 0.032227 0.073242
0 0.275391 0.582031 0.066406 0.061523
0 0.231445 0.914062 0.057617 0.044922
0 0.983398 0.583984 0.032227 0.073242
0 0.733398 0.135742 0.06543 0.087891
0 0.485352 0.498047 0.039062 0.073242
0 0.496094 0.850586 0.053711 0.046875
0 0.333984 0.953125 0.026367 0.050781
0 0.542969 0.517578 0.025391 0.070312
0 0.814453 0.079102 0.057617 0.091797
0 0.624023 0.616211 0.076172 0.041016
0 0.831055 0.12793 0.044922 0.097656
0 0.457031 0.265625 0.037109 0.070312
0 0.702148 0.9375 0.043945 0.03125
0 0.297852 0.639648 0.061523 0.056641
0 0.729492 0.354492 0.03418 0.058594
0 0.067383 0.466797 0.086914 0.046875
0 0.124023 0.016602 0.047852 0.033203
0 0.125977 0.513672 0.074219 0.068359
0 0.533203 0.429688 0.072266 0.074219
0 0.898438 0.441406 0.02832 0.055664
0 0.014648 0.652344 0.030273 0.058594
0 0.868164 0.203125 0.044922 0.09668
0 0.458984 0.876953 0.041016 0.074219
0 0.239258 0.211914 0.055664 0.036133
0 0.62207 0.777344 0.029297 0.047852
0 0.942383 0.982422 0.043945 0.035156
0 0.415039 0.874023 0.039062 0.040039
0 0.713867 0.697266 0.045898 0.057617
0 0.9375 0.022461 0.032227 0.045898
0 0.573242 0.469727 0.039062 0.069336
0 0.552734 0.302734 0.085938 0.085938
0 0.913086 0.526367 0.036133 0.051758
0 0.376953 0.90625 0.049805 0.023438
0 0.493164 0.455078 0.145508 0.09668
0 0.076172 0.862305 0.069336 0.050781
0 0.68457 0.753906 0.064453 0.05957
0 0.532227 0.571289 0.064453 0.052734
