0 0.949219 0.691406 0.098633 0.066406
0 0.915039 0.475586 0.157227 0.082031
0 0.300781 0.592773 0.102539 0.0625
0 0.032227 0.945312 0.064453 0.077148
0 0.503906 0.270508 0.120117 0.12793
0 0.748047 0.15332 0.142578 0.107422
0 0.325195 0.682617 0.102539 0.102539
0 0.506836 0.924805 0.1875 0.094727
0 0.745117 0.807617 0.117188 0.084961
0 0.331055 0.395508 0.152344 0.132812
0 0.701172 0.669922 0.245117 0.112305
0 0.336914 0.860352 0.123047 0.069336
0 0.967773 0.799805 0.063477 0.067383
0 0.920898 0.19043 0.157227 0.097656
0 0.453125 0.587891 0.132812 0.083008
0 0.530273 0.06543 0.152344 0.080078
0 0.141602 0.192383 0.080078 0.080078
0 0.688477 0.387695 0.177734 0.137695
0 0.433594 0.176758 0.097656 0.089844
0 0.929688 0.913086 0.139648 0.070312
0 0.359375 0.058594 0.089844 0.099609
0 0.308594 0.511719 0.082031 0.076172
0 0.826172 0.827148 0.120117 0.060547
0 0.382812 0.288086 0.118164 0.132812
0 0.623047 0.654297 0.097656 0.0625
0 0.374023 0.810547 0.168945 0.058594
0 0.494141 0.547852 0.084961 0.12207
0 0.394531 0.512695 0.109375 0.073242
0 0.844727 0.363281 0.150391 0.082031
0 0.806641 0.040039 0.139648 0.077148
0 0.03418 0.333008 0.069336 0.125
