0 0.954102 0.524414 0.082031 0.075195
0 0.614258 0.174805 0.051758 0.083008
0 0.59082 0.400391 0.111328 0.048828
0 0.933594 0.761719 0.076172 0.061523
0 0.320312 0.757812 0.067383 0.071289
0 0.573242 0.827148 0.06543 0.076172
0 0.5625 0.479492 0.037109 0.081055
0 0.439453 0.501953 0.06543 0.0625
0 0.311523 0.513672 0.052734 0.088867
0 0.847656 0.424805 0.094727 0.112305
0 0.664062 0.041016 0.056641 0.075195
0 0.250977 0.020508 0.03125 0.041992
0 0.145508 0.369141 0.048828 0.06543
0 0.145508 0.436523 0.076172 0.042969
0 0.766602 0.500977 0.039062 0.079102
0 0.214844 0.097656 0.056641 0.03418
0 0.732422 0.120117 0.040039 0.073242
0 0.801758 0.625 0.069336 0.05957
0 0.316406 0.106445 0.032227 0.0625
0 0.408203 0.838867 0.026367 0.060547
0 0.920898 0.125977 0.052734 0.044922
0 0.139648 0.508789 0.058594 0.044922
0 0.336914 0.566406 0.071289 0.030273
0 0.599609 0.900391 0.072266 0.033203
0 0.570312 0.560547 0.056641 0.032227
0 0.083008 0.118164 0.043945 0.042969
0 0.713867 0.069336 0.058594 0.061523
0 0.049805 0.773438 0.058594 0.036133
0 0.425781 0.673828 0.050781 0.053711
0 0.797852 0.78418 0.033203 0.074219
0 0.65625 0.78125 0.052734 0.030273
0 0.049805 0.463867 0.046875 0.038086
0 0.472656 0.078125 0.066406 0.036133
0 0.44043 0.402344 0.084961 0.022461
0 0.202148 0.207031 0.06543 0.039062
0 0.917969 0.545898 0.047852 0.061523
0 0.811523 0.561523 0.060547 0.056641
0 0.016602 0.104492 0.03418 0.046875
0 0.150391 0.935547 0.055664 0.02832
0 0.134766 0.15918 0.06543 0.051758
0 0.800781 0.665039 0.06543 0.02832
0 0.114258 0.1875 0.083984 0.041016
0 0.185547 0.476562 0.026367 0.066406
0 0.128906 0.40332 0.057617 0.042969
0 0.842773 0.639648 0.032227 0.049805
0 0.402344 0.882812 0.09375 0.032227
0 0.822266 0.824219 0.058594 0.033203
0 0.865234 0.047852 0.029297 0.043945
0 0.976562 0.205078 0.046875 0.022461
0 0.241211 0.592773 0.038086 0.023438
0 0.688477 0.498047 0.037109 0.057617
0 0.75293 0.912109 0.050781 0.037109
0 0.086914 0.864258 0.067383 0.040039
0 0.257812 0.405273 0.041992 0.029297
0 0.255859 0.250977 0.037109 0.033203
0 0.953125 0.481445 0.080078 0.040039
0 0.889648 0.099609 0.060547 0.016602
0 0.978516 0.802734 0.038086 0.040039
0 0.879883 0.623047 0.030273 0.0625
0 0.904297 0.832031 0.052734 0.047852
0 0.455078 0.426758 0.046875 0.052734
0 0.390625 0.499023 0.042969 0.0625
0 0.088867 0.423828 0.067383 0.0625
0 0.201172 0.46582 0.067383 0.025391
0 0.341797 0.543945 0.076172 0.029297
0 0.726562 0.583008 0.040039 0.060547
0 0.788086 0.561523 0.030273 0.040039
0 0.866211 0.615234 0.029297 0.058594
0 0.8125 0.4375 0.072266 0.048828
0 0.511719 0.479492 0.036133 0.043945
0 0.276367 0.771484 0.050781 0.057617
0 0.673828 0.330078 0.022461 0.041992
0 0.435547 0.063477 0.094727 0.110352
0 0.163086 0.15918 0.082031 0.032227
0 0.319336 0.047852 0.076172 0.047852
0 0.650391 0.151367 0.041992 0.049805
