0 0.026367 0.878906 0.053711 0.097656
0 0.331055 0.959961 0.074219 0.079102
0 0.65625 0.955078 0.05957 0.089844
0 0.402344 0.828125 0.098633 0.15332
0 0.612305 0.814453 0.113281 0.097656
0 0.294922 0.691406 0.077148 0.09375
0 0.496094 0.614258 0.085938 0.064453
0 0.595703 0.624023 0.115234 0.086914
0 0.798828 0.763672 0.101562 0.147461
0 0.894531 0.74707 0.085938 0.088867
0 0.915039 0.873047 0.075195 0.089844
0 0.018555 0.522461 0.037109 0.115234
0 0.266602 0.475586 0.0625 0.092773
0 0.599609 0.379883 0.112305 0.099609
0 0.402344 0.414062 0.081055 0.121094
0 0.485352 0.390625 0.083984 0.180664
0 0.494141 0.240234 0.083984 0.106445
0 0.060547 0.270508 0.121094 0.068359
0 0.141602 0.246094 0.121094 0.0625
0 0.109375 0.175781 0.05957 0.06543
0 0.904297 0.535156 0.060547 0.114258
0 0.938477 0.475586 0.091797 0.107422
0 0.911133 0.331055 0.0625 0.107422
0 0.916016 0.394531 0.083984 0.072266
0 0.735352 0.310547 0.083008 0.079102
0 0.661133 0.314453 0.077148 0.0625
0 0.864258 0.136719 0.097656 0.083984
0 0.72168 0.183594 0.083984 0.088867
0 0.961914 0.123047 0.064453 0.092773
0 0.955078 0.045898 0.089844 0.076172
0 0.299805 0.126953 0.12793 0.12207
0 0.320312 0.060547 0.071289 0.073242
0 0.650391 0.070312 0.055664 0.085938
0 0.472656 0.716797 0.079102 0.056641
0 0.791992 0.867188 0.061523 0.052734
0 0.806641 0.014648 0.061523 0.02832
0 0.115234 0.986328 0.123047 0.027344
0 0.973633 0.317383 0.051758 0.078125
0 0.977539 0.789062 0.044922 0.071289
0 0.582031 0.253906 0.050781 0.052734
