0 0.56543 0.141602 0.152344 0.06543
0 0.462891 0.212891 0.107422 0.067383
0 0.570312 0.421875 0.083008 0.089844
0 0.640625 0.271484 0.082031 0.075195
0 0.842773 0.195312 0.147461 0.137695
0 0.03418 0.113281 0.069336 0.052734
0 0.597656 0.673828 0.086914 0.05957
0 0.738281 0.448242 0.082031 0.0625
0 0.603516 0.96582 0.048828 0.068359
0 0.691406 0.702148 0.05957 0.044922
0 0.484375 0.430664 0.064453 0.042969
0 0.688477 0.328125 0.082031 0.072266
0 0.793945 0.210938 0.120117 0.0625
0 0.533203 0.116211 0.102539 0.0625
0 0.876953 0.040039 0.080078 0.077148
0 0.931641 0.035156 0.104492 0.067383
