0 0.498047 0.40918 0.080078 0.072266
0 0.520508 0.048828 0.112305 0.089844
0 0.228516 0.395508 0.084961 0.082031
0 0.711914 0.911133 0.076172 0.083008
0 0.629883 0.860352 0.040039 0.083008
0 0.679688 0.707031 0.102539 0.09082
0 0.268555 0.037109 0.080078 0.067383
0 0.516602 0.730469 0.106445 0.110352
0 0.685547 0.260742 0.085938 0.072266
0 0.040039 0.327148 0.027344 0.117188
0 0.835938 0.263672 0.116211 0.066406
0 0.054688 0.083008 0.102539 0.135742
0 0.917969 0.414062 0.113281 0.085938
0 0.602539 0.217773 0.029297 0.091797
0 0.186523 0.421875 0.100586 0.077148
0 0.946289 0.033203 0.09375 0.05957
0 0.641602 0.582031 0.09082 0.043945
0 0.955078 0.755859 0.088867 0.067383
0 0.15918 0.683594 0.261719 0.12207
0 0.842773 0.800781 0.077148 0.056641
0 0.477539 0.057617 0.115234 0.076172
0 0.413086 0.637695 0.087891 0.147461
0 0.564453 0.495117 0.097656 0.087891
0 0.852539 0.957031 0.046875 0.084961
0 0.631836 0.458008 0.057617 0.080078
0 0.371094 0.504883 0.033203 0.074219
0 0.529297 0.138672 0.148438 0.048828
0 0.717773 0.491211 0.12207 0.117188
0 0.972656 0.68457 0.054688 0.053711
0 0.919922 0.880859 0.114258 0.037109
0 0.039062 0.787109 0.078125 0.041992
0 0.430664 0.216797 0.138672 0.043945
0 0.942383 0.511719 0.115234 0.044922
0 0.87207 0.493164 0.076172 0.049805
0 0.896484 0.576172 0.080078 0.024414
0 0.326172 0.055664 0.119141 0.108398
0 0.104492 0.575195 0.077148 0.03418
0 0.963867 0.228516 0.072266 0.095703
0 0.561523 0.40332 0.091797 0.050781
0 0.097656 0.862305 0.182617 0.033203
0 0.199219 0.927734 0.120117 0.035156
0 0.663086 0.410156 0.087891 0.048828
0 0.487305 0.241211 0.077148 0.030273
0 0.266602 0.530273 0.078125 0.078125
0 0.862305 0.318359 0.06543 0.047852
0 0.961914 0.980469 0.075195 0.033203
0 0.972656 0.257812 0.053711 0.070312
0 0.186523 0.101562 0.18457 0.057617
0 0.216797 0.40625 0.09375 0.086914
0 0.914062 0.451172 0.09375 0.016602
0 0.776367 0.970703 0.070312 0.032227
0 0.236328 0.479492 0.183594 0.064453
0 0.148438 0.020508 0.058594 0.041016
0 0.964844 0.28418 0.060547 0.044922
0 0.787109 0.796875 0.0625 0.051758
0 0.805664 0.048828 0.053711 0.076172
0 0.169922 0.5 0.135742 0.068359
0 0.266602 0.776367 0.196289 0.049805
0 0.125 0.732422 0.09375 0.041016
0 0.135742 0.480469 0.074219 0.040039
0 0.966797 0.25 0.06543 0.132812
0 0.989258 0.28418 0.021484 0.099609
0 0.560547 0.396484 0.063477 0.086914
0 0.949219 0.148438 0.101562 0.071289
0 0.669922 0.189453 0.293945 0.06543
0 0.939453 0.918945 0.057617 0.053711
0 0.753906 0.040039 0.047852 0.061523
0 0.583984 0.013672 0.058594 0.027344
0 0.450195 0.84082 0.185547 0.133789
0 0.491211 0.904297 0.083008 0.063477
