0 0.220703 0.84082 0.077148 0.057617
0 0.228516 0.910156 0.075195 0.082031
0 0.331055 0.911133 0.108398 0.115234
0 0.369141 0.96582 0.060547 0.068359
0 0.089844 0.250977 0.05957 0.071289
0 0.12793 0.186523 0.071289 0.072266
0 0.168945 0.239258 0.05957 0.06543
0 0.225586 0.230469 0.0625 0.075195
0 0.263672 0.208984 0.067383 0.058594
0 0.416992 0.239258 0.069336 0.088867
0 0.378906 0.331055 0.0625 0.061523
0 0.329102 0.367188 0.077148 0.077148
0 0.500977 0.516602 0.068359 0.085938
0 0.613281 0.519531 0.068359 0.063477
0 0.975586 0.376953 0.047852 0.056641
0 0.545898 0.753906 0.056641 0.052734
0 0.820312 0.777344 0.069336 0.083008
0 0.879883 0.741211 0.070312 0.080078
0 0.798828 0.875 0.175781 0.082031
0 0.619141 0.875977 0.126953 0.081055
0 0.618164 0.970703 0.082031 0.058594
0 0.603516 0.761719 0.046875 0.064453
0 0.789062 0.901367 0.103516 0.069336
