0 0.044922 0.044922 0.09082 0.09082
0 0.182617 0.02832 0.160156 0.057617
0 0.419922 0.046875 0.101562 0.094727
0 0.880859 0.183594 0.073242 0.05957
0 0.789062 0.12207 0.082031 0.074219
0 0.655273 0.125 0.085938 0.086914
0 0.595703 0.286133 0.102539 0.083984
0 0.766602 0.498047 0.081055 0.086914
0 0.734375 0.583984 0.114258 0.094727
0 0.910156 0.445312 0.074219 0.078125
0 0.916016 0.516602 0.085938 0.097656
0 0.801758 0.936523 0.097656 0.098633
0 0.878906 0.945312 0.083008 0.109375
0 0.704102 0.789062 0.068359 0.060547
0 0.582031 0.68457 0.140625 0.110352
0 0.486328 0.697266 0.085938 0.12207
0 0.344727 0.790039 0.161133 0.102539
0 0.458008 0.885742 0.089844 0.124023
0 0.507812 0.454102 0.09082 0.084961
0 0.313477 0.348633 0.137695 0.083984
0 0.282227 0.253906 0.118164 0.125
0 0.34082 0.519531 0.092773 0.089844
0 0.573242 0.198242 0.138672 0.080078
0 0.108398 0.300781 0.148438 0.057617
0 0.109375 0.349609 0.115234 0.111328
0 0.147461 0.515625 0.109375 0.06543
0 0.217773 0.652344 0.083008 0.085938
0 0.276367 0.635742 0.073242 0.069336
0 0.163086 0.811523 0.116211 0.105469
0 0.068359 0.888672 0.104492 0.110352
0 0.067383 0.963867 0.134766 0.071289
0 0.042969 0.759766 0.085938 0.084961
0 0.321289 0.134766 0.126953 0.094727
0 0.265625 0.1875 0.119141 0.080078
0 0.211914 0.086914 0.070312 0.129883
0 0.138672 0.151367 0.114258 0.09082
0 0.820312 0.375 0.09375 0.053711
0 0.825195 0.056641 0.076172 0.070312
