0 0.081055 0.037109 0.095703 0.075195
0 0.202148 0.8125 0.111328 0.064453
0 0.486328 0.083008 0.087891 0.075195
0 0.201172 0.652344 0.101562 0.045898
0 0.6875 0.710938 0.109375 0.061523
0 0.68457 0.472656 0.09375 0.043945
0 0.326172 0.277344 0.099609 0.06543
0 0.467773 0.700195 0.09668 0.09082
0 0.058594 0.706055 0.109375 0.044922
0 0.359375 0.418945 0.081055 0.054688
0 0.674805 0.180664 0.136719 0.066406
0 0.855469 0.325195 0.110352 0.06543
0 0.50293 0.331055 0.120117 0.048828
0 0.630859 0.02832 0.084961 0.055664
0 0.345703 0.967773 0.112305 0.057617
0 0.430664 0.530273 0.094727 0.036133
0 0.949219 0.692383 0.101562 0.061523
0 0.6875 0.37207 0.129883 0.086914
0 0.988281 0.173828 0.023438 0.040039
0 0.957031 0.353516 0.081055 0.053711
0 0.624023 0.368164 0.112305 0.053711
0 0.907227 0.152344 0.083984 0.048828
0 0.37793 0.696289 0.084961 0.040039
0 0.498047 0.199219 0.082031 0.037109
0 0.510742 0.446289 0.070312 0.049805
0 0.833984 0.72168 0.094727 0.033203
0 0.224609 0.111328 0.089844 0.037109
0 0.762695 0.96582 0.106445 0.054688
0 0.124023 0.169922 0.12793 0.050781
0 0.402344 0.761719 0.088867 0.041016
0 0.367188 0.785156 0.140625 0.047852
0 0.341797 0.467773 0.091797 0.044922
0 0.865234 0.404297 0.083984 0.046875
0 0.523438 0.681641 0.140625 0.037109
0 0.878906 0.777344 0.103516 0.054688
0 0.487305 0.016602 0.066406 0.03418
0 0.180664 0.519531 0.109375 0.035156
0 0.908203 0.442383 0.115234 0.037109
0 0.777344 0.869141 0.077148 0.041992
0 0.97168 0.544922 0.056641 0.027344
0 0.054688 0.767578 0.109375 0.032227
0 0.777344 0.037109 0.123047 0.073242
0 0.779297 0.373047 0.084961 0.049805
0 0.795898 0.160156 0.094727 0.0625
0 0.039062 0.067383 0.078125 0.061523
0 0.561523 0.126953 0.070312 0.055664
0 0.391602 0.652344 0.079102 0.038086
0 0.259766 0.445312 0.080078 0.040039
0 0.102539 0.542969 0.132812 0.032227
0 0.283203 0.287109 0.072266 0.046875
0 0.349609 0.853516 0.082031 0.053711
0 0.871094 0.162109 0.113281 0.060547
0 0.048828 0.106445 0.097656 0.035156
0 0.335938 0.160156 0.108398 0.03418
0 0.28125 0.495117 0.046875 0.039062
0 0.757812 0.566406 0.101562 0.039062
0 0.714844 0.789062 0.100586 0.024414
0 0.959961 0.74707 0.079102 0.029297
0 0.458984 0.973633 0.142578 0.041992
0 0.712891 0.124023 0.074219 0.048828
0 0.644531 0.100586 0.087891 0.050781
0 0.311523 0.708008 0.103516 0.019531
0 0.932617 0.496094 0.084961 0.026367
0 0.092773 0.881836 0.174805 0.030273
0 0.957031 0.046875 0.084961 0.074219
0 0.248047 0.256836 0.089844 0.029297
0 0.642578 0.658203 0.111328 0.040039
0 0.583984 0.831055 0.137695 0.038086
0 0.109375 0.341797 0.094727 0.053711
0 0.217773 0.395508 0.069336 0.044922
0 0.048828 0.046875 0.097656 0.070312
0 0.182617 0.375977 0.126953 0.029297
0 0.591797 0.761719 0.057617 0.019531
0 0.626953 0.433594 0.115234 0.030273
0 0.194336 0.430664 0.063477 0.039062
0 0.306641 0.736328 0.0625 0.040039
0 0.157227 0.742188 0.152344 0.041992
0 0.326172 0.141602 0.094727 0.033203
0 0.023438 0.626953 0.044922 0.039062
0 0.759766 0.101562 0.117188 0.039062
0 0.505859 0.0625 0.047852 0.02832
0 0.869141 0.192383 0.050781 0.033203
0 0.021484 0.467773 0.041016 0.029297
0 0.849609 0.657227 0.12207 0.051758
0 0.8125 0.766602 0.097656 0.043945
0 0.044922 0.739258 0.086914 0.021484
0 0.360352 0.250977 0.098633 0.025391
0 0.882812 0.515625 0.033203 0.045898
0 0.02832 0.18457 0.057617 0.042969
0 0.249023 0.414062 0.05957 0.02832
0 0.016602 0.835938 0.03418 0.017578
0 0.371094 0.941406 0.142578 0.047852
0 0.87793 0.37207 0.072266 0.03125
0 0.017578 0.480469 0.03418 0.029297
0 0.801758 0.126953 0.098633 0.021484
0 0.595703 0.037109 0.12207 0.071289
0 0.047852 0.146484 0.09668 0.054688
0 0.050781 0.128906 0.083008 0.025391
0 0.180664 0.100586 0.105469 0.049805
0 0.219727 0.75293 0.055664 0.039062
0 0.017578 0.793945 0.036133 0.026367
0 0.526367 0.983398 0.085938 0.033203
0 0.780273 0.511719 0.086914 0.023438
0 0.926758 0.729492 0.068359 0.058594
0 0.933594 0.512695 0.06543 0.02832
0 0.816406 0.354492 0.082031 0.05957
0 0.077148 0.179688 0.089844 0.045898
0 0.229492 0.796875 0.073242 0.027344
