0 0.960938 0.546875 0.078125 0.099609
0 0.285156 0.121094 0.180664 0.172852
0 0.592773 0.036133 0.208008 0.073242
0 0.375977 0.332031 0.192383 0.112305
0 0.850586 0.94043 0.227539 0.118164
0 0.652344 0.470703 0.102539 0.102539
0 0.658203 0.139648 0.337891 0.150391
0 0.082031 0.347656 0.125 0.143555
0 0.583984 0.666016 0.129883 0.107422
0 0.712891 0.276367 0.237305 0.120117
0 0.129883 0.575195 0.259766 0.152344
0 0.775391 0.817383 0.222656 0.115234
0 0.291016 0.847656 0.402344 0.297852
0 0.294922 0.742188 0.317383 0.115234
0 0.148438 0.19043 0.277344 0.272461
0 0.061523 0.939453 0.101562 0.109375
0 0.786133 0.424805 0.145508 0.085938
0 0.710938 0.722656 0.142578 0.080078
