0 0.509766 0.025391 0.071289 0.051758
0 0.408203 0.038086 0.124023 0.077148
0 0.141602 0.044922 0.067383 0.051758
0 0.445312 0.148438 0.108398 0.071289
0 0.302734 0.191406 0.056641 0.069336
0 0.674805 0.066406 0.069336 0.09668
0 0.59375 0.057617 0.079102 0.115234
0 0.90332 0.185547 0.073242 0.063477
0 0.966797 0.082031 0.066406 0.133789
0 0.991211 0.048828 0.017578 0.074219
0 0.985352 0.448242 0.02832 0.085938
0 0.631836 0.384766 0.075195 0.060547
0 0.737305 0.240234 0.132812 0.140625
0 0.331055 0.337891 0.103516 0.0625
0 0.081055 0.445312 0.162109 0.072266
0 0.057617 0.583984 0.081055 0.089844
0 0.28125 0.511719 0.169922 0.089844
0 0.456055 0.462891 0.22168 0.061523
0 0.506836 0.536133 0.124023 0.066406
0 0.295898 0.658203 0.166016 0.120117
0 0.407227 0.585938 0.084961 0.072266
0 0.524414 0.804688 0.071289 0.114258
0 0.318359 0.797852 0.135742 0.072266
0 0.057617 0.803711 0.115234 0.109375
0 0.147461 0.646484 0.084961 0.070312
0 0.405273 0.893555 0.136719 0.082031
0 0.741211 0.963867 0.147461 0.072266
0 0.90625 0.615234 0.136719 0.087891
