0 0.056641 0.702148 0.098633 0.053711
0 0.146484 0.719727 0.070312 0.076172
0 0.178711 0.448242 0.080078 0.110352
0 0.208984 0.300781 0.055664 0.076172
0 0.239258 0.230469 0.0625 0.053711
0 0.328125 0.236328 0.069336 0.05957
0 0.375977 0.172852 0.064453 0.068359
0 0.432617 0.195312 0.057617 0.048828
0 0.536133 0.171875 0.043945 0.063477
0 0.591797 0.166992 0.083008 0.125977
0 0.646484 0.318359 0.084961 0.097656
0 0.777344 0.302734 0.080078 0.102539
0 0.969727 0.313477 0.05957 0.097656
0 0.928711 0.326172 0.06543 0.075195
0 0.920898 0.086914 0.0625 0.12207
0 0.975586 0.097656 0.047852 0.111328
0 0.058594 0.098633 0.080078 0.094727
0 0.021484 0.269531 0.043945 0.070312
0 0.121094 0.890625 0.060547 0.080078
0 0.492188 0.891602 0.067383 0.106445
0 0.525391 0.801758 0.086914 0.075195
0 0.547852 0.740234 0.080078 0.073242
0 0.662109 0.804688 0.077148 0.089844
0 0.617188 0.876953 0.077148 0.054688
0 0.84668 0.797852 0.061523 0.073242
0 0.853516 0.688477 0.100586 0.05957
0 0.958984 0.59668 0.082031 0.051758
0 0.756836 0.433594 0.082031 0.085938
0 0.629883 0.500977 0.091797 0.0625
0 0.964844 0.914062 0.069336 0.102539
0 0.967773 0.842773 0.061523 0.064453
0 0.956055 0.763672 0.086914 0.095703
0 0.234375 0.74707 0.068359 0.073242
0 0.424805 0.299805 0.056641 0.06543
0 0.358398 0.34668 0.077148 0.056641
0 0.296875 0.916992 0.038086 0.039062
0 0.165039 0.789062 0.069336 0.049805
0 0.96582 0.249023 0.058594 0.047852
0 0.580078 0.273438 0.057617 0.052734
0 0.229492 0.342773 0.061523 0.044922
0 0.335938 0.275391 0.078125 0.046875
0 0.664062 0.28125 0.106445 0.0625
0 0.816406 0.341797 0.112305 0.067383
0 0.71875 0.84668 0.064453 0.052734
