0 0.091797 0.125977 0.094727 0.087891
0 0.291016 0.394531 0.132812 0.089844
0 0.178711 0.388672 0.075195 0.075195
0 0.104492 0.673828 0.154297 0.075195
0 0.020508 0.375 0.041992 0.092773
0 0.314453 0.327148 0.084961 0.070312
0 0.05957 0.853516 0.089844 0.097656
0 0.03125 0.899414 0.0625 0.075195
0 0.820312 0.498047 0.072266 0.049805
0 0.834961 0.581055 0.067383 0.0625
0 0.135742 0.018555 0.070312 0.038086
0 0.0625 0.043945 0.092773 0.084961
0 0.957031 0.734375 0.064453 0.109375
0 0.957031 0.118164 0.081055 0.112305
