0 0.013672 0.302734 0.02832 0.088867
0 0.0625 0.166992 0.114258 0.099609
0 0.186523 0.194336 0.116211 0.097656
0 0.277344 0.088867 0.061523 0.105469
0 0.227539 0.09082 0.057617 0.097656
0 0.089844 0.09375 0.077148 0.070312
0 0.017578 0.041016 0.036133 0.082031
0 0.365234 0.131836 0.075195 0.069336
0 0.376953 0.238281 0.055664 0.075195
0 0.501953 0.161133 0.071289 0.086914
0 0.472656 0.267578 0.061523 0.063477
0 0.696289 0.207031 0.071289 0.088867
0 0.724609 0.111328 0.086914 0.106445
0 0.795898 0.207031 0.083984 0.088867
0 0.547852 0.400391 0.087891 0.070312
0 0.677734 0.444336 0.06543 0.110352
0 0.227539 0.489258 0.109375 0.081055
0 0.429688 0.538086 0.109375 0.095703
0 0.313477 0.744141 0.094727 0.098633
0 0.094727 0.496094 0.078125 0.106445
0 0.161133 0.59668 0.119141 0.082031
0 0.005859 0.583984 0.012695 0.081055
0 0.053711 0.832031 0.094727 0.111328
0 0.263672 0.958984 0.083008 0.081055
0 0.15332 0.911133 0.126953 0.134766
0 0.529297 0.863281 0.105469 0.099609
0 0.728516 0.808594 0.09082 0.088867
0 0.814453 0.912109 0.073242 0.074219
0 0.964844 0.911133 0.069336 0.083008
0 0.897461 0.793945 0.076172 0.067383
0 0.873047 0.725586 0.079102 0.056641
0 0.746094 0.644531 0.09082 0.078125
0 0.96875 0.642578 0.061523 0.109375
0 0.982422 0.436523 0.035156 0.063477
0 0.930664 0.523438 0.043945 0.079102
0 0.924805 0.391602 0.05957 0.092773
0 0.904297 0.259766 0.085938 0.09082
0 0.967773 0.09082 0.064453 0.079102
0 0.905273 0.886719 0.044922 0.082031
