0 0.025391 0.905273 0.051758 0.043945
0 0.057617 0.865234 0.083984 0.066406
0 0.078125 0.782227 0.120117 0.103516
0 0.064453 0.702148 0.083984 0.116211
0 0.234375 0.804688 0.075195 0.092773
0 0.014648 0.371094 0.030273 0.063477
0 0.111328 0.347656 0.069336 0.078125
0 0.155273 0.444336 0.123047 0.071289
0 0.020508 0.264648 0.041992 0.088867
0 0.036133 0.047852 0.073242 0.095703
0 0.137695 0.026367 0.054688 0.052734
0 0.238281 0.052734 0.099609 0.042969
0 0.304688 0.079102 0.078125 0.082031
0 0.321289 0.212891 0.070312 0.069336
0 0.212891 0.313477 0.071289 0.0625
0 0.34082 0.673828 0.075195 0.09375
0 0.445312 0.37207 0.111328 0.081055
0 0.486328 0.245117 0.074219 0.070312
0 0.395508 0.161133 0.097656 0.068359
0 0.507812 0.194336 0.074219 0.05957
0 0.626953 0.182617 0.071289 0.070312
0 0.620117 0.061523 0.098633 0.067383
0 0.369141 0.070312 0.083008 0.048828
0 0.484375 0.082031 0.15625 0.084961
0 0.773438 0.092773 0.09668 0.06543
0 0.790039 0.316406 0.100586 0.076172
0 0.654297 0.313477 0.082031 0.066406
0 0.664062 0.401367 0.070312 0.064453
0 0.736328 0.357422 0.06543 0.064453
0 0.574219 0.305664 0.06543 0.074219
0 0.697266 0.805664 0.149414 0.080078
0 0.657227 0.875977 0.125 0.082031
0 0.40918 0.883789 0.076172 0.077148
0 0.511719 0.958984 0.092773 0.077148
0 0.549805 0.884766 0.055664 0.044922
0 0.885742 0.985352 0.091797 0.02832
0 0.979492 0.12207 0.041016 0.085938
0 0.980469 0.259766 0.039062 0.098633
0 0.736328 0.886719 0.145508 0.066406
