0 0.224609 0.15625 0.113281 0.09668
0 0.097656 0.298828 0.181641 0.076172
0 0.057617 0.029297 0.115234 0.057617
0 0.589844 0.155273 0.118164 0.128906
0 0.55957 0.225586 0.098633 0.095703
0 0.467773 0.219727 0.071289 0.135742
0 0.65625 0.285156 0.117188 0.082031
0 0.443359 0.386719 0.117188 0.102539
0 0.435547 0.509766 0.101562 0.137695
0 0.554688 0.628906 0.091797 0.163086
0 0.808594 0.575195 0.077148 0.114258
0 0.697266 0.482422 0.100586 0.094727
0 0.673828 0.360352 0.095703 0.066406
0 0.549805 0.344727 0.120117 0.056641
0 0.835938 0.391602 0.091797 0.083008
0 0.963867 0.481445 0.072266 0.072266
0 0.850586 0.238281 0.071289 0.070312
0 0.845703 0.147461 0.05957 0.0625
0 0.956055 0.213867 0.0625 0.079102
0 0.376953 0.798828 0.152344 0.089844
0 0.560547 0.825195 0.089844 0.087891
0 0.96582 0.805664 0.067383 0.082031
0 0.960938 0.907227 0.077148 0.06543
0 0.837891 0.918945 0.115234 0.071289
0 0.151367 0.84375 0.082031 0.071289
0 0.177734 0.96582 0.135742 0.067383
0 0.492188 0.963867 0.102539 0.072266
0 0.032227 0.132812 0.064453 0.098633
0 0.175781 0.030273 0.058594 0.061523
0 0.43457 0.954102 0.167969 0.091797
