0 0.030273 0.979492 0.061523 0.041016
0 0.15332 0.860352 0.063477 0.068359
0 0.209961 0.890625 0.077148 0.072266
0 0.21582 0.961914 0.087891 0.075195
0 0.325195 0.834961 0.082031 0.063477
0 0.366211 0.902344 0.064453 0.087891
0 0.488281 0.931641 0.080078 0.071289
0 0.522461 0.884766 0.068359 0.066406
0 0.625 0.929688 0.083984 0.082031
0 0.621094 0.982422 0.082031 0.03418
0 0.956055 0.970703 0.077148 0.058594
0 0.97168 0.896484 0.055664 0.0625
0 0.982422 0.818359 0.03418 0.058594
0 0.847656 0.700195 0.06543 0.095703
0 0.607422 0.698242 0.069336 0.068359
0 0.677734 0.647461 0.075195 0.074219
0 0.833984 0.585938 0.086914 0.076172
0 0.880859 0.617188 0.058594 0.095703
0 0.876953 0.50293 0.049805 0.073242
0 0.750977 0.494141 0.082031 0.076172
0 0.660156 0.481445 0.064453 0.05957
0 0.582031 0.49707 0.068359 0.068359
0 0.525391 0.573242 0.076172 0.072266
0 0.671875 0.378906 0.068359 0.0625
0 0.579102 0.301758 0.070312 0.077148
0 0.75293 0.234375 0.072266 0.056641
0 0.439453 0.177734 0.067383 0.05957
0 0.5 0.174805 0.060547 0.055664
0 0.488281 0.110352 0.080078 0.070312
0 0.594727 0.076172 0.051758 0.05957
0 0.705078 0.115234 0.067383 0.057617
0 0.836914 0.021484 0.069336 0.043945
0 0.947266 0.039062 0.082031 0.079102
0 0.271484 0.015625 0.068359 0.032227
0 0.381836 0.058594 0.072266 0.094727
0 0.270508 0.167969 0.05957 0.075195
0 0.204102 0.597656 0.099609 0.091797
0 0.161133 0.391602 0.053711 0.066406
0 0.134766 0.295898 0.053711 0.060547
0 0.074219 0.291016 0.064453 0.051758
0 0.067383 0.351562 0.075195 0.082031
0 0.036133 0.442383 0.063477 0.066406
0 0.026367 0.521484 0.052734 0.051758
0 0.026367 0.157227 0.053711 0.064453
0 0.087891 0.079102 0.066406 0.063477
0 0.254883 0.451172 0.068359 0.06543
0 0.126953 0.128906 0.061523 0.05957
0 0.848633 0.52832 0.061523 0.066406
0 0.863281 0.978516 0.067383 0.042969
0 0.473633 0.980469 0.077148 0.039062
0 0.099609 0.422852 0.063477 0.050781
0 0.695312 0.510742 0.048828 0.052734
0 0.571289 0.054688 0.052734 0.074219
