0 0.102539 0.762695 0.111328 0.147461
0 0.847656 0.731445 0.118164 0.094727
0 0.15332 0.137695 0.116211 0.197266
0 0.453125 0.414062 0.102539 0.145508
0 0.334961 0.504883 0.115234 0.121094
0 0.720703 0.178711 0.102539 0.120117
0 0.736328 0.942383 0.165039 0.115234
0 0.580078 0.901367 0.092773 0.091797
0 0.966797 0.602539 0.06543 0.091797
0 0.681641 0.674805 0.120117 0.115234
0 0.716797 0.28125 0.086914 0.074219
0 0.620117 0.078125 0.113281 0.133789
0 0.652344 0.585938 0.133789 0.142578
0 0.961914 0.479492 0.075195 0.089844
0 0.587891 0.206055 0.083984 0.075195
0 0.744141 0.375 0.084961 0.077148
0 0.472656 0.811523 0.075195 0.063477
0 0.308594 0.21582 0.074219 0.074219
