0 0.054688 0.126953 0.042969 0.107422
0 0.104492 0.155273 0.049805 0.083984
0 0.182617 0.057617 0.053711 0.091797
0 0.348633 0.157227 0.076172 0.09082
0 0.174805 0.192383 0.051758 0.071289
0 0.162109 0.258789 0.060547 0.049805
0 0.212891 0.257812 0.060547 0.039062
0 0.18457 0.308594 0.088867 0.051758
0 0.288086 0.291992 0.044922 0.050781
0 0.025391 0.288086 0.051758 0.060547
0 0.040039 0.336914 0.064453 0.054688
0 0.072266 0.302734 0.051758 0.064453
0 0.079102 0.484375 0.051758 0.088867
0 0.143555 0.470703 0.060547 0.080078
0 0.108398 0.421875 0.056641 0.040039
0 0.599609 0.222656 0.067383 0.083984
0 0.65918 0.181641 0.051758 0.085938
0 0.75 0.130859 0.070312 0.085938
0 0.666992 0.231445 0.035156 0.068359
0 0.643555 0.294922 0.074219 0.067383
0 0.600586 0.360352 0.094727 0.087891
0 0.87793 0.207031 0.043945 0.067383
0 0.935547 0.240234 0.046875 0.056641
0 0.947266 0.429688 0.068359 0.085938
0 0.925781 0.59375 0.083984 0.083984
0 0.894531 0.660156 0.069336 0.05957
0 0.798828 0.650391 0.071289 0.044922
0 0.450195 0.523438 0.061523 0.076172
0 0.333008 0.529297 0.063477 0.053711
0 0.324219 0.576172 0.058594 0.057617
0 0.344727 0.661133 0.09082 0.050781
0 0.433594 0.676758 0.079102 0.048828
0 0.469727 0.724609 0.074219 0.054688
0 0.702148 0.757812 0.064453 0.080078
0 0.838867 0.78418 0.09668 0.060547
0 0.893555 0.723633 0.094727 0.052734
0 0.96875 0.789062 0.056641 0.070312
0 0.02832 0.984375 0.057617 0.030273
0 0.182617 0.988281 0.06543 0.022461
0 0.030273 0.866211 0.041992 0.048828
0 0.010742 0.807617 0.022461 0.0625
0 0.12207 0.727539 0.069336 0.054688
0 0.180664 0.771484 0.043945 0.053711
0 0.430664 0.803711 0.069336 0.061523
0 0.364258 0.941406 0.05957 0.061523
0 0.09375 0.552734 0.036133 0.043945
0 0.123047 0.579102 0.058594 0.071289
0 0.197266 0.570312 0.074219 0.053711
0 0.197266 0.610352 0.050781 0.055664
0 0.166992 0.665039 0.056641 0.061523
0 0.223633 0.666992 0.063477 0.05957
0 0.282227 0.686523 0.060547 0.061523
0 0.71875 0.848633 0.064453 0.06543
0 0.008789 0.551758 0.017578 0.03125
0 0.044922 0.539062 0.033203 0.066406
0 0.148438 0.442383 0.063477 0.041992
0 0.072266 0.40332 0.045898 0.03125
0 0.574219 0.764648 0.033203 0.027344
0 0.216797 0.227539 0.047852 0.060547
0 0.166992 0.373047 0.02832 0.033203
0 0.734375 0.84668 0.049805 0.02832
0 0.944336 0.204102 0.051758 0.046875
