0 0.019531 0.347656 0.039062 0.044922
0 0.155273 0.324219 0.102539 0.134766
0 0.165039 0.138672 0.061523 0.076172
0 0.013672 0.979492 0.027344 0.040039
0 0.216797 0.990234 0.076172 0.019531
0 0.173828 0.916016 0.0625 0.082031
0 0.249023 0.923828 0.055664 0.09375
0 0.149414 0.816406 0.068359 0.066406
0 0.333008 0.986328 0.087891 0.026367
0 0.526367 0.983398 0.104492 0.032227
0 0.756836 0.991211 0.054688 0.016602
0 0.833984 0.975586 0.066406 0.047852
0 0.887695 0.871094 0.079102 0.083008
0 0.973633 0.900391 0.051758 0.058594
0 0.939453 0.969727 0.083008 0.05957
0 0.025391 0.483398 0.051758 0.069336
0 0.082031 0.552734 0.088867 0.063477
0 0.165039 0.579102 0.047852 0.06543
0 0.114258 0.658203 0.056641 0.060547
0 0.205078 0.664062 0.084961 0.070312
0 0.240234 0.759766 0.080078 0.056641
0 0.359375 0.851562 0.060547 0.061523
0 0.479492 0.892578 0.083008 0.085938
0 0.628906 0.837891 0.072266 0.095703
0 0.572266 0.860352 0.05957 0.171875
0 0.432617 0.821289 0.070312 0.103516
0 0.474609 0.689453 0.075195 0.074219
0 0.556641 0.664062 0.066406 0.088867
0 0.640625 0.722656 0.092773 0.067383
0 0.756836 0.654297 0.066406 0.071289
0 0.929688 0.572266 0.088867 0.06543
0 0.949219 0.700195 0.051758 0.057617
0 0.885742 0.779297 0.072266 0.053711
0 0.967773 0.791992 0.064453 0.091797
0 0.632812 0.62793 0.077148 0.05957
0 0.560547 0.540039 0.067383 0.089844
0 0.709961 0.560547 0.053711 0.0625
0 0.801758 0.416992 0.064453 0.074219
0 0.816406 0.499023 0.060547 0.066406
0 0.897461 0.463867 0.071289 0.078125
0 0.363281 0.483398 0.072266 0.066406
0 0.313477 0.568359 0.125 0.079102
0 0.176758 0.506836 0.089844 0.080078
0 0.379883 0.392578 0.0625 0.118164
0 0.483398 0.422852 0.087891 0.113281
0 0.551758 0.227539 0.078125 0.145508
0 0.786133 0.298828 0.098633 0.154297
0 0.875977 0.326172 0.083984 0.079102
0 0.447266 0.168945 0.069336 0.074219
0 0.282227 0.018555 0.044922 0.037109
0 0.132812 0.022461 0.072266 0.044922
0 0.356445 0.054688 0.125 0.09082
0 0.896484 0.101562 0.058594 0.09375
0 0.833984 0.042969 0.071289 0.082031
0 0.982422 0.053711 0.035156 0.077148
0 0.988281 0.987305 0.023438 0.024414
