0 0.75 0.345703 0.192383 0.147461
0 0.635742 0.722656 0.107422 0.083008
0 0.232422 0.40332 0.102539 0.078125
0 0.230469 0.30957 0.12207 0.095703
0 0.182617 0.573242 0.112305 0.107422
0 0.883789 0.80957 0.110352 0.095703
0 0.515625 0.413086 0.147461 0.167969
0 0.070312 0.547852 0.118164 0.083008
0 0.444336 0.293945 0.110352 0.100586
0 0.509766 0.959961 0.099609 0.080078
0 0.391602 0.423828 0.09082 0.120117
0 0.425781 0.625977 0.117188 0.126953
0 0.685547 0.854492 0.152344 0.119141
0 0.490234 0.539062 0.118164 0.114258
0 0.828125 0.079102 0.137695 0.084961
0 0.054688 0.664062 0.099609 0.079102
0 0.063477 0.751953 0.126953 0.109375
0 0.092773 0.126953 0.09668 0.175781
0 0.919922 0.448242 0.089844 0.0625
0 0.6875 0.626953 0.147461 0.109375
0 0.063477 0.311523 0.097656 0.104492
0 0.768555 0.667969 0.132812 0.072266
0 0.944336 0.99707 0.094727 0.005859
0 0.420898 0.695312 0.082031 0.0625
0 0.107422 0.488281 0.137695 0.091797
0 0.949219 0.145508 0.100586 0.0625
