0 0.81543 0.385742 0.112305 0.078125
0 0.105469 0.288086 0.092773 0.092773
0 0.222656 0.325195 0.077148 0.057617
0 0.786133 0.611328 0.107422 0.049805
0 0.735352 0.554688 0.118164 0.080078
0 0.364258 0.78418 0.084961 0.094727
0 0.865234 0.896484 0.107422 0.078125
0 0.770508 0.75293 0.117188 0.067383
0 0.364258 0.506836 0.084961 0.064453
0 0.672852 0.417969 0.107422 0.083008
0 0.486328 0.429688 0.104492 0.070312
0 0.716797 0.913086 0.109375 0.097656
0 0.823242 0.029297 0.082031 0.05957
0 0.174805 0.417969 0.070312 0.067383
0 0.168945 0.124023 0.069336 0.069336
0 0.333984 0.34668 0.100586 0.069336
0 0.243164 0.770508 0.072266 0.067383
0 0.37207 0.163086 0.089844 0.0625
0 0.239258 0.480469 0.099609 0.083008
0 0.5625 0.821289 0.112305 0.139648
0 0.892578 0.754883 0.102539 0.080078
0 0.209961 0.641602 0.092773 0.100586
0 0.456055 0.073242 0.097656 0.0625
0 0.633789 0.642578 0.235352 0.083008
0 0.029297 0.050781 0.05957 0.072266
0 0.227539 0.114258 0.057617 0.089844
0 0.499023 0.87793 0.104492 0.112305
0 0.730469 0.327148 0.1875 0.089844
0 0.470703 0.128906 0.169922 0.047852
0 0.933594 0.831055 0.097656 0.072266
0 0.949219 0.600586 0.100586 0.057617
0 0.560547 0.744141 0.067383 0.069336
0 0.228516 0.582031 0.107422 0.054688
0 0.175781 0.735352 0.0625 0.067383
0 0.90332 0.324219 0.097656 0.054688
0 0.027344 0.53418 0.054688 0.075195
0 0.868164 0.287109 0.142578 0.109375
0 0.733398 0.125977 0.078125 0.0625
0 0.944336 0.551758 0.110352 0.054688
0 0.287109 0.375977 0.064453 0.0625
0 0.183594 0.951172 0.084961 0.084961
0 0.300781 0.480469 0.072266 0.057617
0 0.55957 0.431641 0.089844 0.05957
0 0.043945 0.861328 0.055664 0.05957
0 0.013672 0.844727 0.027344 0.070312
0 0.37207 0.97168 0.070312 0.055664
0 0.62207 0.694336 0.109375 0.054688
0 0.131836 0.887695 0.060547 0.086914
0 0.96582 0.491211 0.068359 0.0625
0 0.802734 0.916992 0.107422 0.052734
0 0.140625 0.000977 0.057617 0.001953
0 0.817383 0.785156 0.035156 0.057617
0 0.27832 0.541992 0.042969 0.060547
0 0.6875 0.40918 0.125 0.044922
0 0.77832 0.282227 0.113281 0.044922
0 0.96875 0.097656 0.0625 0.047852
0 0.873047 0.03418 0.047852 0.044922
0 0.638672 0.131836 0.097656 0.040039
0 0.361328 0.102539 0.05957 0.057617
0 0.275391 0.12207 0.041992 0.074219
