0 0.053711 0.03125 0.107422 0.045898
0 0.459961 0.017578 0.145508 0.036133
0 0.511719 0.046875 0.103516 0.055664
0 0.763672 0.038086 0.089844 0.044922
0 0.964844 0.024414 0.070312 0.048828
0 0.897461 0.041992 0.038086 0.036133
0 0.383789 0.06543 0.152344 0.030273
0 0.681641 0.073242 0.113281 0.037109
0 0.352539 0.272461 0.075195 0.042969
0 0.211914 0.296875 0.06543 0.039062
0 0.120117 0.34668 0.097656 0.060547
0 0.137695 0.394531 0.116211 0.039062
0 0.238281 0.379883 0.079102 0.047852
0 0.321289 0.361328 0.099609 0.049805
0 0.449219 0.363281 0.115234 0.033203
0 0.702148 0.317383 0.070312 0.045898
0 0.685547 0.367188 0.05957 0.047852
0 0.874023 0.391602 0.057617 0.056641
0 0.867188 0.49707 0.136719 0.026367
0 0.873047 0.474609 0.032227 0.041992
0 0.850586 0.512695 0.169922 0.035156
0 0.466797 0.463867 0.0625 0.039062
0 0.254883 0.428711 0.128906 0.042969
0 0.229492 0.490234 0.108398 0.044922
0 0.145508 0.537109 0.108398 0.032227
0 0.207031 0.557617 0.146484 0.041016
0 0.410156 0.583008 0.076172 0.105469
0 0.263672 0.770508 0.12207 0.057617
0 0.231445 0.806641 0.120117 0.047852
0 0.060547 0.829102 0.107422 0.067383
0 0.193359 0.878906 0.075195 0.029297
0 0.208984 0.93457 0.113281 0.074219
0 0.279297 0.930664 0.050781 0.060547
0 0.589844 0.770508 0.099609 0.050781
0 0.53418 0.820312 0.064453 0.052734
0 0.50293 0.832031 0.107422 0.066406
0 0.605469 0.964844 0.036133 0.070312
0 0.620117 0.985352 0.106445 0.029297
0 0.783203 0.867188 0.094727 0.053711
0 0.828125 0.816406 0.06543 0.068359
0 0.889648 0.847656 0.095703 0.049805
0 0.966797 0.873047 0.066406 0.048828
0 0.995117 0.951172 0.008789 0.043945
0 0.943359 0.977539 0.080078 0.044922
0 0.962891 0.609375 0.073242 0.075195
0 0.69043 0.519531 0.057617 0.03418
0 0.743164 0.34375 0.036133 0.03125
0 0.125 0.352539 0.102539 0.032227
0 0.405273 0.34375 0.051758 0.048828
