0 0.952148 0.625 0.094727 0.049805
0 0.569336 0.297852 0.091797 0.077148
0 0.818359 0.257812 0.116211 0.083984
0 0.976562 0.262695 0.045898 0.061523
0 0.767578 0.614258 0.086914 0.051758
0 0.299805 0.027344 0.086914 0.055664
0 0.731445 0.245117 0.064453 0.080078
0 0.835938 0.129883 0.12207 0.05957
0 0.456055 0.204102 0.094727 0.053711
0 0.583008 0.786133 0.095703 0.045898
0 0.643555 0.310547 0.095703 0.0625
0 0.619141 0.196289 0.09668 0.104492
0 0.46875 0.026367 0.115234 0.051758
0 0.136719 0.444336 0.115234 0.054688
0 0.916992 0.226562 0.064453 0.073242
0 0.411133 0.458984 0.083008 0.049805
0 0.083008 0.185547 0.107422 0.103516
0 0.637695 0.174805 0.092773 0.083008
0 0.215234 0.655957 0.180176 0.101562
0 0.46875 0.069336 0.120117 0.083984
0 0.84082 0.338867 0.129883 0.040039
0 0.792969 0.535156 0.092773 0.054688
0 0.30957 0.089844 0.105469 0.046875
0 0.688477 0.389648 0.160156 0.074219
0 0.683594 0.641602 0.09375 0.047852
0 0.211914 0.865234 0.15625 0.085938
0 0.598633 0.254883 0.0625 0.055664
0 0.402344 0.606445 0.152344 0.045898
0 0.19043 0.913086 0.142578 0.073242
0 0.52832 0.689453 0.089844 0.033203
0 0.936523 0.505859 0.125977 0.06543
0 0.760742 0.701172 0.094727 0.041992
0 0.415039 0.258789 0.119141 0.05957
0 0.381836 0.142578 0.087891 0.036133
0 0.365234 0.345703 0.079102 0.039062
0 0.302734 0.511719 0.149414 0.054688
0 0.422852 0.235352 0.155273 0.081055
0 0.743164 0.530273 0.0625 0.064453
0 0.579102 0.445312 0.051758 0.082031
0 0.947266 0.038086 0.06543 0.043945
0 0.457031 0.898438 0.119141 0.041992
0 0.938477 0.680664 0.066406 0.036133
0 0.104492 0.400391 0.114258 0.032227
0 0.393555 0.546875 0.106445 0.026367
0 0.762695 0.458984 0.083984 0.03418
0 0.961914 0.098633 0.075195 0.063477
0 0.231445 0.380859 0.087891 0.042969
0 0.738281 0.938477 0.118164 0.05957
0 0.870117 0.224609 0.080078 0.047852
0 0.049805 0.987305 0.099609 0.024414
0 0.431641 0.707031 0.146484 0.080078
0 0.255859 0.412109 0.116211 0.041016
0 0.237305 0.210938 0.076172 0.055664
0 0.864258 0.792969 0.078125 0.035156
0 0.358398 0.019531 0.083984 0.039062
0 0.679688 0.766602 0.094727 0.041992
0 0.850586 0.666016 0.098633 0.041016
0 0.265625 0.34375 0.083008 0.025391
0 0.095703 0.12793 0.086914 0.068359
0 0.640625 0.584961 0.053711 0.037109
0 0.178711 0.016602 0.046875 0.033203
0 0.52832 0.12793 0.083984 0.040039
0 0.310547 0.291992 0.081055 0.040039
0 0.90918 0.773438 0.105469 0.039062
0 0.457031 0.727539 0.104492 0.03125
0 0.665039 0.950195 0.211914 0.058594
0 0.522461 0.009766 0.042969 0.019531
0 0.163086 0.19043 0.067383 0.066406
0 0.363281 0.964844 0.079102 0.03418
0 0.595703 0.573242 0.087891 0.043945
0 0.061523 0.907227 0.106445 0.03125
0 0.548828 0.967773 0.121094 0.030273
0 0.613281 0.638672 0.089844 0.071289
0 0.555664 0.637695 0.107422 0.040039
0 0.513672 0.539062 0.134766 0.041016
0 0.477539 0.344727 0.09375 0.074219
0 0.165039 0.485352 0.129883 0.066406
0 0.071289 0.870117 0.108398 0.039062
0 0.46582 0.883789 0.119141 0.047852
0 0.46875 0.925781 0.144531 0.041016
0 0.722656 0.134766 0.082031 0.03125
