0 0.477539 0.803711 0.048828 0.083984
0 0.083984 0.235352 0.060547 0.077148
0 0.255859 0.792969 0.05957 0.081055
0 0.524414 0.235352 0.076172 0.073242
0 0.227539 0.165039 0.056641 0.073242
0 0.142578 0.141602 0.06543 0.069336
0 0.571289 0.535156 0.055664 0.117188
0 0.007812 0.484375 0.016602 0.054688
0 0.135742 0.564453 0.044922 0.071289
0 0.640625 0.822266 0.083984 0.051758
0 0.650391 0.503906 0.050781 0.073242
0 0.586914 0.051758 0.03418 0.094727
0 0.44043 0.192383 0.040039 0.09082
0 0.296875 0.223633 0.071289 0.056641
0 0.207031 0.916992 0.046875 0.075195
0 0.055664 0.130859 0.043945 0.091797
0 0.200195 0.740234 0.074219 0.048828
0 0.229492 0.460938 0.061523 0.049805
0 0.379883 0.511719 0.057617 0.066406
0 0.946289 0.132812 0.050781 0.064453
0 0.248047 0.025391 0.047852 0.032227
0 0.273438 0.651367 0.077148 0.036133
0 0.755859 0.273438 0.054688 0.056641
0 0.944336 0.205078 0.026367 0.072266
0 0.978516 0.352539 0.041992 0.0625
0 0.268555 0.553711 0.063477 0.0625
0 0.294922 0.319336 0.038086 0.061523
0 0.408203 0.844727 0.103516 0.098633
0 0.430664 0.499023 0.077148 0.047852
0 0.882812 0.462891 0.056641 0.073242
0 0.980469 0.570312 0.026367 0.087891
0 0.694336 0.233398 0.029297 0.06543
0 0.118164 0.484375 0.050781 0.032227
0 0.232422 0.499023 0.053711 0.061523
0 0.821289 0.546875 0.032227 0.074219
0 0.900391 0.026367 0.038086 0.053711
0 0.07207 0.824609 0.056641 0.042969
0 0.322266 0.483398 0.041992 0.074219
0 0.271484 0.938477 0.051758 0.029297
0 0.680664 0.640625 0.051758 0.054688
0 0.801758 0.6875 0.058594 0.027344
0 0.035156 0.755859 0.070312 0.02832
0 0.96875 0.765625 0.030273 0.075195
0 0.338867 0.451172 0.039062 0.053711
0 0.919922 0.922852 0.030273 0.061523
0 0.145508 0.87793 0.056641 0.042969
0 0.5 0.572266 0.046875 0.060547
0 0.02832 0.486328 0.041992 0.072266
0 0.351562 0.573242 0.02832 0.046875
0 0.654297 0.946289 0.050781 0.029297
0 0.030273 0.730469 0.049805 0.051758
0 0.904297 0.841797 0.033203 0.046875
0 0.057617 0.875977 0.040039 0.025391
0 0.40332 0.014648 0.029297 0.02832
0 0.442383 0.894531 0.045898 0.054688
0 0.021484 0.804688 0.042969 0.058594
0 0.858398 0.554688 0.040039 0.042969
0 0.388672 0.157227 0.067383 0.055664
0 0.527344 0.882812 0.047852 0.036133
0 0.990234 0.712891 0.019531 0.078125
0 0.042969 0.946289 0.075195 0.047852
