0 0.780273 0.913086 0.113281 0.071289
0 0.667969 0.970703 0.095703 0.058594
0 0.657227 0.929688 0.116211 0.083984
0 0.056641 0.046875 0.113281 0.072266
0 0.639648 0.49707 0.124023 0.081055
0 0.571289 0.513672 0.103516 0.074219
0 0.22168 0.03418 0.081055 0.068359
0 0.493164 0.933594 0.195312 0.075195
0 0.472656 0.634766 0.169922 0.147461
0 0.518555 0.756836 0.163086 0.09375
0 0.337891 0.085938 0.088867 0.09375
0 0.301758 0.411133 0.200195 0.155273
0 0.400391 0.883789 0.319336 0.089844
0 0.550781 0.37207 0.160156 0.120117
0 0.666016 0.688477 0.129883 0.229492
0 0.416016 0.362305 0.196289 0.09375
0 0.77832 0.97168 0.09082 0.056641
0 0.02832 0.602539 0.057617 0.080078
0 0.050781 0.540039 0.102539 0.054688
0 0.130859 0.356445 0.087891 0.09668
0 0.166992 0.425781 0.087891 0.080078
0 0.157227 0.063477 0.081055 0.055664
0 0.091797 0.240234 0.057617 0.046875
0 0.164062 0.016602 0.057617 0.033203
0 0.916992 0.883789 0.048828 0.05957
