0 0.349609 0.81543 0.09668 0.136719
0 0.275391 0.448242 0.119141 0.112305
0 0.308594 0.606445 0.142578 0.135742
0 0.397461 0.191406 0.123047 0.152344
0 0.922852 0.645508 0.12793 0.137695
0 0.391602 0.041992 0.125 0.084961
0 0.920898 0.083984 0.15625 0.117188
0 0.496094 0.874023 0.132812 0.155273
0 0.539062 0.376953 0.109375 0.100586
0 0.701172 0.928711 0.174805 0.134766
0 0.706055 0.109375 0.120117 0.105469
0 0.458008 0.618164 0.09082 0.097656
0 0.750977 0.220703 0.104492 0.084961
0 0.115234 0.966797 0.094727 0.0625
