0 0.345703 0.938477 0.077148 0.074219
0 0.325195 0.881836 0.100586 0.082031
0 0.395508 0.941406 0.05957 0.089844
0 0.208984 0.850586 0.083984 0.111328
0 0.583984 0.899414 0.120117 0.074219
0 0.662109 0.887695 0.040039 0.083008
0 0.615234 0.931641 0.052734 0.05957
0 0.8125 0.907227 0.131836 0.081055
0 0.03125 0.853516 0.063477 0.072266
0 0.041016 0.550781 0.05957 0.086914
0 0.176758 0.610352 0.113281 0.094727
0 0.219727 0.541016 0.077148 0.073242
0 0.269531 0.618164 0.088867 0.095703
0 0.294922 0.691406 0.071289 0.078125
0 0.359375 0.570312 0.068359 0.064453
0 0.257812 0.412109 0.076172 0.083008
0 0.186523 0.331055 0.105469 0.091797
0 0.547852 0.583984 0.123047 0.137695
0 0.630859 0.667969 0.103516 0.114258
0 0.739258 0.698242 0.074219 0.135742
0 0.792969 0.760742 0.0625 0.053711
0 0.852539 0.667969 0.098633 0.088867
0 0.907227 0.625 0.077148 0.068359
0 0.786133 0.569336 0.082031 0.094727
0 0.744141 0.395508 0.079102 0.110352
0 0.610352 0.839844 0.083984 0.060547
0 0.043945 0.953125 0.079102 0.081055
0 0.378906 0.856445 0.087891 0.092773
0 0.833984 0.87207 0.132812 0.056641
0 0.313477 0.558594 0.050781 0.05957
0 0.035156 0.428711 0.044922 0.048828
