0 0.430664 0.974609 0.149414 0.049805
0 0.365234 0.9375 0.061523 0.053711
0 0.336914 0.870117 0.088867 0.080078
0 0.169922 0.878906 0.088867 0.080078
0 0.091797 0.938477 0.101562 0.112305
0 0.035156 0.53125 0.070312 0.073242
0 0.025391 0.446289 0.051758 0.09668
0 0.110352 0.567383 0.088867 0.094727
0 0.300781 0.441406 0.072266 0.073242
0 0.369141 0.478516 0.060547 0.069336
0 0.31543 0.509766 0.070312 0.077148
0 0.428711 0.511719 0.0625 0.066406
0 0.40918 0.550781 0.076172 0.068359
0 0.458984 0.591797 0.075195 0.085938
0 0.561523 0.512695 0.110352 0.137695
0 0.560547 0.623047 0.079102 0.057617
0 0.335938 0.34375 0.06543 0.074219
0 0.070312 0.317383 0.089844 0.09082
0 0.038086 0.12207 0.056641 0.068359
0 0.294922 0.033203 0.066406 0.066406
0 0.695312 0.02832 0.061523 0.055664
0 0.800781 0.075195 0.080078 0.080078
0 0.797852 0.288086 0.070312 0.09375
0 0.874023 0.294922 0.080078 0.080078
0 0.913086 0.376953 0.083008 0.073242
0 0.842773 0.405273 0.071289 0.101562
0 0.854492 0.464844 0.083008 0.066406
0 0.325195 0.303711 0.070312 0.053711
0 0.129883 0.539062 0.063477 0.067383
0 0.347656 0.979492 0.058594 0.041016
0 0.923828 0.336914 0.048828 0.044922
0 0.990234 0.030273 0.018555 0.060547
