0 0.895508 0.988281 0.071289 0.022461
0 0.988281 0.966797 0.022461 0.066406
0 0.810547 0.905273 0.083008 0.100586
0 0.685547 0.936523 0.078125 0.068359
0 0.448242 0.962891 0.131836 0.074219
0 0.332031 0.97168 0.109375 0.055664
0 0.25 0.978516 0.068359 0.041992
0 0.104492 0.87207 0.063477 0.170898
0 0.022461 0.691406 0.045898 0.097656
0 0.142578 0.652344 0.072266 0.170898
0 0.202148 0.833008 0.125 0.100586
0 0.333984 0.774414 0.097656 0.094727
0 0.490234 0.825195 0.143555 0.083008
0 0.547852 0.780273 0.15918 0.119141
0 0.353516 0.604492 0.094727 0.067383
0 0.443359 0.52832 0.101562 0.056641
0 0.582031 0.639648 0.099609 0.085938
0 0.675781 0.728516 0.091797 0.076172
0 0.732422 0.699219 0.069336 0.118164
0 0.800781 0.803711 0.140625 0.118164
0 0.900391 0.77832 0.075195 0.077148
0 0.96875 0.735352 0.061523 0.094727
0 0.963867 0.87207 0.072266 0.097656
0 0.737305 0.575195 0.073242 0.080078
0 0.860352 0.62793 0.075195 0.09375
0 0.742188 0.470703 0.148438 0.121094
0 0.806641 0.445312 0.06543 0.06543
0 0.963867 0.56543 0.072266 0.070312
0 0.986328 0.444336 0.027344 0.078125
0 0.817383 0.356445 0.24707 0.075195
0 0.573242 0.402344 0.133789 0.117188
0 0.439453 0.320312 0.100586 0.085938
0 0.407227 0.393555 0.073242 0.075195
0 0.332031 0.442383 0.109375 0.069336
0 0.207031 0.441406 0.115234 0.071289
0 0.104492 0.30957 0.102539 0.110352
0 0.158203 0.1875 0.105469 0.082031
0 0.224609 0.138672 0.060547 0.19043
0 0.342773 0.081055 0.09082 0.100586
0 0.47168 0.051758 0.117188 0.068359
0 0.438477 0.182617 0.09082 0.088867
0 0.568359 0.19043 0.083984 0.087891
0 0.541016 0.292969 0.105469 0.0625
0 0.700195 0.249023 0.076172 0.061523
0 0.650391 0.112305 0.110352 0.09375
0 0.584961 0.05957 0.12207 0.120117
0 0.803711 0.03125 0.045898 0.063477
0 0.868164 0.060547 0.09668 0.121094
0 0.858398 0.138672 0.265625 0.089844
0 0.885742 0.25 0.131836 0.194336
0 0.34668 0.69043 0.09082 0.072266
0 0.549805 0.907227 0.09375 0.069336
0 0.759766 0.639648 0.074219 0.094727
0 0.763672 0.991211 0.092773 0.016602
0 0.634766 0.858398 0.100586 0.099609
0 0.664062 0.333984 0.109375 0.09668
0 0.956055 0.297852 0.086914 0.12207
0 0.927734 0.428711 0.09668 0.052734
