0 0.828125 0.599609 0.142578 0.095703
0 0.34082 0.053711 0.117188 0.107422
0 0.043945 0.087891 0.06543 0.083008
0 0.760742 0.508789 0.091797 0.06543
0 0.366211 0.339844 0.084961 0.125
0 0.119141 0.476562 0.160156 0.055664
0 0.714844 0.911133 0.054688 0.142578
0 0.039062 0.198242 0.079102 0.126953
0 0.120117 0.96582 0.12793 0.068359
0 0.47168 0.068359 0.129883 0.136719
0 0.282227 0.717773 0.259766 0.09668
0 0.113281 0.095703 0.078125 0.057617
0 0.242188 0.441406 0.150391 0.069336
0 0.891602 0.836914 0.161133 0.223633
0 0.231445 0.195312 0.180664 0.09668
0 0.811523 0.178711 0.05957 0.0625
0 0.355469 0.217773 0.0625 0.118164
0 0.686523 0.383789 0.134766 0.098633
0 0.706055 0.291992 0.162109 0.154297
0 0.495117 0.022461 0.086914 0.044922
0 0.594727 0.114258 0.070312 0.080078
0 0.783203 0.87793 0.078125 0.067383
0 0.402344 0.875 0.089844 0.202148
0 0.651367 0.583008 0.129883 0.077148
0 0.65332 0.938477 0.072266 0.082031
0 0.118164 0.287109 0.112305 0.115234
0 0.702148 0.049805 0.105469 0.099609
0 0.166992 0.296875 0.095703 0.185547
0 0.530273 0.269531 0.073242 0.179688
0 0.219727 0.802734 0.099609 0.073242
0 0.15918 0.041992 0.075195 0.060547
0 0.711914 0.024414 0.173828 0.048828
0 0.123047 0.162109 0.0625 0.070312
0 0.3125 0.905273 0.067383 0.077148
0 0.503906 0.87793 0.084961 0.243164
0 0.142578 0.199219 0.092773 0.094727
0 0.599609 0.890625 0.114258 0.208008
0 0.5625 0.037109 0.077148 0.074219
0 0.962891 0.148438 0.073242 0.126953
0 0.150391 0.378906 0.237305 0.120117
0 0.601562 0.199219 0.05957 0.115234
0 0.658203 0.078125 0.117188 0.052734
0 0.820312 0.969727 0.102539 0.060547
0 0.396484 0.65332 0.075195 0.123047
0 0.022461 0.974609 0.044922 0.050781
0 0.564453 0.248047 0.070312 0.107422
0 0.630859 0.526367 0.072266 0.075195
0 0.487305 0.09668 0.089844 0.194336
0 0.332031 0.964844 0.064453 0.070312
0 0.974609 0.825195 0.046875 0.145508
0 0.956055 0.458008 0.0625 0.097656
0 0.75293 0.314453 0.083008 0.144531
0 0.083008 0.138672 0.072266 0.049805
0 0.19043 0.945312 0.211914 0.086914
0 0.161133 0.914062 0.072266 0.049805
0 0.708984 0.96582 0.049805 0.068359
0 0.662109 0.984375 0.050781 0.030273
0 0.511719 0.68457 0.049805 0.047852
0 0.460938 0.94043 0.052734 0.118164
0 0.28125 0.852539 0.0625 0.092773
0 0.921875 0.793945 0.100586 0.148438
0 0.794922 0.808594 0.057617 0.072266
0 0.842773 0.876953 0.166992 0.134766
0 0.168945 0.630859 0.05957 0.117188
0 0.235352 0.602539 0.0625 0.182617
0 0.293945 0.611328 0.094727 0.06543
0 0.268555 0.666016 0.052734 0.0625
0 0.359375 0.689453 0.094727 0.150391
0 0.658203 0.617188 0.162109 0.125
0 0.96582 0.587891 0.068359 0.12207
0 0.378906 0.645508 0.049805 0.057617
0 0.40332 0.493164 0.117188 0.182617
0 0.544922 0.489258 0.137695 0.115234
0 0.483398 0.463867 0.142578 0.104492
0 0.503906 0.458008 0.069336 0.052734
0 0.957031 0.243164 0.085938 0.072266
