0 0.088867 0.81543 0.100586 0.05957
0 0.058594 0.191406 0.114258 0.083008
0 0.061523 0.905273 0.123047 0.066406
0 0.044922 0.75293 0.089844 0.043945
0 0.700195 0.868164 0.12207 0.06543
0 0.665039 0.579102 0.072266 0.061523
0 0.563477 0.272461 0.116211 0.05957
0 0.399414 0.109375 0.082031 0.086914
0 0.142578 0.582031 0.102539 0.056641
0 0.450195 0.384766 0.085938 0.044922
0 0.112305 0.43457 0.106445 0.078125
0 0.762695 0.860352 0.088867 0.068359
0 0.794922 0.044922 0.119141 0.042969
0 0.919922 0.564453 0.097656 0.081055
0 0.870117 0.020508 0.080078 0.041016
0 0.18457 0.304688 0.104492 0.039062
0 0.949219 0.456055 0.0625 0.061523
0 0.950195 0.515625 0.072266 0.052734
0 0.492188 0.271484 0.084961 0.043945
0 0.62793 0.114258 0.102539 0.094727
0 0.073242 0.294922 0.121094 0.03418
0 0.393555 0.425781 0.125 0.056641
0 0.267578 0.660156 0.117188 0.052734
0 0.261719 0.276367 0.097656 0.041992
0 0.666016 0.477539 0.064453 0.082031
0 0.480469 0.487305 0.138672 0.074219
0 0.958008 0.980469 0.055664 0.038086
0 0.25293 0.956055 0.111328 0.047852
0 0.978516 0.267578 0.041992 0.037109
0 0.650391 0.018555 0.080078 0.038086
0 0.479492 0.317383 0.073242 0.032227
0 0.660156 0.737305 0.060547 0.03125
0 0.525391 0.811523 0.0625 0.037109
0 0.905273 0.198242 0.0625 0.058594
0 0.704102 0.634766 0.077148 0.024414
0 0.40625 0.527344 0.074219 0.036133
0 0.931641 0.881836 0.092773 0.052734
0 0.137695 0.364258 0.068359 0.027344
0 0.041992 0.571289 0.083984 0.053711
0 0.573242 0.65332 0.104492 0.057617
0 0.46875 0.575195 0.126953 0.045898
0 0.957031 0.297852 0.085938 0.067383
0 0.070312 0.96582 0.083008 0.030273
0 0.975586 0.797852 0.048828 0.021484
0 0.265625 0.522461 0.056641 0.044922
0 0.879883 0.254883 0.076172 0.053711
0 0.755859 0.730469 0.043945 0.041992
0 0.410156 0.483398 0.06543 0.040039
0 0.739258 0.538086 0.135742 0.058594
0 0.632812 0.614258 0.081055 0.015625
0 0.445312 0.713867 0.106445 0.041016
0 0.277344 0.330078 0.084961 0.033203
0 0.571289 0.912109 0.101562 0.048828
0 0.329102 0.542969 0.057617 0.033203
0 0.301758 0.19043 0.054688 0.057617
0 0.037109 0.84082 0.075195 0.032227
0 0.361328 0.59668 0.185547 0.047852
0 0.209961 0.120117 0.113281 0.113281
0 0.138672 0.038086 0.043945 0.058594
0 0.384473 0.307617 0.120312 0.057324
0 0.81543 0.572266 0.103516 0.043945
0 0.0625 0.705078 0.06543 0.047852
0 0.757812 0.582031 0.09082 0.051758
0 0.092773 0.661133 0.089844 0.047852
0 0.90625 0.925781 0.110352 0.046875
0 0.833008 0.900391 0.05957 0.041992
0 0.525391 0.924805 0.079102 0.041016
