0 0.880859 0.535156 0.056641 0.130859
0 0.441406 0.947266 0.073242 0.094727
0 0.916016 0.798828 0.099609 0.078125
0 0.72168 0.632812 0.0625 0.086914
0 0.558594 0.333008 0.058594 0.072266
0 0.676758 0.65332 0.077148 0.107422
0 0.923828 0.044922 0.038086 0.087891
0 0.456055 0.108398 0.046875 0.089844
0 0.431641 0.387695 0.085938 0.06543
0 0.771484 0.621094 0.052734 0.06543
0 0.305664 0.058594 0.104492 0.118164
0 0.584961 0.570312 0.050781 0.073242
0 0.05957 0.349609 0.073242 0.069336
0 0.75 0.941406 0.095703 0.102539
0 0.179688 0.484375 0.081055 0.063477
0 0.496094 0.364258 0.089844 0.076172
0 0.079102 0.200195 0.087891 0.069336
0 0.898438 0.354492 0.033203 0.086914
0 0.981445 0.067383 0.036133 0.120117
0 0.517578 0.03418 0.045898 0.068359
0 0.418945 0.160156 0.068359 0.076172
0 0.834961 0.154297 0.055664 0.085938
0 0.177734 0.086914 0.071289 0.075195
0 0.833008 0.111328 0.042969 0.074219
0 0.958008 0.757812 0.050781 0.0625
0 0.583984 0.143555 0.073242 0.109375
0 0.74707 0.154297 0.046875 0.092773
0 0.661133 0.167969 0.067383 0.070312
0 0.064453 0.641602 0.069336 0.046875
0 0.849609 0.785156 0.0625 0.050781
0 0.199219 0.536133 0.053711 0.070312
0 0.805664 0.396484 0.053711 0.0625
0 0.650391 0.078125 0.067383 0.051758
0 0.022461 0.121094 0.044922 0.063477
0 0.607422 0.77832 0.039062 0.0625
0 0.400391 0.429688 0.060547 0.053711
0 0.030273 0.478516 0.058594 0.072266
0 0.525391 0.758789 0.056641 0.060547
0 0.526367 0.185547 0.071289 0.056641
0 0.234375 0.490234 0.05957 0.066406
0 0.942383 0.654297 0.056641 0.094727
0 0.178711 0.863281 0.073242 0.042969
0 0.060547 0.668945 0.047852 0.067383
0 0.335938 0.716797 0.049805 0.050781
0 0.676758 0.720703 0.118164 0.147461
0 0.220703 0.839844 0.06543 0.043945
0 0.799805 0.023438 0.046875 0.047852
0 0.750977 0.541016 0.035156 0.051758
0 0.657227 0.123047 0.049805 0.070312
0 0.405273 0.960938 0.09082 0.06543
0 0.855469 0.444336 0.03125 0.069336
0 0.375 0.458984 0.060547 0.048828
0 0.111328 0.955078 0.047852 0.032227
0 0.207031 0.982422 0.040039 0.035156
0 0.035156 0.770508 0.070312 0.038086
0 0.263672 0.143555 0.074219 0.057617
0 0.757812 0.09082 0.081055 0.064453
0 0.025391 0.047852 0.051758 0.058594
0 0.513672 0.216797 0.047852 0.05957
0 0.341797 0.708008 0.044922 0.052734
0 0.023438 0.103516 0.047852 0.085938
0 0.214844 0.095703 0.053711 0.067383
0 0.732422 0.242188 0.041016 0.056641
0 0.291016 0.855469 0.038086 0.05957
0 0.573242 0.728516 0.058594 0.046875
0 0.501953 0.694336 0.038086 0.088867
0 0.800781 0.144531 0.056641 0.063477
0 0.790039 0.775391 0.047852 0.043945
0 0.208984 0.756836 0.080078 0.064453
0 0.070312 0.388672 0.067383 0.077148
0 0.757812 0.984375 0.041992 0.03125
0 0.410156 0.714844 0.066406 0.041016
0 0.250977 0.768555 0.087891 0.060547
0 0.78418 0.737305 0.047852 0.047852
0 0.724609 0.731445 0.036133 0.041992
0 0.478516 0.02832 0.036133 0.055664
0 0.03125 0.722656 0.063477 0.03125
0 0.410156 0.491211 0.064453 0.039062
0 0.37793 0.96582 0.045898 0.067383
0 0.414062 0.582031 0.047852 0.035156
0 0.072266 0.75 0.09082 0.044922
0 0.636719 0.710938 0.048828 0.047852
0 0.615234 0.666992 0.040039 0.051758
0 0.355469 0.567383 0.049805 0.041016
