0 0.197266 0.072266 0.043945 0.035156
0 0.291016 0.015625 0.056641 0.032227
0 0.337891 0.039062 0.058594 0.048828
0 0.462891 0.015625 0.068359 0.032227
0 0.746094 0.018555 0.044922 0.037109
0 0.789062 0.172852 0.05957 0.100586
0 0.789062 0.053711 0.05957 0.033203
0 0.658203 0.131836 0.035156 0.073242
0 0.631836 0.144531 0.040039 0.036133
0 0.9375 0.401367 0.037109 0.039062
0 0.976562 0.605469 0.045898 0.073242
0 0.80957 0.786133 0.081055 0.042969
0 0.904297 0.947266 0.044922 0.058594
0 0.853516 0.462891 0.042969 0.045898
0 0.822266 0.40332 0.030273 0.046875
0 0.589844 0.433594 0.0625 0.044922
0 0.494141 0.439453 0.074219 0.050781
0 0.383789 0.379883 0.050781 0.057617
0 0.37793 0.314453 0.05957 0.040039
0 0.446289 0.53418 0.056641 0.06543
0 0.389648 0.59375 0.049805 0.067383
0 0.53125 0.652344 0.082031 0.071289
0 0.600586 0.575195 0.073242 0.058594
0 0.660156 0.56543 0.032227 0.053711
0 0.797852 0.65918 0.061523 0.066406
0 0.760742 0.959961 0.057617 0.053711
0 0.50293 0.926758 0.068359 0.052734
0 0.643555 0.943359 0.038086 0.094727
0 0.469727 0.771484 0.084961 0.041016
0 0.082031 0.355469 0.05957 0.046875
0 0.09082 0.404297 0.09082 0.057617
0 0.091797 0.449219 0.053711 0.035156
0 0.083008 0.9375 0.056641 0.077148
0 0.036133 0.951172 0.072266 0.043945
0 0.143555 0.935547 0.116211 0.041992
0 0.230469 0.913086 0.082031 0.074219
0 0.141602 0.980469 0.09668 0.039062
0 0.243164 0.584961 0.03418 0.044922
0 0.164062 0.563477 0.075195 0.06543
0 0.014648 0.609375 0.030273 0.075195
