0 0.518555 0.816406 0.05957 0.082031
0 0.542969 0.358398 0.092773 0.107422
0 0.557617 0.522461 0.085938 0.073242
0 0.742188 0.03418 0.094727 0.066406
0 0.103516 0.124023 0.085938 0.091797
0 0.895508 0.765625 0.101562 0.083008
0 0.927734 0.365234 0.080078 0.092773
0 0.503906 0.074219 0.06543 0.107422
0 0.711914 0.115234 0.108398 0.09375
0 0.236328 0.22168 0.070312 0.129883
0 0.056641 0.136719 0.076172 0.072266
0 0.763672 0.818359 0.113281 0.066406
0 0.28418 0.5 0.092773 0.056641
0 0.198242 0.576172 0.121094 0.057617
0 0.5 0.194336 0.069336 0.094727
0 0.30957 0.383789 0.09668 0.077148
0 0.869141 0.192383 0.084961 0.054688
0 0.157227 0.046875 0.113281 0.085938
0 0.984375 0.410156 0.030273 0.109375
0 0.727539 0.633789 0.085938 0.038086
0 0.719727 0.19043 0.115234 0.063477
0 0.672852 0.769531 0.071289 0.076172
0 0.871094 0.787109 0.095703 0.058594
0 0.725586 0.481445 0.105469 0.061523
0 0.867188 0.955078 0.045898 0.088867
0 0.771484 0.733398 0.056641 0.069336
0 0.438477 0.069336 0.070312 0.09375
0 0.633789 0.868164 0.071289 0.049805
0 0.706055 0.575195 0.15625 0.061523
0 0.494141 0.392578 0.115234 0.057617
0 0.413086 0.886719 0.084961 0.027344
0 0.931641 0.873047 0.02832 0.051758
0 0.229492 0.533203 0.12207 0.050781
0 0.450195 0.192383 0.094727 0.068359
0 0.961914 0.085938 0.075195 0.101562
0 0.779297 0.133789 0.069336 0.085938
0 0.172852 0.496094 0.085938 0.039062
0 0.422852 0.592773 0.099609 0.056641
0 0.236328 0.042969 0.097656 0.071289
0 0.838867 0.132812 0.0625 0.039062
0 0.080078 0.938477 0.109375 0.058594
0 0.171875 0.967773 0.113281 0.063477
0 0.599609 0.919922 0.087891 0.037109
0 0.508789 0.911133 0.048828 0.050781
0 0.519531 0.647461 0.072266 0.046875
0 0.591797 0.608398 0.134766 0.051758
0 0.408203 0.137695 0.125977 0.069336
0 0.439453 0.366211 0.129883 0.120117
