0 0.466797 0.398438 0.072266 0.082031
0 0.296875 0.366211 0.076172 0.049805
0 0.220703 0.333008 0.107422 0.053711
0 0.239258 0.280273 0.110352 0.078125
0 0.208008 0.208008 0.136719 0.099609
0 0.288086 0.204102 0.058594 0.071289
0 0.317383 0.110352 0.132812 0.117188
0 0.157227 0.088867 0.107422 0.085938
0 0.046875 0.082031 0.094727 0.06543
0 0.026367 0.030273 0.052734 0.03418
0 0.054688 0.250977 0.078125 0.063477
0 0.045898 0.317383 0.067383 0.054688
0 0.061523 0.397461 0.123047 0.088867
0 0.125977 0.46582 0.077148 0.058594
0 0.121094 0.59668 0.084961 0.129883
0 0.214844 0.493164 0.21582 0.060547
0 0.299805 0.581055 0.077148 0.067383
0 0.378906 0.537109 0.056641 0.066406
0 0.447266 0.625 0.089844 0.080078
0 0.470703 0.541992 0.112305 0.145508
0 0.391602 0.416992 0.05957 0.083008
0 0.666016 0.512695 0.107422 0.087891
0 0.6875 0.245117 0.073242 0.121094
0 0.742188 0.244141 0.067383 0.070312
0 0.603516 0.124023 0.061523 0.067383
0 0.612305 0.049805 0.073242 0.063477
0 0.529297 0.02832 0.051758 0.056641
0 0.852539 0.061523 0.056641 0.050781
0 0.785156 0.03418 0.092773 0.068359
0 0.889648 0.172852 0.104492 0.082031
0 0.984375 0.105469 0.030273 0.052734
0 0.93457 0.09668 0.058594 0.047852
0 0.97168 0.282227 0.052734 0.057617
0 0.981445 0.208984 0.037109 0.083984
0 0.972656 0.491211 0.053711 0.119141
0 0.949219 0.681641 0.100586 0.108398
0 0.817383 0.739258 0.107422 0.068359
0 0.754883 0.669922 0.083008 0.0625
0 0.469727 0.745117 0.072266 0.0625
0 0.28418 0.771484 0.068359 0.091797
0 0.418945 0.824219 0.080078 0.09668
0 0.052734 0.942383 0.105469 0.070312
0 0.124023 0.972656 0.075195 0.054688
0 0.720703 0.907227 0.063477 0.064453
0 0.802734 0.855469 0.075195 0.069336
0 0.833008 0.942383 0.061523 0.060547
0 0.920898 0.895508 0.049805 0.069336
0 0.985352 0.90332 0.02832 0.118164
0 0.161133 0.368164 0.084961 0.088867
0 0.356445 0.355469 0.063477 0.070312
0 0.44043 0.845703 0.101562 0.126953
0 0.911133 0.861328 0.071289 0.043945
0 0.946289 0.69043 0.107422 0.118164
