0 0.761719 0.776367 0.09082 0.061523
0 0.807617 0.87207 0.056641 0.089844
0 0.413086 0.299805 0.089844 0.126953
0 0.581055 0.799805 0.117188 0.081055
0 0.935547 0.78418 0.12793 0.09668
0 0.517578 0.617188 0.074219 0.066406
0 0.600586 0.214844 0.043945 0.075195
0 0.398438 0.981445 0.100586 0.037109
0 0.681641 0.573242 0.078125 0.100586
0 0.891602 0.192383 0.201172 0.110352
0 0.893555 0.419922 0.106445 0.147461
0 0.114258 0.831055 0.098633 0.070312
0 0.751953 0.943359 0.061523 0.097656
0 0.894531 0.692383 0.092773 0.060547
0 0.06543 0.554688 0.131836 0.161133
0 0.206055 0.474609 0.068359 0.098633
0 0.378906 0.826172 0.076172 0.171875
0 0.496094 0.125977 0.141602 0.171875
0 0.849609 0.28418 0.070312 0.125
0 0.745117 0.308594 0.073242 0.058594
0 0.172852 0.90332 0.097656 0.046875
0 0.779297 0.095703 0.088867 0.066406
0 0.370117 0.71582 0.155273 0.15332
0 0.335938 0.586914 0.079102 0.049805
0 0.794922 0.303711 0.033203 0.073242
0 0.639648 0.505859 0.050781 0.063477
0 0.265625 0.889648 0.075195 0.042969
0 0.924805 0.042969 0.098633 0.053711
0 0.949219 0.826172 0.049805 0.048828
0 0.958008 0.978516 0.083008 0.040039
0 0.227539 0.850586 0.116211 0.06543
0 0.422852 0.439453 0.070312 0.058594
0 0.791016 0.724609 0.06543 0.052734
0 0.642578 0.62793 0.120117 0.042969
0 0.748047 0.21582 0.082031 0.052734
0 0.980469 0.171875 0.039062 0.064453
0 0.25 0.96582 0.119141 0.056641
0 0.521484 0.03125 0.178711 0.0625
0 0.976562 0.12793 0.046875 0.051758
0 0.448242 0.588867 0.073242 0.052734
0 0.649414 0.667969 0.236328 0.055664
0 0.759766 0.624023 0.214844 0.098633
0 0.37793 0.868164 0.092773 0.055664
0 0.594727 0.863281 0.085938 0.080078
0 0.876953 0.823242 0.165039 0.172852
