0 0.655273 0.692383 0.077148 0.089844
0 0.40918 0.944336 0.104492 0.089844
0 0.873047 0.40918 0.087891 0.080078
0 0.576172 0.680664 0.107422 0.067383
0 0.827148 0.321289 0.064453 0.075195
0 0.374023 0.827148 0.09082 0.125
0 0.505859 0.623047 0.1875 0.082031
0 0.935547 0.233398 0.087891 0.126953
0 0.068359 0.427734 0.123047 0.09668
0 0.814453 0.185547 0.140625 0.152344
0 0.717773 0.101562 0.118164 0.165039
0 0.054688 0.526367 0.064453 0.084961
0 0.499023 0.311523 0.09082 0.19043
0 0.125977 0.120117 0.126953 0.102539
0 0.695312 0.422852 0.237305 0.102539
0 0.698242 0.845703 0.158203 0.132812
0 0.070312 0.767578 0.108398 0.083008
0 0.220703 0.489258 0.082031 0.134766
0 0.325195 0.091797 0.118164 0.179688
0 0.202148 0.176758 0.080078 0.125
0 0.273438 0.364258 0.222656 0.160156
0 0.925781 0.824219 0.097656 0.110352
0 0.118164 0.867188 0.067383 0.089844
0 0.46875 0.796875 0.15332 0.155273
0 0.073242 0.69043 0.097656 0.083008
0 0.419922 0.071289 0.192383 0.139648
0 0.762695 0.787109 0.057617 0.064453
0 0.979492 0.78418 0.040039 0.069336
0 0.869141 0.725586 0.110352 0.097656
0 0.433594 0.486328 0.089844 0.097656
0 0.939453 0.087891 0.115234 0.12207
0 0.390625 0.289062 0.078125 0.079102
0 0.660156 0.174805 0.131836 0.169922
0 0.628906 0.542969 0.104492 0.077148
0 0.722656 0.580078 0.192383 0.067383
0 0.708008 0.785156 0.072266 0.092773
0 0.930664 0.6875 0.052734 0.067383
0 0.272461 0.537109 0.073242 0.135742
0 0.93457 0.507812 0.050781 0.051758
0 0.046875 0.811523 0.070312 0.100586
0 0.02832 0.239258 0.052734 0.195312
0 0.149414 0.21582 0.075195 0.107422
0 0.375 0.459961 0.077148 0.125
0 0.193359 0.860352 0.126953 0.067383
0 0.016602 0.953125 0.033203 0.067383
0 0.890625 0.783203 0.0625 0.078125
0 0.644531 0.62207 0.099609 0.050781
0 0.120117 0.561523 0.092773 0.069336
0 0.743164 0.046875 0.057617 0.089844
0 0.571289 0.018555 0.095703 0.038086
0 0.689453 0.359375 0.080078 0.109375
0 0.600586 0.188477 0.057617 0.087891
0 0.508789 0.884766 0.043945 0.041992
0 0.668945 0.765625 0.05957 0.046875
