0 0.75293 0.394531 0.166992 0.085938
0 0.305664 0.763672 0.097656 0.129883
0 0.827148 0.640625 0.125 0.082031
0 0.56543 0.410156 0.112305 0.12793
0 0.498047 0.170898 0.097656 0.078125
0 0.186523 0.248047 0.094727 0.077148
0 0.209961 0.722656 0.125 0.092773
0 0.067383 0.384766 0.072266 0.077148
0 0.457031 0.304688 0.085938 0.070312
0 0.082031 0.144531 0.099609 0.099609
0 0.908203 0.270508 0.078125 0.087891
0 0.716797 0.25293 0.080078 0.0625
0 0.476562 0.824219 0.135742 0.120117
0 0.274414 0.077148 0.144531 0.154297
0 0.385742 0.280273 0.0625 0.077148
0 0.624023 0.648438 0.19043 0.1875
0 0.878906 0.841797 0.145508 0.165039
0 0.78418 0.12793 0.174805 0.107422
0 0.235352 0.954102 0.080078 0.091797
0 0.251953 0.416992 0.179688 0.185547
0 0.074219 0.875977 0.089844 0.152344
0 0.032227 0.736328 0.064453 0.072266
0 0.582031 0.770508 0.169922 0.152344
0 0.944336 0.69043 0.080078 0.107422
0 0.601562 0.87793 0.139648 0.067383
0 0.708984 0.939453 0.120117 0.070312
0 0.044922 0.219727 0.089844 0.134766
0 0.645508 0.504883 0.092773 0.089844
0 0.768555 0.042969 0.154297 0.084961
0 0.148438 0.860352 0.082031 0.131836
0 0.488281 0.963867 0.068359 0.06543
0 0.935547 0.55957 0.12207 0.099609
0 0.514648 0.915039 0.089844 0.067383
0 0.632812 0.958008 0.086914 0.083008
0 0.460938 0.224609 0.0625 0.050781
0 0.166016 0.354492 0.107422 0.070312
0 0.833008 0.960938 0.097656 0.078125
0 0.149414 0.803711 0.084961 0.075195
0 0.850586 0.729492 0.087891 0.089844
0 0.126953 0.058594 0.095703 0.117188
0 0.051758 0.942383 0.05957 0.080078
0 0.481445 0.725586 0.049805 0.052734
0 0.973633 0.144531 0.052734 0.115234
0 0.230469 0.833984 0.092773 0.094727
0 0.405273 0.967773 0.083008 0.063477
0 0.953125 0.90918 0.078125 0.134766
0 0.55957 0.966797 0.060547 0.06543
0 0.384766 0.771484 0.054688 0.075195
0 0.93457 0.551758 0.070312 0.145508
0 0.970703 0.441406 0.057617 0.069336
0 0.90625 0.323242 0.0625 0.046875
0 0.975586 0.050781 0.047852 0.072266
