0 0.213867 0.067383 0.072266 0.067383
0 0.112305 0.118164 0.077148 0.063477
0 0.151367 0.177734 0.077148 0.070312
0 0.083008 0.305664 0.092773 0.097656
0 0.041992 0.412109 0.084961 0.104492
0 0.143555 0.451172 0.056641 0.055664
0 0.25293 0.435547 0.06543 0.060547
0 0.446289 0.37207 0.060547 0.063477
0 0.418945 0.427734 0.075195 0.060547
0 0.490234 0.50293 0.112305 0.0625
0 0.553711 0.451172 0.067383 0.05957
0 0.612305 0.412109 0.083008 0.09082
0 0.680664 0.419922 0.063477 0.068359
0 0.728516 0.422852 0.053711 0.066406
0 0.790039 0.396484 0.056641 0.066406
0 0.834961 0.419922 0.066406 0.070312
0 0.87793 0.415039 0.051758 0.060547
0 0.265625 0.583984 0.094727 0.061523
0 0.341797 0.5625 0.088867 0.0625
0 0.537109 0.641602 0.067383 0.066406
0 0.058594 0.822266 0.09375 0.086914
0 0.032227 0.886719 0.060547 0.060547
0 0.045898 0.969727 0.078125 0.060547
0 0.178711 0.956055 0.070312 0.071289
0 0.240234 0.802734 0.072266 0.081055
0 0.34375 0.760742 0.089844 0.092773
0 0.454102 0.859375 0.063477 0.073242
0 0.514648 0.859375 0.075195 0.070312
0 0.413086 0.869141 0.042969 0.064453
0 0.691406 0.762695 0.067383 0.063477
0 0.540039 0.94043 0.104492 0.084961
0 0.644531 0.946289 0.072266 0.06543
0 0.926758 0.982422 0.083984 0.035156
0 0.963867 0.791016 0.071289 0.076172
0 0.980469 0.605469 0.039062 0.078125
0 0.748047 0.583984 0.083008 0.067383
0 0.657227 0.604492 0.064453 0.057617
0 0.798828 0.521484 0.076172 0.070312
0 0.858398 0.527344 0.058594 0.068359
0 0.978516 0.526367 0.042969 0.063477
0 0.90332 0.201172 0.06543 0.054688
0 0.664062 0.171875 0.076172 0.058594
0 0.450195 0.166992 0.078125 0.0625
0 0.461914 0.100586 0.081055 0.070312
0 0.518555 0.070312 0.070312 0.076172
0 0.678711 0.107422 0.088867 0.064453
0 0.901367 0.079102 0.06543 0.063477
0 0.553711 0.033203 0.082031 0.066406
0 0.588867 0.016602 0.06543 0.033203
0 0.65332 0.015625 0.053711 0.032227
0 0.03418 0.306641 0.048828 0.050781
0 0.542969 0.993164 0.03125 0.013672
0 0.401367 0.984375 0.098633 0.02832
0 0.328125 0.986328 0.052734 0.026367
0 0.958008 0.108398 0.042969 0.047852
0 0.092773 0.445312 0.041992 0.067383
0 0.545898 0.857422 0.050781 0.046875
0 0.219727 0.586914 0.037109 0.056641
