0 0.074219 0.054688 0.148438 0.09668
0 0.805664 0.78418 0.24707 0.085938
0 0.848633 0.388672 0.133789 0.080078
0 0.959961 0.925781 0.079102 0.082031
0 0.424805 0.506836 0.147461 0.070312
0 0.158203 0.1875 0.137695 0.072266
0 0.518555 0.8125 0.236328 0.106445
0 0.142578 0.080078 0.118164 0.063477
0 0.753906 0.710938 0.27832 0.082031
0 0.09375 0.530273 0.1875 0.108398
0 0.385742 0.431641 0.155273 0.092773
0 0.128906 0.748047 0.196289 0.098633
0 0.904297 0.578125 0.191406 0.128906
0 0.308594 0.34668 0.109375 0.072266
0 0.938477 0.193359 0.123047 0.072266
0 0.50293 0.719727 0.272461 0.09082
0 0.69043 0.198242 0.216797 0.137695
0 0.490234 0.079102 0.133789 0.086914
0 0.841797 0.313477 0.120117 0.073242
0 0.144531 0.794922 0.268555 0.089844
0 0.044922 0.686523 0.09082 0.098633
0 0.861328 0.292969 0.103516 0.078125
0 0.96875 0.332031 0.061523 0.104492
0 0.240234 0.668945 0.111328 0.078125
0 0.239258 0.543945 0.130859 0.100586
0 0.105469 0.361328 0.211914 0.085938
0 0.168945 0.453125 0.149414 0.057617
0 0.148438 0.301758 0.103516 0.079102
0 0.039062 0.294922 0.079102 0.075195
0 0.052734 0.433594 0.104492 0.067383
0 0.052734 0.192383 0.105469 0.106445
0 0.109375 0.242188 0.087891 0.070312
0 0.070312 0.12793 0.141602 0.063477
0 0.399414 0.150391 0.098633 0.041016
0 0.847656 0.705078 0.166016 0.117188
