0 0.045898 0.80957 0.079102 0.086914
0 0.053711 0.736328 0.079102 0.102539
0 0.105469 0.700195 0.067383 0.079102
0 0.137695 0.735352 0.104492 0.073242
0 0.152344 0.801758 0.085938 0.09082
0 0.24707 0.862305 0.073242 0.073242
0 0.277344 0.779297 0.073242 0.071289
0 0.369141 0.80957 0.142578 0.134766
0 0.34082 0.856445 0.068359 0.074219
0 0.420898 0.792969 0.080078 0.085938
0 0.356445 0.912109 0.083008 0.056641
0 0.492188 0.888672 0.084961 0.104492
0 0.525391 0.780273 0.055664 0.092773
0 0.600586 0.699219 0.06543 0.061523
0 0.688477 0.69043 0.09668 0.058594
0 0.78125 0.688477 0.089844 0.071289
0 0.641602 0.819336 0.103516 0.114258
0 0.614258 0.90332 0.081055 0.087891
0 0.776367 0.841797 0.107422 0.077148
0 0.824219 0.769531 0.073242 0.044922
0 0.90625 0.87793 0.117188 0.088867
0 0.913086 0.74707 0.05957 0.06543
0 0.895508 0.948242 0.041992 0.047852
0 0.735352 0.4375 0.085938 0.114258
0 0.885742 0.469727 0.141602 0.089844
0 0.922852 0.416016 0.047852 0.044922
0 0.902344 0.254883 0.097656 0.116211
0 0.683594 0.160156 0.070312 0.140625
0 0.557617 0.257812 0.142578 0.182617
0 0.509766 0.265625 0.083008 0.102539
0 0.589844 0.334961 0.123047 0.083008
0 0.411133 0.370117 0.115234 0.149414
0 0.357422 0.397461 0.046875 0.058594
0 0.375977 0.481445 0.118164 0.121094
0 0.479492 0.485352 0.113281 0.104492
0 0.182617 0.457031 0.083008 0.080078
0 0.104492 0.40918 0.073242 0.06543
0 0.135742 0.369141 0.041992 0.05957
0 0.228516 0.379883 0.09082 0.045898
0 0.236328 0.326172 0.091797 0.057617
0 0.123047 0.306641 0.067383 0.077148
0 0.041016 0.307617 0.070312 0.055664
0 0.023438 0.361328 0.047852 0.051758
0 0.263672 0.178711 0.079102 0.071289
0 0.283203 0.245117 0.067383 0.061523
0 0.413086 0.196289 0.070312 0.067383
0 0.314453 0.666992 0.049805 0.063477
0 0.199219 0.198242 0.041992 0.043945
0 0.970703 0.802734 0.057617 0.060547
0 0.037109 0.864258 0.075195 0.104492
0 0.533203 0.703125 0.029297 0.039062
0 0.492188 0.782227 0.048828 0.074219
0 0.5 0.396484 0.137695 0.069336
