0 0.009766 0.529297 0.019531 0.104492
0 0.082031 0.897461 0.165039 0.143555
0 0.012695 0.374023 0.025391 0.130859
0 0.018555 0.079102 0.037109 0.15918
0 0.345703 0.017578 0.171875 0.035156
0 0.308594 0.039062 0.140625 0.079102
0 0.179688 0.088867 0.125 0.173828
0 0.267578 0.186523 0.068359 0.114258
0 0.1875 0.249023 0.082031 0.109375
0 0.325195 0.429688 0.094727 0.170898
0 0.208984 0.560547 0.103516 0.223633
0 0.157227 0.623047 0.120117 0.130859
0 0.113281 0.521484 0.083984 0.06543
0 0.144531 0.755859 0.172852 0.152344
0 0.130859 0.87793 0.1875 0.227539
0 0.336914 0.958984 0.06543 0.081055
0 0.291992 0.652344 0.099609 0.240234
0 0.421875 0.683594 0.139648 0.128906
0 0.677734 0.960938 0.103516 0.077148
0 0.838867 0.969727 0.064453 0.060547
0 0.445312 0.5625 0.129883 0.135742
0 0.525391 0.708984 0.109375 0.142578
0 0.628906 0.555664 0.052734 0.102539
0 0.730469 0.501953 0.126953 0.237305
0 0.786133 0.641602 0.070312 0.205078
0 0.97168 0.650391 0.055664 0.05957
0 0.661133 0.244141 0.084961 0.209961
0 0.521484 0.279297 0.113281 0.138672
0 0.5 0.09668 0.077148 0.102539
0 0.630859 0.0625 0.079102 0.125
0 0.599609 0.44043 0.191406 0.070312
0 0.878906 0.769531 0.163086 0.073242
