0 0.737305 0.03418 0.136719 0.069336
0 0.327148 0.176758 0.164062 0.088867
0 0.516602 0.173828 0.115234 0.09375
0 0.540039 0.25 0.103516 0.067383
0 0.453125 0.28125 0.149414 0.081055
0 0.427734 0.349609 0.097656 0.072266
0 0.164062 0.288086 0.162109 0.073242
0 0.564453 0.410156 0.154297 0.113281
0 0.125 0.578125 0.19043 0.146484
0 0.1875 0.776367 0.120117 0.079102
0 0.297852 0.760742 0.077148 0.070312
0 0.416016 0.643555 0.178711 0.088867
0 0.524414 0.723633 0.084961 0.198242
0 0.443359 0.818359 0.05957 0.072266
0 0.378906 0.848633 0.067383 0.071289
0 0.283203 0.923828 0.080078 0.095703
0 0.06543 0.90625 0.130859 0.117188
0 0.363281 0.96582 0.076172 0.068359
0 0.833984 0.907227 0.076172 0.110352
0 0.930664 0.865234 0.083984 0.085938
0 0.80957 0.807617 0.142578 0.091797
0 0.698242 0.84375 0.064453 0.05957
0 0.681641 0.631836 0.103516 0.177734
0 0.673828 0.515625 0.083984 0.083008
0 0.790039 0.577148 0.084961 0.102539
0 0.810547 0.511719 0.169922 0.079102
0 0.762695 0.429688 0.19043 0.06543
0 0.970703 0.386719 0.057617 0.09668
0 0.915039 0.411133 0.055664 0.063477
0 0.785156 0.28125 0.087891 0.094727
0 0.864258 0.272461 0.079102 0.095703
0 0.887695 0.154297 0.055664 0.063477
0 0.979492 0.209961 0.041016 0.095703
0 0.364258 0.418945 0.060547 0.080078
0 0.063477 0.71582 0.083984 0.092773
0 0.494141 0.086914 0.071289 0.09668
0 0.53418 0.706055 0.110352 0.078125
