0 0.603516 0.045898 0.042969 0.058594
0 0.75293 0.075195 0.118164 0.058594
0 0.895508 0.068359 0.108398 0.051758
0 0.96582 0.017578 0.068359 0.036133
0 0.135742 0.030273 0.09082 0.053711
0 0.15918 0.117188 0.074219 0.107422
0 0.03125 0.016602 0.0625 0.03418
0 0.476562 0.166016 0.072266 0.046875
0 0.623047 0.140625 0.057617 0.054688
0 0.708984 0.186523 0.042969 0.035156
0 0.660156 0.328125 0.064453 0.09375
0 0.695312 0.321289 0.051758 0.098633
0 0.847656 0.239258 0.068359 0.057617
0 0.880859 0.305664 0.078125 0.044922
0 0.873047 0.386719 0.054688 0.047852
0 0.967773 0.451172 0.060547 0.098633
0 0.884766 0.523438 0.068359 0.100586
0 0.820312 0.481445 0.055664 0.073242
0 0.878906 0.753906 0.056641 0.130859
0 0.806641 0.799805 0.057617 0.104492
0 0.709961 0.789062 0.0625 0.05957
0 0.279297 0.693359 0.111328 0.045898
0 0.206055 0.808594 0.0625 0.087891
0 0.195312 0.915039 0.101562 0.088867
0 0.066406 0.899414 0.120117 0.042969
0 0.105469 0.756836 0.089844 0.091797
0 0.319336 0.572266 0.113281 0.072266
0 0.43457 0.585938 0.06543 0.072266
0 0.665039 0.541992 0.06543 0.078125
0 0.512695 0.547852 0.0625 0.076172
0 0.083984 0.583984 0.071289 0.054688
0 0.107422 0.629883 0.05957 0.045898
0 0.219727 0.604492 0.076172 0.05957
0 0.032227 0.566406 0.064453 0.053711
0 0.231445 0.473633 0.075195 0.0625
0 0.212891 0.394531 0.078125 0.064453
0 0.363281 0.399414 0.067383 0.068359
0 0.546875 0.322266 0.075195 0.064453
0 0.473633 0.381836 0.056641 0.073242
0 0.401367 0.345703 0.052734 0.041016
0 0.652344 0.454102 0.104492 0.100586
0 0.726562 0.451172 0.06543 0.051758
0 0.331055 0.489258 0.05957 0.068359
0 0.433594 0.469727 0.104492 0.054688
0 0.526367 0.456055 0.071289 0.063477
0 0.049805 0.192383 0.100586 0.067383
0 0.394531 0.177734 0.081055 0.061523
0 0.419922 0.226562 0.058594 0.060547
0 0.504883 0.235352 0.055664 0.057617
0 0.354492 0.255859 0.079102 0.053711
0 0.288086 0.34668 0.063477 0.077148
0 0.226562 0.253906 0.084961 0.05957
0 0.102539 0.262695 0.066406 0.051758
0 0.124023 0.380859 0.069336 0.085938
0 0.050781 0.425781 0.101562 0.09668
0 0.033203 0.364258 0.066406 0.067383
0 0.026367 0.28125 0.053711 0.086914
0 0.817383 0.974609 0.03418 0.050781
0 0.945312 0.357422 0.069336 0.042969
