0 0.008789 0.765625 0.018555 0.121094
0 0.040039 0.451172 0.080078 0.18457
0 0.076172 0.161133 0.15332 0.068359
0 0.250977 0.291016 0.134766 0.15332
0 0.270508 0.485352 0.057617 0.128906
0 0.204102 0.577148 0.094727 0.160156
0 0.130859 0.421875 0.075195 0.164062
0 0.333008 0.443359 0.074219 0.120117
0 0.489258 0.523438 0.188477 0.136719
0 0.464844 0.605469 0.103516 0.119141
0 0.21582 0.705078 0.169922 0.113281
0 0.242188 0.851562 0.225586 0.082031
0 0.773438 0.743164 0.206055 0.077148
0 0.832031 0.900391 0.132812 0.076172
0 0.84082 0.960938 0.094727 0.077148
0 0.950195 0.935547 0.085938 0.12793
0 0.920898 0.729492 0.106445 0.128906
0 0.931641 0.660156 0.136719 0.080078
0 0.642578 0.420898 0.144531 0.138672
0 0.856445 0.418945 0.255859 0.174805
0 0.758789 0.460938 0.112305 0.088867
0 0.96582 0.400391 0.068359 0.070312
0 0.310547 0.053711 0.110352 0.107422
0 0.741211 0.052734 0.088867 0.097656
0 0.948242 0.06543 0.102539 0.063477
0 0.869141 0.073242 0.063477 0.075195
0 0.491211 0.808594 0.077148 0.123047
0 0.046875 0.962891 0.094727 0.073242
0 0.839844 0.782227 0.319336 0.144531
0 0.661133 0.722656 0.086914 0.067383
0 0.341797 0.897461 0.106445 0.074219
0 0.478516 0.303711 0.053711 0.084961
