0 0.305664 0.24707 0.117188 0.077148
0 0.405273 0.011719 0.12207 0.024414
0 0.135742 0.46582 0.102539 0.087891
0 0.256836 0.513672 0.110352 0.114258
0 0.711914 0.530273 0.089844 0.095703
0 0.111328 0.670898 0.095703 0.084961
0 0.020508 0.202148 0.041992 0.099609
0 0.105469 0.167969 0.102539 0.091797
0 0.50293 0.801758 0.126953 0.165039
0 0.540039 0.336914 0.092773 0.105469
0 0.932617 0.56543 0.134766 0.084961
0 0.908203 0.704102 0.147461 0.105469
0 0.867188 0.351562 0.1875 0.097656
0 0.061523 0.537109 0.087891 0.084961
0 0.706055 0.707031 0.142578 0.144531
0 0.149414 0.223633 0.068359 0.092773
0 0.928711 0.015625 0.120117 0.032227
0 0.012695 0.935547 0.024414 0.094727
0 0.791992 0.842773 0.099609 0.083008
0 0.457031 0.958008 0.105469 0.083008
0 0.319336 0.02832 0.072266 0.049805
0 0.691406 0.139648 0.069336 0.080078
0 0.96582 0.832031 0.067383 0.072266
0 0.708008 0.795898 0.083008 0.076172
0 0.676758 0.029297 0.084961 0.05957
0 0.807617 0.416016 0.087891 0.058594
