0 0.610352 0.050781 0.09668 0.091797
0 0.974609 0.881836 0.050781 0.105469
0 0.225586 0.969727 0.069336 0.05957
0 0.347656 0.493164 0.130859 0.054688
0 0.078125 0.878906 0.086914 0.082031
0 0.849609 0.044922 0.070312 0.087891
0 0.201172 0.236328 0.087891 0.055664
0 0.59375 0.560547 0.076172 0.073242
0 0.917969 0.37207 0.06543 0.073242
0 0.666992 0.335938 0.128906 0.057617
0 0.678711 0.683594 0.046875 0.092773
0 0.90625 0.121094 0.078125 0.05957
0 0.601562 0.539062 0.051758 0.094727
0 0.277344 0.137695 0.09668 0.102539
0 0.333008 0.21875 0.094727 0.055664
0 0.242188 0.311523 0.103516 0.052734
0 0.669922 0.810547 0.055664 0.079102
0 0.49707 0.191406 0.02832 0.09082
0 0.555664 0.21875 0.075195 0.055664
0 0.064453 0.798828 0.058594 0.055664
0 0.018555 0.238281 0.037109 0.056641
0 0.696289 0.202148 0.118164 0.087891
0 0.179688 0.128906 0.088867 0.086914
0 0.888672 0.636719 0.073242 0.042969
0 0.722656 0.436523 0.053711 0.077148
0 0.561523 0.972656 0.052734 0.054688
0 0.798828 0.723633 0.075195 0.041992
0 0.539062 0.583984 0.0625 0.061523
0 0.961914 0.529297 0.076172 0.033203
0 0.706055 0.581055 0.042969 0.063477
0 0.474609 0.37793 0.074219 0.046875
0 0.058594 0.201172 0.088867 0.066406
0 0.667969 0.145508 0.108398 0.084961
0 0.883789 0.925781 0.071289 0.026367
0 0.416992 0.853516 0.072266 0.03418
0 0.660156 0.985352 0.070312 0.02832
0 0.399414 0.782227 0.081055 0.039062
0 0.821289 0.979492 0.051758 0.040039
0 0.44043 0.922852 0.025391 0.064453
0 0.050781 0.597656 0.075195 0.049805
0 0.34668 0.113281 0.047852 0.036133
0 0.956055 0.024414 0.046875 0.048828
0 0.482422 0.970703 0.042969 0.051758
0 0.052734 0.146484 0.066406 0.033203
0 0.049805 0.290039 0.055664 0.061523
0 0.361328 0.295898 0.09375 0.046875
0 0.852539 0.976562 0.047852 0.032227
0 0.213867 0.114258 0.069336 0.072266
0 0.759766 0.975586 0.057617 0.035156
0 0.955078 0.308594 0.079102 0.043945
0 0.236328 0.834961 0.068359 0.035156
0 0.530273 0.288086 0.101562 0.02832
0 0.231445 0.754883 0.080078 0.026367
0 0.431641 0.71875 0.189453 0.057617
0 0.047852 0.897461 0.046875 0.068359
0 0.796875 0.939453 0.078125 0.035156
0 0.264648 0.727539 0.089844 0.048828
0 0.975586 0.717773 0.048828 0.046875
0 0.891602 0.280273 0.068359 0.042969
0 0.12793 0.114258 0.0625 0.042969
0 0.320312 0.6875 0.0625 0.029297
0 0.225586 0.913086 0.068359 0.064453
0 0.396484 0.931641 0.058594 0.035156
0 0.005859 0.051758 0.012695 0.013672
0 0.884766 0.419922 0.030273 0.069336
0 0.53125 0.741211 0.063477 0.047852
0 0.642578 0.307617 0.092773 0.060547
0 0.439453 0.62207 0.109375 0.041992
0 0.430664 0.660156 0.047852 0.046875
