0 0.02832 0.62207 0.057617 0.083008
0 0.036133 0.75 0.067383 0.09082
0 0.056641 0.819336 0.113281 0.070312
0 0.186523 0.790039 0.117188 0.052734
0 0.029297 0.988281 0.058594 0.022461
0 0.021484 0.87793 0.043945 0.051758
0 0.103516 0.920898 0.055664 0.087891
0 0.144531 0.966797 0.063477 0.066406
0 0.032227 0.941406 0.06543 0.063477
0 0.717773 0.943359 0.129883 0.112305
0 0.560547 0.952148 0.191406 0.095703
0 0.566406 0.84082 0.09082 0.09375
0 0.433594 0.880859 0.070312 0.077148
0 0.256836 0.926758 0.140625 0.095703
0 0.271484 0.864258 0.066406 0.060547
0 0.322266 0.848633 0.079102 0.084961
0 0.507812 0.635742 0.09082 0.081055
0 0.586914 0.597656 0.082031 0.123047
0 0.566406 0.53418 0.085938 0.073242
0 0.368164 0.474609 0.069336 0.086914
0 0.277344 0.527344 0.144531 0.083008
0 0.240234 0.65332 0.158203 0.050781
0 0.216797 0.695312 0.069336 0.068359
0 0.739258 0.617188 0.186523 0.052734
0 0.832031 0.791016 0.129883 0.05957
0 0.950195 0.782227 0.098633 0.047852
0 0.925781 0.708984 0.147461 0.056641
0 0.87793 0.65332 0.145508 0.054688
0 0.974609 0.46582 0.049805 0.061523
0 0.583984 0.335938 0.074219 0.051758
0 0.739258 0.317383 0.128906 0.052734
0 0.709961 0.393555 0.082031 0.054688
0 0.789062 0.328125 0.046875 0.131836
0 0.165039 0.295898 0.140625 0.086914
0 0.018555 0.238281 0.038086 0.103516
0 0.047852 0.167969 0.09668 0.098633
0 0.158203 0.186523 0.058594 0.057617
0 0.279297 0.15625 0.118164 0.058594
0 0.171875 0.119141 0.091797 0.079102
0 0.401367 0.095703 0.085938 0.067383
0 0.47168 0.038086 0.088867 0.071289
0 0.524414 0.198242 0.097656 0.079102
0 0.59375 0.126953 0.082031 0.098633
0 0.756836 0.160156 0.046875 0.108398
0 0.932617 0.171875 0.12207 0.071289
0 0.68457 0.057617 0.077148 0.064453
0 0.731445 0.071289 0.061523 0.048828
0 0.613281 0.03418 0.077148 0.069336
0 0.955078 0.035156 0.082031 0.054688
