0 0.243164 0.251953 0.197266 0.103516
0 0.393555 0.191406 0.058594 0.055664
0 0.131836 0.458984 0.078125 0.120117
0 0.05957 0.637695 0.120117 0.118164
0 0.191406 0.583008 0.105469 0.072266
0 0.053711 0.530273 0.067383 0.084961
0 0.030273 0.732422 0.060547 0.0625
0 0.147461 0.766602 0.177734 0.076172
0 0.171875 0.702148 0.088867 0.076172
0 0.115234 0.859375 0.081055 0.134766
0 0.198242 0.830078 0.100586 0.077148
0 0.313477 0.848633 0.095703 0.074219
0 0.255859 0.787109 0.099609 0.047852
0 0.327148 0.544922 0.106445 0.102539
0 0.331055 0.652344 0.089844 0.100586
0 0.416992 0.652344 0.074219 0.070312
0 0.462891 0.717773 0.083984 0.077148
0 0.566406 0.745117 0.0625 0.064453
0 0.614258 0.708008 0.094727 0.118164
0 0.373047 0.901367 0.15332 0.077148
0 0.180664 0.973633 0.085938 0.052734
0 0.229492 0.941406 0.082031 0.117188
0 0.515625 0.993164 0.077148 0.012695
0 0.532227 0.951172 0.181641 0.097656
0 0.62207 0.874023 0.083008 0.06543
0 0.674805 0.941406 0.088867 0.06543
0 0.813477 0.943359 0.15625 0.06543
0 0.933594 0.884766 0.09668 0.056641
0 0.949219 0.832031 0.101562 0.064453
0 0.833008 0.813477 0.077148 0.079102
0 0.741211 0.674805 0.138672 0.100586
0 0.893555 0.674805 0.068359 0.118164
0 0.882812 0.510742 0.079102 0.118164
0 0.821289 0.553711 0.064453 0.113281
0 0.767578 0.573242 0.12207 0.077148
0 0.683594 0.572266 0.128906 0.094727
0 0.40332 0.400391 0.103516 0.076172
0 0.483398 0.401367 0.088867 0.085938
0 0.605469 0.415039 0.135742 0.116211
0 0.71582 0.209961 0.084961 0.208984
0 0.650391 0.064453 0.160156 0.081055
0 0.78418 0.083984 0.108398 0.0625
0 0.413086 0.032227 0.074219 0.06543
0 0.936523 0.166016 0.125977 0.070312
0 0.158203 0.173828 0.067383 0.12207
0 0.098633 0.541992 0.083008 0.077148
0 0.936523 0.972656 0.061523 0.054688
0 0.891602 0.917969 0.09668 0.09082
0 0.083008 0.429688 0.063477 0.055664
