0 0.927734 0.158203 0.106445 0.0625
0 0.884766 0.110352 0.055664 0.088867
0 0.876953 0.263672 0.068359 0.071289
0 0.948242 0.262695 0.087891 0.06543
0 0.756836 0.296875 0.112305 0.0625
0 0.801758 0.430664 0.092773 0.086914
0 0.621094 0.349609 0.055664 0.123047
0 0.694336 0.506836 0.067383 0.064453
0 0.629883 0.517578 0.069336 0.088867
0 0.520508 0.398438 0.09668 0.100586
0 0.452148 0.375 0.06543 0.057617
0 0.342773 0.273438 0.125 0.088867
0 0.381836 0.152344 0.086914 0.131836
0 0.166016 0.018555 0.107422 0.036133
0 0.109375 0.130859 0.087891 0.111328
0 0.118164 0.216797 0.076172 0.086914
0 0.257812 0.212891 0.0625 0.092773
0 0.709961 0.1875 0.068359 0.100586
0 0.785156 0.107422 0.071289 0.099609
0 0.983398 0.696289 0.033203 0.089844
0 0.958008 0.578125 0.0625 0.0625
0 0.96875 0.399414 0.061523 0.078125
0 0.966797 0.801758 0.06543 0.072266
0 0.844727 0.658203 0.089844 0.092773
0 0.822266 0.5625 0.077148 0.069336
0 0.750977 0.660156 0.057617 0.069336
0 0.523438 0.595703 0.094727 0.070312
0 0.632812 0.630859 0.083984 0.073242
0 0.464844 0.767578 0.114258 0.085938
0 0.405273 0.624023 0.080078 0.101562
0 0.59668 0.805664 0.102539 0.045898
0 0.176758 0.763672 0.124023 0.105469
0 0.28418 0.673828 0.144531 0.076172
0 0.246094 0.657227 0.085938 0.149414
0 0.756836 0.885742 0.075195 0.06543
0 0.742188 0.96875 0.119141 0.061523
0 0.523438 0.925781 0.089844 0.0625
0 0.103516 0.97168 0.083984 0.055664
0 0.390625 0.900391 0.080078 0.095703
0 0.360352 0.899414 0.139648 0.052734
0 0.344727 0.459961 0.148438 0.106445
0 0.4375 0.526367 0.09375 0.114258
0 0.867188 0.203125 0.058594 0.069336
0 0.699219 0.365234 0.053711 0.048828
0 0.711914 0.696289 0.092773 0.079102
0 0.625 0.775391 0.052734 0.129883
0 0.942383 0.411133 0.069336 0.089844
0 0.24707 0.148438 0.063477 0.067383
0 0.307617 0.241211 0.045898 0.149414
