0 0.417969 0.029297 0.066406 0.058594
0 0.917969 0.802734 0.042969 0.094727
0 0.649414 0.453125 0.102539 0.071289
0 0.368164 0.458984 0.082031 0.09082
0 0.617188 0.494141 0.067383 0.057617
0 0.90332 0.185547 0.053711 0.076172
0 0.399414 0.652344 0.103516 0.05957
0 0.558594 0.771484 0.05957 0.066406
0 0.444336 0.545898 0.071289 0.054688
0 0.555664 0.584961 0.071289 0.051758
0 0.364258 0.889648 0.083984 0.047852
0 0.541992 0.026367 0.044922 0.053711
0 0.225586 0.583984 0.070312 0.048828
0 0.586914 0.563477 0.063477 0.050781
0 0.558594 0.851562 0.088867 0.079102
0 0.911133 0.962891 0.061523 0.052734
0 0.083008 0.171875 0.0625 0.06543
0 0.020508 0.508789 0.041992 0.048828
0 0.259766 0.516602 0.051758 0.061523
0 0.695312 0.927734 0.094727 0.051758
0 0.796875 0.436523 0.036133 0.104492
0 0.457031 0.108398 0.057617 0.063477
0 0.830078 0.245117 0.050781 0.067383
0 0.027344 0.798828 0.055664 0.078125
0 0.249023 0.795898 0.066406 0.05957
0 0.084961 0.601562 0.058594 0.054688
0 0.331055 0.544922 0.063477 0.044922
0 0.375 0.804688 0.070312 0.043945
0 0.775391 0.695312 0.056641 0.054688
0 0.984375 0.639648 0.03125 0.075195
0 0.652344 0.036133 0.032227 0.0625
0 0.518555 0.797852 0.076172 0.0625
0 0.05957 0.46582 0.074219 0.029297
0 0.318359 0.130859 0.05957 0.061523
0 0.442383 0.464844 0.024414 0.082031
0 0.202148 0.545898 0.064453 0.047852
0 0.043945 0.855469 0.057617 0.030273
0 0.847656 0.579102 0.037109 0.070312
0 0.142578 0.912109 0.080078 0.032227
0 0.916016 0.500977 0.099609 0.029297
0 0.443359 0.637695 0.052734 0.055664
0 0.620117 0.25293 0.025391 0.057617
0 0.835254 0.893848 0.081152 0.043164
0 0.016602 0.292969 0.03418 0.036133
0 0.792969 0.662109 0.050781 0.037109
0 0.294922 0.988281 0.072266 0.022461
0 0.439453 0.320312 0.052734 0.046875
0 0.085938 0.224609 0.047852 0.054688
0 0.37793 0.75293 0.058594 0.044922
0 0.111328 0.131836 0.072266 0.037109
0 0.50293 0.548828 0.067383 0.029297
0 0.707031 0.34375 0.039062 0.058594
0 0.367188 0.510742 0.083008 0.018555
0 0.116211 0.143555 0.068359 0.042969
0 0.764648 0.500977 0.043945 0.038086
0 0.882812 0.641602 0.026367 0.0625
0 0.917969 0.606445 0.047852 0.044922
0 0.541016 0.967773 0.066406 0.042969
0 0.694336 0.835938 0.044922 0.033203
0 0.979492 0.773438 0.040039 0.048828
0 0.978516 0.591797 0.041992 0.049805
0 0.442383 0.150391 0.041992 0.05957
0 0.789062 0.604492 0.050781 0.053711
0 0.189453 0.149414 0.084961 0.040039
0 0.230469 0.814453 0.046875 0.030273
0 0.740234 0.614258 0.054688 0.023438
0 0.364258 0.726562 0.053711 0.039062
