0 0.243164 0.649414 0.086914 0.080078
0 0.136719 0.558594 0.083008 0.066406
0 0.453125 0.797852 0.087891 0.083008
0 0.739258 0.955078 0.080078 0.083008
0 0.554688 0.353516 0.060547 0.083984
0 0.330078 0.913086 0.067383 0.067383
0 0.230469 0.953125 0.117188 0.092773
0 0.837891 0.618164 0.077148 0.087891
0 0.069336 0.758789 0.094727 0.05957
0 0.505859 0.914062 0.087891 0.06543
0 0.874023 0.792969 0.069336 0.117188
0 0.458984 0.439453 0.070312 0.05957
0 0.253906 0.177734 0.075195 0.067383
0 0.333008 0.604492 0.060547 0.073242
0 0.296875 0.367188 0.060547 0.056641
0 0.527344 0.609375 0.115234 0.089844
0 0.132812 0.126953 0.066406 0.095703
0 0.808594 0.716797 0.097656 0.110352
0 0.821289 0.291016 0.06543 0.132812
0 0.952148 0.748047 0.061523 0.078125
0 0.714844 0.890625 0.070312 0.067383
0 0.133789 0.275391 0.094727 0.102539
0 0.958008 0.880859 0.083008 0.0625
0 0.443359 0.100586 0.084961 0.142578
0 0.518555 0.046875 0.052734 0.089844
0 0.735352 0.043945 0.047852 0.075195
0 0.811523 0.18457 0.069336 0.160156
0 0.87793 0.148438 0.072266 0.126953
0 0.875977 0.234375 0.069336 0.09082
0 0.806641 0.523438 0.084961 0.107422
0 0.700195 0.561523 0.057617 0.09082
0 0.496094 0.665039 0.077148 0.082031
0 0.181641 0.888672 0.078125 0.071289
0 0.545898 0.298828 0.05957 0.111328
0 0.506836 0.269531 0.050781 0.139648
