0 0.611328 0.585938 0.06543 0.073242
0 0.613281 0.209961 0.098633 0.079102
0 0.601562 0.810547 0.042969 0.143555
0 0.375977 0.568359 0.086914 0.121094
0 0.15918 0.225586 0.139648 0.060547
0 0.978516 0.678711 0.041992 0.084961
0 0.232422 0.408203 0.100586 0.074219
0 0.397461 0.897461 0.083008 0.140625
0 0.755859 0.729492 0.029297 0.084961
0 0.520508 0.942383 0.040039 0.114258
0 0.889648 0.763672 0.12207 0.087891
0 0.904297 0.443359 0.128906 0.058594
0 0.505859 0.035156 0.116211 0.071289
0 0.410156 0.96582 0.118164 0.058594
0 0.553711 0.239258 0.09375 0.050781
0 0.796875 0.922852 0.079102 0.035156
0 0.504883 0.751953 0.081055 0.121094
0 0.540039 0.744141 0.068359 0.069336
0 0.393555 0.74707 0.052734 0.12207
0 0.104492 0.607422 0.109375 0.048828
0 0.166016 0.273438 0.063477 0.107422
0 0.160156 0.821289 0.099609 0.054688
0 0.807617 0.435547 0.102539 0.038086
0 0.673828 0.829102 0.045898 0.100586
0 0.211914 0.053711 0.102539 0.097656
0 0.310547 0.703125 0.123047 0.037109
0 0.257812 0.658203 0.152344 0.058594
0 0.954102 0.930664 0.056641 0.046875
0 0.923828 0.530273 0.151367 0.126953
0 0.526367 0.882812 0.066406 0.043945
0 0.249023 0.780273 0.049805 0.039062
0 0.922852 0.375 0.154297 0.049805
0 0.825195 0.666992 0.107422 0.039062
0 0.393555 0.044922 0.052734 0.052734
0 0.074219 0.135742 0.070312 0.057617
0 0.136719 0.015625 0.083984 0.03125
0 0.855469 0.876953 0.138672 0.030273
0 0.058594 0.724609 0.117188 0.12207
0 0.154297 0.740234 0.138672 0.030273
0 0.888672 0.913086 0.047852 0.064453
0 0.836914 0.039062 0.15332 0.038086
0 0.040039 0.958008 0.069336 0.037109
0 0.967773 0.079102 0.063477 0.02832
0 0.640625 0.980469 0.104492 0.03125
0 0.143555 0.858398 0.108398 0.041016
0 0.136719 0.319336 0.09082 0.036133
0 0.951172 0.014648 0.095703 0.030273
0 0.601562 0.919922 0.091797 0.048828
0 0.245117 0.483398 0.106445 0.036133
0 0.541016 0.631836 0.103516 0.026367
0 0.645508 0.416992 0.12793 0.19043
0 0.130859 0.591797 0.070312 0.071289
0 0.838867 0.750977 0.132812 0.082031
0 0.789062 0.478516 0.154297 0.045898
0 0.359375 0.411133 0.047852 0.061523
0 0.242188 0.226562 0.148438 0.060547
0 0.056641 0.217773 0.113281 0.083984
0 0.740234 0.605469 0.119141 0.097656
0 0.064453 0.016602 0.073242 0.03418
0 0.222656 0.966797 0.077148 0.041016
0 0.825195 0.545898 0.141602 0.040039
0 0.082031 0.704102 0.041992 0.03125
0 0.501953 0.611328 0.097656 0.027344
0 0.068359 0.887695 0.097656 0.030273
0 0.183594 0.480469 0.174805 0.18457
0 0.791016 0.580078 0.196289 0.070312
0 0.222656 0.445312 0.086914 0.03418
0 0.941406 0.594727 0.083008 0.033203
0 0.051758 0.5 0.098633 0.086914
0 0.048828 0.537109 0.082031 0.087891
0 0.69043 0.010742 0.052734 0.022461
0 0.148438 0.939453 0.21875 0.049805
0 0.178711 0.897461 0.064453 0.027344
0 0.429688 0.650391 0.061523 0.055664
0 0.014648 0.411133 0.030273 0.054688
0 0.798828 0.085938 0.229492 0.051758
0 0.28125 0.266602 0.069336 0.036133
0 0.514648 0.044922 0.15332 0.041992
0 0.84375 0.011719 0.125977 0.024414
