0 0.158203 0.161133 0.081055 0.091797
0 0.029297 0.204102 0.058594 0.078125
0 0.09375 0.09082 0.052734 0.068359
0 0.200195 0.06543 0.051758 0.105469
0 0.456055 0.15332 0.121094 0.073242
0 0.371094 0.102539 0.085938 0.082031
0 0.461914 0.243164 0.181641 0.081055
0 0.74707 0.210938 0.138672 0.080078
0 0.673828 0.017578 0.061523 0.036133
0 0.654297 0.06543 0.072266 0.079102
0 0.832031 0.075195 0.076172 0.073242
0 0.858398 0.332031 0.144531 0.087891
0 0.763672 0.451172 0.193359 0.085938
0 0.451172 0.545898 0.087891 0.134766
0 0.460938 0.639648 0.085938 0.088867
0 0.546875 0.597656 0.100586 0.091797
0 0.645508 0.614258 0.142578 0.196289
0 0.806641 0.658203 0.115234 0.083008
0 0.823242 0.738281 0.128906 0.071289
0 0.87207 0.84668 0.057617 0.05957
0 0.169922 0.46875 0.06543 0.183594
0 0.150391 0.369141 0.114258 0.217773
0 0.060547 0.432617 0.12207 0.198242
0 0.117188 0.700195 0.15918 0.19043
0 0.423828 0.788086 0.136719 0.086914
0 0.441406 0.901367 0.085938 0.092773
0 0.609375 0.912109 0.158203 0.092773
0 0.107422 0.833984 0.12207 0.072266
0 0.207031 0.867188 0.138672 0.106445
0 0.167969 0.956055 0.074219 0.086914
0 0.890625 0.210938 0.098633 0.084961
0 0.982422 0.097656 0.035156 0.091797
0 0.908203 0.683594 0.097656 0.076172
0 0.975586 0.601562 0.047852 0.108398
0 0.984375 0.697266 0.03125 0.084961
0 0.954102 0.018555 0.082031 0.038086
0 0.010742 0.818359 0.021484 0.084961
0 0.746094 0.954102 0.05957 0.068359
0 0.272461 0.34082 0.061523 0.061523
