0 0.866211 0.027344 0.106445 0.054688
0 0.972656 0.411133 0.054688 0.069336
0 0.895508 0.421875 0.060547 0.126953
0 0.954102 0.647461 0.09082 0.091797
0 0.761719 0.373047 0.104492 0.063477
0 0.725586 0.455078 0.067383 0.083984
0 0.700195 0.540039 0.06543 0.120117
0 0.762695 0.556641 0.052734 0.12793
0 0.836914 0.663086 0.063477 0.064453
0 0.610352 0.512695 0.05957 0.131836
0 0.543945 0.397461 0.106445 0.060547
0 0.501953 0.338867 0.058594 0.082031
0 0.544922 0.131836 0.082031 0.046875
0 0.614258 0.044922 0.157227 0.054688
0 0.696289 0.21875 0.102539 0.205078
0 0.329102 0.508789 0.070312 0.085938
0 0.459961 0.542969 0.120117 0.080078
0 0.428711 0.564453 0.107422 0.083984
0 0.320312 0.695312 0.125977 0.098633
0 0.449219 0.766602 0.080078 0.083008
0 0.557617 0.849609 0.136719 0.132812
0 0.547852 0.833984 0.058594 0.054688
0 0.671875 0.883789 0.134766 0.109375
0 0.838867 0.801758 0.089844 0.074219
0 0.867188 0.869141 0.108398 0.0625
0 0.948242 0.946289 0.088867 0.106445
0 0.97168 0.801758 0.056641 0.12207
0 0.483398 0.957031 0.054688 0.084961
0 0.666016 0.973633 0.120117 0.052734
0 0.836914 0.958008 0.084961 0.083984
0 0.348633 0.939453 0.086914 0.060547
0 0.282227 0.900391 0.0625 0.045898
0 0.336914 0.851562 0.132812 0.055664
0 0.342773 0.800781 0.073242 0.068359
0 0.19043 0.831055 0.09082 0.044922
0 0.102539 0.882812 0.092773 0.060547
0 0.030273 0.881836 0.060547 0.0625
0 0.076172 0.702148 0.073242 0.119141
0 0.177734 0.601562 0.066406 0.066406
0 0.216797 0.363281 0.060547 0.094727
0 0.132812 0.272461 0.15625 0.076172
0 0.193359 0.200195 0.112305 0.051758
0 0.168945 0.15918 0.098633 0.050781
0 0.209961 0.078125 0.157227 0.069336
0 0.505859 0.210938 0.167969 0.154297
0 0.027344 0.286133 0.054688 0.126953
0 0.088867 0.039062 0.076172 0.079102
0 0.335938 0.033203 0.097656 0.066406
0 0.938477 0.305664 0.083984 0.058594
0 0.064453 0.474609 0.128906 0.040039
0 0.323242 0.547852 0.049805 0.060547
0 0.116211 0.649414 0.097656 0.105469
0 0.185547 0.978516 0.05957 0.042969
0 0.467773 0.199219 0.057617 0.057617
0 0.441406 0.075195 0.043945 0.052734
0 0.938477 0.336914 0.0625 0.040039
