0 0.236328 0.364258 0.129883 0.134766
0 0.041992 0.09668 0.084961 0.100586
0 0.507812 0.780273 0.077148 0.15332
0 0.859375 0.818359 0.160156 0.136719
0 0.819336 0.15918 0.136719 0.075195
0 0.685547 0.552734 0.1875 0.102539
0 0.46582 0.19043 0.087891 0.067383
0 0.456055 0.59082 0.132812 0.158203
0 0.388672 0.368164 0.084961 0.057617
0 0.90332 0.056641 0.1875 0.094727
0 0.365234 0.685547 0.12207 0.112305
0 0.422852 0.298828 0.131836 0.06543
0 0.072266 0.639648 0.144531 0.099609
0 0.570312 0.19043 0.086914 0.072266
0 0.338867 0.550781 0.104492 0.091797
0 0.929688 0.464844 0.134766 0.102539
0 0.124023 0.532227 0.139648 0.060547
0 0.053711 0.550781 0.107422 0.117188
0 0.044922 0.729492 0.089844 0.205078
0 0.926758 0.15918 0.139648 0.05957
0 0.023438 0.041016 0.046875 0.054688
0 0.024414 0.938477 0.048828 0.119141
0 0.938477 0.697266 0.123047 0.099609
0 0.070312 0.816406 0.131836 0.155273
0 0.015625 0.579102 0.032227 0.110352
0 0.474609 0.338867 0.070312 0.075195
0 0.868164 0.979492 0.142578 0.041016
0 0.614258 0.962891 0.084961 0.067383
0 0.374023 0.975586 0.075195 0.047852
0 0.057617 0.71582 0.067383 0.107422
0 0.048828 0.879883 0.083008 0.075195
0 0.94043 0.606445 0.118164 0.06543
0 0.973633 0.519531 0.052734 0.044922
0 0.90918 0.070312 0.180664 0.083008
0 0.063477 0.010742 0.125977 0.022461
