0 0.044922 0.042969 0.0625 0.054688
0 0.036133 0.089844 0.05957 0.056641
0 0.259766 0.079102 0.100586 0.083008
0 0.208008 0.117188 0.072266 0.052734
0 0.112305 0.210938 0.077148 0.049805
0 0.345703 0.132812 0.103516 0.087891
0 0.418945 0.147461 0.0625 0.061523
0 0.472656 0.087891 0.104492 0.063477
0 0.535156 0.109375 0.06543 0.056641
0 0.581055 0.136719 0.058594 0.053711
0 0.587891 0.214844 0.046875 0.051758
0 0.678711 0.199219 0.085938 0.069336
0 0.671875 0.099609 0.108398 0.078125
0 0.719727 0.076172 0.06543 0.066406
0 0.493164 0.306641 0.060547 0.072266
0 0.426758 0.307617 0.069336 0.057617
0 0.333984 0.420898 0.0625 0.124023
0 0.242188 0.542969 0.083008 0.054688
0 0.053711 0.591797 0.074219 0.066406
0 0.140625 0.649414 0.086914 0.071289
0 0.030273 0.418945 0.061523 0.0625
0 0.539062 0.526367 0.074219 0.109375
0 0.564453 0.415039 0.066406 0.063477
0 0.381836 0.585938 0.068359 0.072266
0 0.304688 0.652344 0.068359 0.067383
0 0.048828 0.779297 0.095703 0.09668
0 0.404297 0.826172 0.078125 0.055664
0 0.387695 0.904297 0.09668 0.107422
0 0.539062 0.780273 0.108398 0.057617
0 0.558594 0.826172 0.051758 0.054688
0 0.612305 0.842773 0.05957 0.047852
0 0.637695 0.72168 0.05957 0.076172
0 0.639648 0.624023 0.072266 0.072266
0 0.493164 0.646484 0.09082 0.083984
0 0.793945 0.983398 0.05957 0.033203
0 0.853516 0.942383 0.072266 0.115234
0 0.884766 0.801758 0.06543 0.064453
0 0.833008 0.631836 0.068359 0.066406
0 0.897461 0.620117 0.082031 0.080078
0 0.901367 0.535156 0.06543 0.063477
0 0.875977 0.359375 0.068359 0.072266
0 0.807617 0.450195 0.067383 0.084961
0 0.677734 0.505859 0.088867 0.067383
0 0.693359 0.415039 0.053711 0.097656
0 0.704102 0.287109 0.066406 0.084961
0 0.786133 0.285156 0.056641 0.051758
0 0.856445 0.118164 0.070312 0.080078
0 0.96875 0.058594 0.05957 0.100586
0 0.025391 0.709961 0.048828 0.068359
0 0.771484 0.608398 0.056641 0.089844
0 0.210938 0.486328 0.043945 0.049805
0 0.251953 0.675781 0.111328 0.064453
0 0.731445 0.458008 0.039062 0.044922
0 0.96875 0.013672 0.053711 0.027344
0 0.556641 0.013672 0.055664 0.02832
0 0.625977 0.761719 0.03125 0.03418
