0 0.246094 0.916992 0.083008 0.099609
0 0.345703 0.90332 0.075195 0.070312
0 0.400391 0.980469 0.097656 0.039062
0 0.46582 0.81543 0.082031 0.075195
0 0.543945 0.779297 0.083984 0.072266
0 0.491211 0.882812 0.077148 0.055664
0 0.173828 0.727539 0.113281 0.057617
0 0.174805 0.775391 0.126953 0.060547
0 0.319336 0.738281 0.05957 0.083008
0 0.15918 0.569336 0.091797 0.094727
0 0.313477 0.525391 0.067383 0.075195
0 0.386719 0.520508 0.106445 0.072266
0 0.411133 0.430664 0.107422 0.075195
0 0.486328 0.455078 0.05957 0.083984
0 0.847656 0.516602 0.119141 0.083984
0 0.717773 0.584961 0.097656 0.09375
0 0.020508 0.939453 0.041992 0.081055
0 0.232422 0.980469 0.079102 0.039062
0 0.466797 0.140625 0.115234 0.082031
0 0.40918 0.228516 0.047852 0.055664
0 0.587891 0.045898 0.081055 0.071289
0 0.200195 0.027344 0.103516 0.055664
