0 0.083008 0.90625 0.129883 0.071289
0 0.099609 0.873047 0.111328 0.055664
0 0.196289 0.706055 0.175781 0.069336
0 0.235352 0.585938 0.09082 0.039062
0 0.332031 0.5 0.09375 0.074219
0 0.34668 0.429688 0.058594 0.063477
0 0.232422 0.432617 0.075195 0.06543
0 0.087891 0.490234 0.105469 0.076172
0 0.015625 0.364258 0.03125 0.071289
0 0.136719 0.37207 0.069336 0.051758
0 0.035156 0.175781 0.054688 0.068359
0 0.130859 0.133789 0.085938 0.079102
0 0.075195 0.060547 0.0625 0.0625
0 0.137695 0.02832 0.075195 0.056641
0 0.081055 0.008789 0.121094 0.018555
0 0.322266 0.040039 0.091797 0.080078
0 0.355469 0.085938 0.134766 0.119141
0 0.389648 0.212891 0.06543 0.083008
0 0.314453 0.241211 0.0625 0.120117
0 0.268555 0.273438 0.070312 0.094727
0 0.370117 0.359375 0.068359 0.060547
0 0.535156 0.297852 0.06543 0.072266
0 0.633789 0.307617 0.072266 0.105469
0 0.601562 0.422852 0.071289 0.079102
0 0.704102 0.202148 0.130859 0.055664
0 0.667969 0.240234 0.09375 0.06543
0 0.727539 0.121094 0.169922 0.09668
0 0.929688 0.213867 0.06543 0.087891
0 0.983398 0.212891 0.033203 0.061523
0 0.607422 0.008789 0.102539 0.017578
0 0.686523 0.578125 0.050781 0.069336
0 0.727539 0.566406 0.082031 0.0625
0 0.871094 0.546875 0.06543 0.089844
0 0.90918 0.652344 0.113281 0.064453
0 0.795898 0.723633 0.083984 0.092773
0 0.826172 0.772461 0.077148 0.079102
0 0.527344 0.705078 0.06543 0.092773
0 0.402344 0.660156 0.104492 0.066406
0 0.407227 0.737305 0.099609 0.080078
0 0.334961 0.820312 0.051758 0.043945
0 0.250977 0.768555 0.080078 0.057617
0 0.186523 0.808594 0.069336 0.05957
0 0.618164 0.87207 0.084961 0.058594
0 0.576172 0.811523 0.058594 0.046875
0 0.588867 0.695312 0.063477 0.061523
0 0.887695 0.84668 0.149414 0.087891
0 0.826172 0.899414 0.069336 0.052734
0 0.775391 0.869141 0.046875 0.055664
0 0.964844 0.754883 0.061523 0.064453
0 0.712891 0.958008 0.077148 0.078125
0 0.443359 0.946289 0.097656 0.107422
0 0.371094 0.989258 0.064453 0.021484
0 0.289062 0.946289 0.048828 0.069336
0 0.912109 0.399414 0.094727 0.070312
0 0.957031 0.332031 0.084961 0.046875
0 0.017578 0.693359 0.036133 0.058594
0 0.222656 0.117188 0.053711 0.054688
0 0.464844 0.15918 0.0625 0.054688
0 0.780273 0.253906 0.049805 0.054688
0 0.564453 0.485352 0.058594 0.058594
0 0.493164 0.912109 0.055664 0.069336
0 0.537109 0.861328 0.0625 0.09082
0 0.951172 0.270508 0.072266 0.054688
0 0.338867 0.131836 0.050781 0.053711
