0 0.549805 0.074219 0.186523 0.081055
0 0.927734 0.03418 0.109375 0.068359
0 0.746094 0.172852 0.083008 0.083008
0 0.923828 0.170898 0.086914 0.083984
0 0.935547 0.271484 0.069336 0.09082
0 0.350586 0.509766 0.105469 0.097656
0 0.15918 0.331055 0.095703 0.109375
0 0.724609 0.463867 0.111328 0.06543
0 0.772461 0.545898 0.091797 0.102539
0 0.746094 0.693359 0.115234 0.081055
0 0.723633 0.776367 0.152344 0.083984
0 0.539062 0.701172 0.136719 0.108398
0 0.912109 0.660156 0.088867 0.097656
0 0.563477 0.844727 0.086914 0.072266
0 0.606445 0.910156 0.101562 0.09375
0 0.75293 0.959961 0.111328 0.079102
0 0.477539 0.856445 0.117188 0.105469
0 0.478516 0.952148 0.103516 0.071289
0 0.176758 0.725586 0.123047 0.148438
0 0.043945 0.869141 0.087891 0.056641
0 0.043945 0.94043 0.087891 0.068359
0 0.978516 0.974609 0.042969 0.050781
0 0.035156 0.094727 0.071289 0.132812
0 0.170898 0.989258 0.070312 0.020508
