0 0.144531 0.03418 0.080078 0.069336
0 0.129883 0.15332 0.069336 0.053711
0 0.083984 0.234375 0.079102 0.091797
0 0.188477 0.308594 0.112305 0.075195
0 0.136719 0.448242 0.083008 0.066406
0 0.135742 0.543945 0.115234 0.05957
0 0.254883 0.571289 0.084961 0.097656
0 0.071289 0.65332 0.061523 0.094727
0 0.15332 0.6875 0.056641 0.084961
0 0.211914 0.749023 0.077148 0.084961
0 0.058594 0.786133 0.081055 0.075195
0 0.115234 0.953125 0.085938 0.075195
0 0.290039 0.836914 0.080078 0.078125
0 0.362305 0.692383 0.071289 0.09082
0 0.317383 0.972656 0.124023 0.054688
0 0.399414 0.904297 0.069336 0.066406
0 0.516602 0.87793 0.069336 0.084961
0 0.410156 0.837891 0.09082 0.050781
0 0.478516 0.786133 0.074219 0.076172
0 0.476562 0.702148 0.076172 0.069336
0 0.525391 0.953125 0.085938 0.064453
0 0.671875 0.916016 0.071289 0.061523
0 0.870117 0.855469 0.138672 0.074219
0 0.782227 0.918945 0.080078 0.0625
0 0.800781 0.976562 0.067383 0.046875
0 0.71875 0.959961 0.055664 0.063477
0 0.693359 0.794922 0.077148 0.080078
0 0.777344 0.782227 0.083008 0.063477
0 0.694336 0.68457 0.071289 0.066406
0 0.553711 0.645508 0.092773 0.091797
0 0.56543 0.578125 0.098633 0.056641
0 0.521484 0.479492 0.0625 0.123047
0 0.748047 0.569336 0.106445 0.0625
0 0.623047 0.571289 0.069336 0.083008
0 0.438477 0.435547 0.067383 0.06543
0 0.540039 0.376953 0.06543 0.047852
0 0.694336 0.371094 0.056641 0.053711
0 0.873047 0.491211 0.061523 0.077148
0 0.923828 0.519531 0.054688 0.091797
0 0.907227 0.648438 0.068359 0.081055
0 0.949219 0.594727 0.063477 0.069336
0 0.776367 0.341797 0.056641 0.09375
0 0.861328 0.325195 0.074219 0.064453
0 0.703125 0.274414 0.070312 0.09375
0 0.610352 0.196289 0.100586 0.094727
0 0.94043 0.231445 0.05957 0.053711
0 0.75293 0.083008 0.071289 0.081055
0 0.673828 0.079102 0.066406 0.074219
0 0.354492 0.037109 0.072266 0.075195
0 0.62793 0.016602 0.074219 0.033203
0 0.848633 0.020508 0.0625 0.041016
0 0.90625 0.984375 0.075195 0.03125
0 0.461914 0.982422 0.061523 0.03418
0 0.263672 0.905273 0.046875 0.049805
0 0.017578 0.28125 0.035156 0.068359
0 0.143555 0.757812 0.030273 0.049805
0 0.455078 0.612305 0.051758 0.05957
0 0.735352 0.853516 0.102539 0.043945
0 0.824219 0.750977 0.056641 0.0625
