0 0.076172 0.045898 0.051758 0.055664
0 0.097656 0.149414 0.03125 0.041992
0 0.091797 0.332031 0.050781 0.086914
0 0.214844 0.203125 0.03125 0.075195
0 0.266602 0.28418 0.02832 0.079102
0 0.208008 0.422852 0.070312 0.066406
0 0.203125 0.599609 0.0625 0.045898
0 0.179688 0.672852 0.042969 0.086914
0 0.081055 0.675781 0.03125 0.060547
0 0.410156 0.171875 0.043945 0.109375
0 0.536133 0.280273 0.033203 0.025391
0 0.438477 0.335938 0.038086 0.032227
0 0.507812 0.352539 0.056641 0.041016
0 0.691406 0.314453 0.046875 0.06543
0 0.765625 0.351562 0.024414 0.046875
0 0.871094 0.446289 0.039062 0.057617
0 0.96875 0.564453 0.047852 0.056641
0 0.420898 0.515625 0.024414 0.055664
0 0.488281 0.506836 0.033203 0.054688
0 0.487305 0.567383 0.053711 0.074219
0 0.584961 0.556641 0.033203 0.058594
0 0.601562 0.550781 0.03418 0.045898
0 0.460938 0.688477 0.044922 0.09082
0 0.917969 0.606445 0.041016 0.040039
0 0.801758 0.62793 0.045898 0.042969
0 0.780273 0.115234 0.032227 0.030273
0 0.05957 0.910156 0.058594 0.056641
0 0.120117 0.818359 0.038086 0.048828
0 0.24707 0.87207 0.042969 0.0625
0 0.313477 0.969727 0.06543 0.049805
0 0.357422 0.93457 0.042969 0.060547
0 0.618164 0.96875 0.036133 0.061523
0 0.529297 0.887695 0.048828 0.03125
0 0.675781 0.84375 0.029297 0.052734
0 0.597656 0.776367 0.044922 0.053711
0 0.788086 0.896484 0.040039 0.046875
0 0.735352 0.922852 0.050781 0.035156
0 0.919922 0.902344 0.083984 0.06543
0 0.581055 0.879883 0.024414 0.03418
0 0.69043 0.109375 0.052734 0.048828
0 0.700195 0.036133 0.070312 0.051758
