0 0.086914 0.269531 0.158203 0.048828
0 0.110352 0.172852 0.15625 0.038086
0 0.039062 0.018555 0.079102 0.037109
0 0.055664 0.100586 0.074219 0.03418
0 0.170898 0.058594 0.128906 0.117188
0 0.28125 0.111328 0.116211 0.087891
0 0.381836 0.125 0.118164 0.053711
0 0.388672 0.047852 0.163086 0.081055
0 0.314453 0.018555 0.117188 0.038086
0 0.535156 0.206055 0.0625 0.068359
0 0.657227 0.195312 0.074219 0.046875
0 0.592773 0.045898 0.121094 0.092773
0 0.678711 0.047852 0.118164 0.046875
0 0.685547 0.018555 0.068359 0.038086
0 0.74707 0.03125 0.073242 0.0625
0 0.857422 0.02832 0.110352 0.056641
0 0.831055 0.035156 0.076172 0.0625
0 0.944336 0.140625 0.044922 0.030273
0 0.96582 0.22168 0.064453 0.051758
0 0.919922 0.231445 0.107422 0.044922
0 0.980469 0.302734 0.038086 0.040039
0 0.980469 0.084961 0.039062 0.042969
0 0.976562 0.507812 0.046875 0.066406
0 0.942383 0.546875 0.113281 0.070312
0 0.97168 0.585938 0.056641 0.046875
0 0.959961 0.668945 0.079102 0.042969
0 0.950195 0.692383 0.089844 0.0625
0 0.816406 0.607422 0.123047 0.040039
0 0.77832 0.577148 0.035156 0.067383
0 0.693359 0.588867 0.144531 0.083984
0 0.583008 0.503906 0.102539 0.098633
0 0.118164 0.600586 0.106445 0.054688
0 0.124023 0.568359 0.152344 0.057617
0 0.311523 0.652344 0.1875 0.041016
0 0.331055 0.681641 0.161133 0.049805
0 0.375977 0.708008 0.06543 0.02832
0 0.473633 0.708984 0.126953 0.033203
0 0.160156 0.682617 0.141602 0.052734
0 0.160156 0.735352 0.15918 0.075195
0 0.874023 0.791992 0.104492 0.043945
0 0.852539 0.743164 0.048828 0.052734
0 0.783203 0.756836 0.115234 0.036133
0 0.71875 0.795898 0.110352 0.0625
0 0.472656 0.827148 0.100586 0.038086
0 0.280273 0.956055 0.12793 0.064453
0 0.143555 0.957031 0.194336 0.038086
0 0.174805 0.756836 0.094727 0.057617
0 0.96875 0.74707 0.0625 0.03418
