0 0.662109 0.019531 0.045898 0.039062
0 0.834961 0.101562 0.071289 0.104492
0 0.560547 0.081055 0.070312 0.086914
0 0.611328 0.134766 0.057617 0.094727
0 0.674805 0.174805 0.079102 0.071289
0 0.806641 0.229492 0.088867 0.058594
0 0.948242 0.191406 0.103516 0.060547
0 0.954102 0.114258 0.071289 0.066406
0 0.989258 0.172852 0.020508 0.083984
0 0.976562 0.013672 0.041992 0.027344
0 0.925781 0.036133 0.066406 0.072266
0 0.991211 0.341797 0.016602 0.070312
0 0.962891 0.363281 0.061523 0.114258
0 0.732422 0.277344 0.102539 0.063477
0 0.589844 0.267578 0.150391 0.076172
0 0.572266 0.366211 0.081055 0.050781
0 0.666992 0.352539 0.060547 0.068359
0 0.581055 0.449219 0.098633 0.110352
0 0.87793 0.501953 0.120117 0.088867
0 0.751953 0.619141 0.105469 0.12207
0 0.583008 0.615234 0.09082 0.172852
0 0.630859 0.814453 0.071289 0.105469
0 0.766602 0.887695 0.070312 0.095703
0 0.607422 0.972656 0.080078 0.053711
0 0.574219 0.950195 0.070312 0.041016
0 0.816406 0.961914 0.079102 0.075195
0 0.879883 0.881836 0.045898 0.054688
0 0.94043 0.787109 0.082031 0.205078
0 0.881836 0.751953 0.085938 0.066406
0 0.365234 0.928711 0.091797 0.073242
0 0.299805 0.982422 0.066406 0.03418
0 0.162109 0.966797 0.166016 0.06543
0 0.041992 0.978516 0.083008 0.027344
0 0.164062 0.737305 0.073242 0.080078
0 0.328125 0.564453 0.126953 0.055664
0 0.363281 0.449219 0.097656 0.140625
0 0.34375 0.495117 0.054688 0.09375
0 0.160156 0.543945 0.087891 0.112305
0 0.070312 0.561523 0.138672 0.133789
0 0.103516 0.279297 0.06543 0.056641
0 0.047852 0.283203 0.063477 0.097656
0 0.296875 0.293945 0.066406 0.064453
0 0.394531 0.186523 0.086914 0.047852
0 0.320312 0.172852 0.057617 0.041016
0 0.329102 0.103516 0.145508 0.078125
0 0.495117 0.100586 0.041016 0.071289
0 0.302734 0.94043 0.03418 0.039062
