0 0.112305 0.564453 0.074219 0.076172
0 0.09082 0.71582 0.060547 0.060547
0 0.199219 0.704102 0.072266 0.060547
0 0.262695 0.774414 0.070312 0.050781
0 0.158203 0.915039 0.102539 0.078125
0 0.079102 0.982422 0.101562 0.03418
0 0.384766 0.967773 0.078125 0.064453
0 0.391602 0.710938 0.063477 0.071289
0 0.570312 0.59375 0.080078 0.06543
0 0.547852 0.660156 0.06543 0.074219
0 0.59668 0.723633 0.074219 0.083984
0 0.616211 0.867188 0.080078 0.124023
0 0.680664 0.731445 0.073242 0.0625
0 0.728516 0.807617 0.058594 0.071289
0 0.78418 0.84082 0.052734 0.086914
0 0.738281 0.952148 0.077148 0.094727
0 0.817383 0.978516 0.05957 0.042969
0 0.87207 0.96875 0.045898 0.061523
0 0.808594 0.719727 0.088867 0.056641
0 0.819336 0.619141 0.084961 0.075195
0 0.716797 0.59375 0.081055 0.069336
0 0.908203 0.639648 0.066406 0.060547
0 0.942383 0.789062 0.081055 0.068359
0 0.928711 0.499023 0.064453 0.132812
0 0.797852 0.466797 0.06543 0.111328
0 0.416992 0.441406 0.069336 0.108398
0 0.491211 0.404297 0.079102 0.087891
0 0.583984 0.303711 0.086914 0.074219
0 0.414062 0.293945 0.0625 0.0625
0 0.339844 0.25 0.066406 0.071289
0 0.458984 0.185547 0.068359 0.050781
0 0.188477 0.324219 0.080078 0.133789
0 0.196289 0.202148 0.068359 0.081055
0 0.227539 0.101562 0.101562 0.09668
0 0.231445 0.03125 0.072266 0.063477
0 0.373047 0.071289 0.087891 0.086914
0 0.510742 0.041992 0.086914 0.078125
0 0.580078 0.129883 0.074219 0.081055
0 0.733398 0.229492 0.089844 0.06543
0 0.831055 0.09375 0.106445 0.100586
0 0.919922 0.226562 0.092773 0.070312
0 0.868164 0.296875 0.068359 0.05957
0 0.202148 0.758789 0.061523 0.050781
0 0.143555 0.514648 0.078125 0.073242
0 0.842773 0.427734 0.055664 0.086914
0 0.987305 0.539062 0.024414 0.058594
0 0.982422 0.68457 0.03418 0.0625
0 0.978516 0.979492 0.042969 0.040039
0 0.463867 0.992188 0.041992 0.015625
0 0.178711 0.988281 0.044922 0.023438
0 0.651367 0.772461 0.073242 0.078125
0 0.624023 0.608398 0.050781 0.048828
