0 0.014648 0.582031 0.029297 0.060547
0 0.071289 0.541992 0.077148 0.037109
0 0.107422 0.470703 0.067383 0.086914
0 0.025391 0.295898 0.051758 0.070312
0 0.045898 0.393555 0.049805 0.047852
0 0.183594 0.329102 0.055664 0.069336
0 0.165039 0.249023 0.074219 0.060547
0 0.007812 0.121094 0.015625 0.063477
0 0.091797 0.114258 0.055664 0.076172
0 0.115234 0.084961 0.040039 0.064453
0 0.172852 0.056641 0.083984 0.082031
0 0.077148 0.724609 0.094727 0.073242
0 0.091797 0.849609 0.079102 0.068359
0 0.244141 0.786133 0.081055 0.05957
0 0.606445 0.963867 0.074219 0.071289
0 0.575195 0.882812 0.100586 0.053711
0 0.720703 0.892578 0.126953 0.051758
0 0.49707 0.894531 0.068359 0.102539
0 0.422852 0.703125 0.108398 0.082031
0 0.306641 0.651367 0.060547 0.048828
0 0.638672 0.719727 0.092773 0.042969
0 0.798828 0.599609 0.061523 0.143555
0 0.5 0.463867 0.114258 0.069336
0 0.347656 0.351562 0.110352 0.111328
0 0.427734 0.34375 0.098633 0.049805
0 0.500977 0.270508 0.077148 0.05957
0 0.43457 0.226562 0.103516 0.071289
0 0.353516 0.146484 0.110352 0.056641
0 0.59375 0.141602 0.078125 0.069336
0 0.663086 0.191406 0.107422 0.049805
0 0.662109 0.282227 0.053711 0.114258
0 0.717773 0.418945 0.101562 0.068359
0 0.863281 0.305664 0.09082 0.063477
0 0.791992 0.239258 0.09375 0.086914
0 0.772461 0.305664 0.05957 0.043945
0 0.973633 0.302734 0.052734 0.051758
0 0.863281 0.154297 0.089844 0.068359
0 0.958008 0.12207 0.083984 0.053711
0 0.696289 0.092773 0.131836 0.081055
0 0.755859 0.039062 0.078125 0.048828
0 0.488281 0.049805 0.051758 0.085938
0 0.558594 0.027344 0.0625 0.054688
0 0.972656 0.03418 0.038086 0.068359
0 0.986328 0.430664 0.027344 0.067383
