0 0.411133 0.739258 0.079102 0.070312
0 0.514648 0.267578 0.080078 0.102539
0 0.726562 0.353516 0.152344 0.077148
0 0.625977 0.130859 0.066406 0.072266
0 0.773438 0.472656 0.117188 0.067383
0 0.370117 0.166992 0.086914 0.084961
0 0.389648 0.452148 0.077148 0.083008
0 0.864258 0.796875 0.077148 0.080078
0 0.208984 0.542969 0.074219 0.0625
0 0.80957 0.698242 0.063477 0.072266
0 0.521484 0.625 0.057617 0.097656
0 0.844727 0.290039 0.070312 0.064453
0 0.702148 0.972656 0.050781 0.054688
0 0.87793 0.203125 0.072266 0.067383
0 0.939453 0.137695 0.098633 0.089844
0 0.578125 0.686523 0.047852 0.066406
0 0.427734 0.043945 0.073242 0.069336
0 0.65332 0.041992 0.068359 0.080078
0 0.707031 0.039062 0.078125 0.072266
0 0.34375 0.481445 0.053711 0.084961
0 0.720703 0.419922 0.055664 0.057617
