0 0.325195 0.480469 0.131836 0.057617
0 0.330078 0.949219 0.172852 0.094727
0 0.835938 0.333008 0.117188 0.083008
0 0.270508 0.072266 0.132812 0.115234
0 0.328125 0.19043 0.092773 0.0625
0 0.135742 0.37207 0.136719 0.130859
0 0.197266 0.829102 0.115234 0.110352
0 0.036133 0.267578 0.071289 0.089844
0 0.401367 0.817383 0.094727 0.105469
0 0.508789 0.204102 0.151367 0.076172
0 0.936523 0.223633 0.119141 0.095703
0 0.367188 0.444336 0.125 0.089844
0 0.200195 0.560547 0.083008 0.132812
0 0.068359 0.113281 0.078125 0.0625
0 0.880859 0.922852 0.113281 0.100586
0 0.910156 0.800781 0.137695 0.097656
0 0.243164 0.09668 0.126953 0.115234
