0 0.679688 0.499023 0.080078 0.129883
0 0.90332 0.674805 0.094727 0.092773
0 0.886719 0.174805 0.137695 0.107422
0 0.165039 0.739258 0.112305 0.134766
0 0.94043 0.334961 0.118164 0.112305
0 0.882812 0.881836 0.118164 0.105469
0 0.750977 0.726562 0.132812 0.120117
0 0.55957 0.40918 0.119141 0.120117
0 0.864258 0.419922 0.087891 0.086914
0 0.100586 0.202148 0.092773 0.105469
0 0.832031 0.956055 0.109375 0.087891
0 0.162109 0.374023 0.140625 0.139648
0 0.595703 0.25293 0.107422 0.102539
0 0.195312 0.975586 0.09668 0.047852
0 0.154297 0.038086 0.064453 0.077148
0 0.560547 0.171875 0.097656 0.109375
0 0.902344 0.042969 0.089844 0.077148
0 0.021484 0.364258 0.040039 0.155273
0 0.166016 0.248047 0.029297 0.067383
0 0.067383 0.630859 0.042969 0.089844
