0 0.959961 0.544922 0.080078 0.091797
0 0.569727 0.774414 0.061523 0.080078
0 0.30957 0.155273 0.069336 0.101562
0 0.413086 0.158203 0.054688 0.132812
0 0.262695 0.066406 0.0625 0.088867
0 0.583008 0.453125 0.104492 0.123047
0 0.827148 0.172852 0.061523 0.089844
0 0.169922 0.530273 0.132812 0.057617
0 0.847656 0.672852 0.080078 0.081055
0 0.813477 0.791016 0.043945 0.076172
0 0.713867 0.549805 0.026367 0.080078
0 0.495117 0.540039 0.041992 0.060547
0 0.029297 0.513672 0.05957 0.053711
0 0.485352 0.061523 0.083008 0.123047
0 0.780273 0.789062 0.032227 0.05957
0 0.018555 0.795898 0.037109 0.083984
0 0.369141 0.017578 0.101562 0.03418
0 0.523438 0.064453 0.03125 0.092773
0 0.291992 0.510742 0.060547 0.0625
0 0.860352 0.254883 0.098633 0.03418
0 0.741211 0.923828 0.121094 0.038086
0 0.024414 0.210938 0.048828 0.071289
0 0.114258 0.242188 0.05957 0.050781
0 0.501953 0.783203 0.055664 0.054688
0 0.266602 0.739258 0.102539 0.054688
0 0.005859 0.095703 0.011719 0.02832
0 0.515625 0.612305 0.03125 0.089844
0 0.301758 0.02832 0.071289 0.049805
0 0.114258 0.368164 0.132812 0.048828
0 0.47168 0.360352 0.12793 0.037109
0 0.34375 0.892578 0.092773 0.025391
0 0.310547 0.316406 0.058594 0.041016
0 0.208008 0.05957 0.025391 0.051758
0 0.914062 0.785156 0.043945 0.071289
0 0.59668 0.334961 0.050781 0.067383
0 0.263672 0.146484 0.058594 0.051758
0 0.742188 0.011719 0.05957 0.023438
0 0.920898 0.40625 0.050781 0.115234
0 0.147461 0.989258 0.042969 0.020508
0 0.640625 0.744141 0.053711 0.047852
0 0.625 0.978516 0.095703 0.029297
0 0.760742 0.404297 0.086914 0.035156
0 0.600586 0.956055 0.110352 0.045898
0 0.474609 0.589844 0.043945 0.040039
0 0.706055 0.353516 0.125977 0.043945
0 0.780566 0.291016 0.080078 0.040039
0 0.879883 0.22168 0.029297 0.071289
0 0.15918 0.835938 0.075195 0.069336
0 0.414062 0.720703 0.064453 0.021484
0 0.986328 0.439453 0.027344 0.074219
0 0.143555 0.736328 0.082031 0.038086
0 0.672852 0.170898 0.038086 0.055664
0 0.515625 0.286133 0.075195 0.051758
0 0.357422 0.574219 0.063477 0.038086
0 0.651367 0.845703 0.050781 0.05957
0 0.302734 0.46582 0.060547 0.02832
0 0.696289 0.120117 0.03125 0.061523
0 0.009766 0.317383 0.019531 0.033203
0 0.913086 0.657227 0.03418 0.051758
0 0.50293 0.291992 0.056641 0.046875
0 0.855469 0.069336 0.06543 0.073242
0 0.347656 0.988281 0.146484 0.023438
0 0.183594 0.018555 0.055664 0.038086
0 0.771484 0.96875 0.057617 0.042969
0 0.138672 0.930664 0.040039 0.024414
0 0.333008 0.928711 0.040039 0.042969
0 0.65332 0.301758 0.058594 0.040039
0 0.975586 0.34082 0.048828 0.055664
0 0.926758 0.991211 0.100586 0.017578
0 0.982422 0.980469 0.03418 0.038086
0 0.077148 0.963867 0.0625 0.048828
