0 0.726562 0.331055 0.178711 0.125977
0 0.477539 0.270508 0.195312 0.119141
0 0.867188 0.171875 0.116211 0.112305
0 0.28125 0.970703 0.080078 0.057617
0 0.94043 0.65332 0.118164 0.172852
0 0.767578 0.53418 0.114258 0.161133
0 0.5 0.491211 0.074219 0.141602
0 0.328125 0.359375 0.078125 0.106445
0 0.306641 0.046875 0.168945 0.088867
0 0.1875 0.608398 0.087891 0.070312
0 0.367188 0.714844 0.084961 0.128906
0 0.327148 0.927734 0.099609 0.05957
0 0.560547 0.953125 0.107422 0.092773
0 0.792969 0.936523 0.085938 0.126953
0 0.211914 0.953125 0.104492 0.09375
0 0.572266 0.361328 0.057617 0.049805
0 0.583008 0.155273 0.103516 0.114258
0 0.505859 0.040039 0.085938 0.081055
0 0.711914 0.055664 0.135742 0.112305
0 0.125977 0.107422 0.102539 0.084961
0 0.150391 0.021484 0.112305 0.043945
0 0.070312 0.358398 0.140625 0.079102
0 0.066406 0.438477 0.133789 0.103516
0 0.020508 0.505859 0.041992 0.06543
0 0.366211 0.488281 0.051758 0.040039
0 0.357422 0.544922 0.113281 0.054688
0 0.384766 0.59668 0.101562 0.06543
0 0.571289 0.677734 0.080078 0.109375
0 0.483398 0.723633 0.095703 0.055664
0 0.476562 0.763672 0.078125 0.037109
0 0.541992 0.821289 0.06543 0.055664
0 0.660156 0.922852 0.070312 0.071289
0 0.916016 0.875977 0.167969 0.15918
0 0.814453 0.78418 0.072266 0.112305
0 0.098633 0.650391 0.056641 0.087891
0 0.193359 0.748047 0.073242 0.173828
0 0.026367 0.856445 0.052734 0.057617
