0 0.474609 0.976562 0.076172 0.046875
0 0.124023 0.199219 0.212891 0.123047
0 0.725586 0.708984 0.077148 0.076172
0 0.959961 0.891602 0.079102 0.139648
0 0.439453 0.250977 0.173828 0.068359
0 0.414062 0.066406 0.100586 0.066406
0 0.993164 0.020508 0.013672 0.041016
0 0.626953 0.90625 0.112305 0.043945
0 0.033203 0.927734 0.066406 0.085938
0 0.355469 0.365234 0.107422 0.100586
0 0.976562 0.37207 0.046875 0.087891
0 0.879883 0.026367 0.09082 0.053711
0 0.547852 0.060547 0.102539 0.121094
0 0.614258 0.755859 0.100586 0.125977
0 0.061523 0.020508 0.123047 0.041016
0 0.28125 0.833984 0.238281 0.075195
0 0.55957 0.669922 0.146484 0.089844
0 0.331055 0.581055 0.167969 0.066406
0 0.270508 0.418945 0.155273 0.095703
0 0.796875 0.851562 0.075195 0.061523
0 0.334961 0.101562 0.166992 0.106445
0 0.94043 0.047852 0.119141 0.09668
0 0.457031 0.605469 0.141602 0.067383
0 0.055664 0.213867 0.083984 0.157227
0 0.738281 0.1875 0.09082 0.139648
0 0.806641 0.581055 0.087891 0.09082
0 0.072266 0.441406 0.068359 0.177734
0 0.311523 0.763672 0.130859 0.087891
0 0.610352 0.887695 0.123047 0.047852
0 0.498047 0.866211 0.075195 0.058594
0 0.335938 0.827148 0.164062 0.058594
0 0.630859 0.777344 0.197266 0.075195
0 0.639648 0.802734 0.129883 0.061523
0 0.65625 0.712891 0.0625 0.070312
0 0.455078 0.515625 0.19043 0.107422
0 0.048828 0.429688 0.095703 0.210938
0 0.053711 0.359375 0.105469 0.069336
0 0.339844 0.291016 0.258789 0.135742
0 0.28418 0.19043 0.213867 0.130859
0 0.602539 0.274414 0.129883 0.045898
0 0.470703 0.035156 0.056641 0.070312
